Run Number,Event Number,Plot Time (Time axis of TAPlot),Detector Time (detectors internal clock),OfficialTime (run time),CutsType0,CutsType1,CutsType2,Vertex Status,X,Y,Z,Number of Helices,Number of Tracks
68475,564577,0.054047,35222.545346,35222.652459,0, 0, 0, 0,-99.000000,-99.000000,-99.000000,-1,1
68475,564578,0.168723,35222.660020,35222.767135,0, 0, 0, 0,-99.000000,-99.000000,-99.000000,-1,1
68475,564579,0.191641,35222.682939,35222.790053,1, 0, 0, 1,-1.362517,-4.183079,-15.553704,-1,2
68475,564580,0.254795,35222.746092,35222.853206,0, 0, 0, 0,-99.000000,-99.000000,-99.000000,-1,1
68475,564581,0.351644,35222.842942,35222.950056,0, 0, 0, 0,-99.000000,-99.000000,-99.000000,-1,0
68475,564582,0.363958,35222.855256,35222.962370,1, 0, 0, 1,-1.232047,2.090790,4.632096,-1,2
68475,564583,0.468417,35222.959714,35223.066829,0, 0, 0, 0,-99.000000,-99.000000,-99.000000,-1,1
68475,564584,0.470898,35222.962195,35223.069310,0, 0, 0, 0,-99.000000,-99.000000,-99.000000,-1,1
68475,564585,0.479056,35222.970353,35223.077468,1, 0, 0, 1,-1.863634,3.018443,7.799973,-1,2
68475,564586,0.529160,35223.020457,35223.127572,0, 0, 0, 0,-99.000000,-99.000000,-99.000000,-1,1
68475,564587,0.688389,35223.179686,35223.286801,1, 0, 0, 1,7.407596,2.079793,-0.940302,-1,2
68475,564588,0.715134,35223.206431,35223.313546,1, 0, 0, 1,-4.974049,-1.024380,15.905271,-1,2
68475,564589,0.991578,35223.482874,35223.589989,1, 0, 0, 1,-0.945741,9.999999,-16.159292,-1,3
68475,564590,1.093965,35223.585260,35223.692376,0, 0, 0, 0,-99.000000,-99.000000,-99.000000,-1,1
68475,564591,1.234148,35223.725444,35223.832560,0, 0, 0, 0,-99.000000,-99.000000,-99.000000,-1,1
68475,564592,1.242513,35223.733809,35223.840925,0, 0, 0, 0,-99.000000,-99.000000,-99.000000,-1,0
68475,564593,1.332380,35223.823676,35223.930792,0, 0, 0, 0,-99.000000,-99.000000,-99.000000,-1,1
68475,564594,1.335303,35223.826599,35223.933715,1, 0, 0, 1,-11.126343,6.930074,17.672069,-1,2
68475,564595,1.378279,35223.869575,35223.976691,1, 0, 0, 1,7.031470,-3.455435,-11.979531,-1,2
68475,564596,1.510122,35224.001417,35224.108534,1, 0, 0, 1,-7.754017,-0.878217,-16.415090,-1,2
68475,564597,1.637291,35224.128586,35224.235703,1, 0, 0, 1,-2.450846,4.035254,-9.926443,-1,2
68475,564598,1.685028,35224.176323,35224.283440,0, 0, 0, 0,-99.000000,-99.000000,-99.000000,-1,0
68475,564599,1.824216,35224.315510,35224.422628,1, 0, 0, 1,-11.321229,-3.220585,-10.347038,-1,2
68475,564600,2.162519,35224.653813,35224.760931,1, 0, 0, 1,-1.758495,-2.180690,-11.187244,-1,2
68475,564601,2.204196,35224.695490,35224.802608,1, 0, 0, 1,-6.977028,-5.454710,-14.709678,-1,2
68475,564602,2.211410,35224.702704,35224.809822,1, 0, 0, 1,-1.099950,-3.645401,15.553839,-1,2
68475,564603,2.414422,35224.905715,35225.012834,1, 0, 0, 1,1.017933,2.346909,11.965208,-1,2
68475,564604,2.515486,35225.006779,35225.113898,0, 0, 0, 0,-99.000000,-99.000000,-99.000000,-1,1
68475,564605,2.517759,35225.009052,35225.116171,1, 0, 0, 1,1.968787,-4.480088,-10.609231,-1,2
68475,564606,2.760086,35225.251379,35225.358498,1, 0, 0, 1,-6.002254,-7.455973,-2.869934,-1,3
68475,564607,2.769983,35225.261276,35225.368395,1, 0, 0, 1,4.223171,7.491951,18.881445,-1,2
68475,564608,2.831509,35225.322801,35225.429921,1, 0, 0, 1,3.775258,5.346729,12.956062,-1,2
68475,564609,2.954236,35225.445528,35225.552648,0, 0, 0, 0,-99.000000,-99.000000,-99.000000,-1,1
68475,564610,3.154296,35225.645588,35225.752708,1, 0, 0, 1,-1.690414,-3.230469,1.972646,-1,2
68475,564611,3.206731,35225.698023,35225.805143,1, 0, 0, 1,-1.196169,5.462726,-12.782821,-1,2
68475,564612,3.390526,35225.881817,35225.988938,1, 0, 0, 1,-1.784491,-6.569898,4.716944,-1,2
68475,564613,3.400742,35225.892033,35225.999154,1, 0, 0, 1,0.667300,0.002339,-4.002414,-1,2
68475,564614,3.408649,35225.899940,35226.007061,0, 0, 0, 0,-99.000000,-99.000000,-99.000000,-1,1
68475,564615,3.551058,35226.042349,35226.149470,0, 0, 0, 0,-99.000000,-99.000000,-99.000000,-1,0
68475,564616,3.551117,35226.042408,35226.149529,0, 0, 0, 0,-99.000000,-99.000000,-99.000000,-1,0
68475,564617,3.551183,35226.042474,35226.149595,0, 0, 0, 0,-99.000000,-99.000000,-99.000000,-1,0
68475,564618,3.551289,35226.042580,35226.149701,0, 0, 0, 0,-99.000000,-99.000000,-99.000000,-1,0
68475,564619,3.551851,35226.043142,35226.150263,0, 0, 0, 0,-99.000000,-99.000000,-99.000000,-1,1
68475,564620,3.782738,35226.274029,35226.381150,0, 0, 0, 0,-99.000000,-99.000000,-99.000000,-1,1
68475,564621,3.906373,35226.397663,35226.504785,1, 0, 0, 1,1.416093,-8.047041,-12.391941,-1,2
68475,564622,3.982879,35226.474169,35226.581291,1, 0, 0, 1,1.822991,-1.707365,1.580971,-1,2
68475,564623,3.997799,35226.489089,35226.596211,1, 0, 0, 1,7.853464,2.604382,10.149312,-1,2
68475,564624,4.249953,35226.741242,35226.848365,1, 0, 0, 1,6.267811,-3.651262,19.498058,-1,2
68475,564625,4.671892,35227.163181,35227.270304,1, 0, 0, 1,7.873165,-1.436225,11.091515,-1,2
68475,564626,4.997513,35227.488801,35227.595925,0, 0, 0, 0,-99.000000,-99.000000,-99.000000,-1,1
68475,564627,5.147225,35227.638513,35227.745637,1, 0, 0, 1,-7.864131,1.705536,-5.137096,-1,2
68475,564628,5.371463,35227.862750,35227.969875,1, 0, 0, 1,-0.385074,4.177493,12.347821,-1,2
68475,564629,5.457954,35227.949241,35228.056366,1, 0, 0, 1,-5.680432,-0.561033,3.873567,-1,2
68475,564630,5.750853,35228.242140,35228.349265,1, 0, 0, 1,8.056617,4.819700,19.632432,-1,3
68475,564631,5.877640,35228.368926,35228.476051,1, 0, 0, 1,4.977649,-0.068773,19.584653,-1,2
68475,564632,5.951709,35228.442994,35228.550120,0, 0, 0, 0,-99.000000,-99.000000,-99.000000,-1,1
68475,564633,6.043210,35228.534496,35228.641622,1, 0, 0, 1,-8.392870,0.667378,-4.214704,-1,2
68475,564634,6.061302,35228.552588,35228.659714,1, 0, 0, 1,3.909710,-5.469225,15.486351,-1,2
68475,564635,6.502693,35228.993978,35229.101105,1, 0, 0, 1,2.438869,6.218948,3.079401,-1,2
68475,564636,6.818006,35229.309291,35229.416418,0, 0, 0, 0,-99.000000,-99.000000,-99.000000,-1,1
68475,564637,6.910420,35229.401704,35229.508832,1, 0, 0, 1,-0.806456,-1.024152,-6.766045,-1,2
68475,564638,7.108174,35229.599458,35229.706586,1, 0, 0, 1,-5.068289,1.474084,13.913593,-1,3
68475,564639,7.200909,35229.692192,35229.799320,1, 0, 0, 1,1.207868,0.498326,12.345186,-1,2
68475,564640,7.326942,35229.818225,35229.925354,1, 0, 0, 1,-0.566842,0.787465,-14.585321,-1,2
68475,564641,7.566179,35230.057461,35230.164591,1, 0, 0, 1,-8.034972,6.628191,1.778970,-1,2
68475,564642,7.706634,35230.197917,35230.305046,1, 0, 0, 1,-1.829673,0.666468,-3.707453,-1,2
68475,564643,7.859148,35230.350430,35230.457560,1, 0, 0, 1,1.197934,-3.872524,14.790631,-1,2
68475,564644,7.879309,35230.370591,35230.477721,0, 0, 0, 0,-99.000000,-99.000000,-99.000000,-1,1
68475,564645,7.924000,35230.415282,35230.522412,1, 0, 0, 1,-0.582444,-3.648422,15.766252,-1,2
68475,564646,7.949865,35230.441147,35230.548277,0, 0, 0, 0,-99.000000,-99.000000,-99.000000,-1,1
68475,564647,8.159157,35230.650438,35230.757569,1, 0, 0, 1,-2.932068,0.284215,-1.957958,-1,2
68475,565390,0.046063,35307.863147,35307.970435,0, 0, 0, 0,-99.000000,-99.000000,-99.000000,-1,1
68475,565391,0.183410,35308.000494,35308.107782,1, 0, 0, 1,4.814750,0.113529,3.530299,-1,2
68475,565392,0.391426,35308.208510,35308.315798,1, 0, 0, 1,0.088973,2.368702,-1.025759,-1,2
68475,565393,0.395527,35308.212610,35308.319898,0, 0, 0, 0,-99.000000,-99.000000,-99.000000,-1,0
68475,565394,0.423532,35308.240615,35308.347904,0, 0, 0, 0,-99.000000,-99.000000,-99.000000,-1,0
68475,565395,0.539710,35308.356793,35308.464082,1, 0, 0, 1,4.626257,-8.946978,9.733129,-1,2
68475,565396,0.697685,35308.514768,35308.622057,1, 0, 0, 1,5.553393,-3.150905,-13.169974,-1,2
68475,565397,0.774023,35308.591106,35308.698395,1, 0, 0, 1,3.188352,3.383833,-18.498310,-1,2
68475,565398,0.841941,35308.659023,35308.766313,1, 0, 0, 1,-9.999843,3.396670,5.274730,-1,3
68475,565399,0.878941,35308.696024,35308.803313,0, 0, 0, 0,-99.000000,-99.000000,-99.000000,-1,0
68475,565400,1.070125,35308.887207,35308.994497,0, 0, 0, 0,-99.000000,-99.000000,-99.000000,-1,1
68475,565401,1.121946,35308.939028,35309.046318,1, 0, 0, 1,-2.621660,1.366741,14.183325,-1,2
68475,565402,1.202331,35309.019413,35309.126703,1, 0, 0, 1,-1.185175,2.441928,8.915401,-1,2
68475,565403,1.249046,35309.066128,35309.173418,0, 0, 0, 0,-99.000000,-99.000000,-99.000000,-1,1
68475,565404,1.310085,35309.127167,35309.234457,1, 0, 0, 1,6.269076,1.993958,-6.716838,-1,2
68475,565405,1.318595,35309.135677,35309.242967,1, 0, 0, 1,4.069327,-4.455642,-19.843940,-1,2
68475,565406,1.367356,35309.184437,35309.291728,1, 0, 0, 1,-1.040259,-6.886218,-9.440453,-1,2
68475,565407,1.375598,35309.192679,35309.299970,0, 0, 0, 0,-99.000000,-99.000000,-99.000000,-1,0
68475,565408,1.504958,35309.322039,35309.429330,1, 0, 0, 1,-1.083624,-4.540690,-2.295926,-1,2
68475,565409,1.510392,35309.327473,35309.434764,1, 0, 0, 1,-6.818653,2.341741,-12.666844,-1,2
68475,565410,1.519976,35309.337057,35309.444348,1, 0, 0, 1,-5.881746,-12.607705,-15.112239,-1,2
68475,565411,1.780666,35309.597746,35309.705038,1, 0, 0, 1,1.754605,-3.378242,-3.936803,-1,2
68475,565412,1.830098,35309.647179,35309.754470,1, 0, 0, 1,-2.651099,3.878839,11.031455,-1,2
68475,565413,1.955987,35309.773067,35309.880359,1, 0, 0, 1,6.529064,-5.660563,6.518268,-1,2
68475,565414,2.127774,35309.944853,35310.052145,1, 0, 0, 1,-7.117445,4.953205,7.110702,-1,2
68475,565415,2.161314,35309.978394,35310.085686,1, 0, 0, 1,-0.985660,-10.903054,-17.696908,-1,2
68475,565416,2.345822,35310.162902,35310.270194,1, 0, 0, 1,4.023376,1.592630,-7.989127,-1,2
68475,565417,2.555055,35310.372134,35310.479427,1, 0, 0, 1,1.617806,5.638597,-9.139832,-1,2
68475,565418,2.706780,35310.523858,35310.631152,1, 0, 0, 1,-3.377814,5.443708,-14.119177,-1,2
68475,565419,2.872733,35310.689811,35310.797105,1, 0, 0, 1,-4.404087,-4.674605,-21.309216,-1,2
68475,565420,2.876095,35310.693174,35310.800467,0, 0, 0, 0,-99.000000,-99.000000,-99.000000,-1,1
68475,565421,2.914843,35310.731921,35310.839215,1, 0, 0, 1,-1.957780,-2.149822,-10.420437,-1,2
68475,565422,2.998869,35310.815947,35310.923241,1, 0, 0, 1,-3.511571,-5.261190,-12.964568,-1,2
68475,565423,3.126717,35310.943795,35311.051089,1, 0, 0, 1,1.182298,3.881921,-16.155984,-1,2
68475,565424,3.820895,35311.637971,35311.745267,0, 0, 0, 0,-99.000000,-99.000000,-99.000000,-1,1
68475,565425,3.856509,35311.673585,35311.780881,1, 0, 0, 1,0.922441,-7.697798,10.684816,-1,2
68475,565426,3.875031,35311.692107,35311.799403,1, 0, 0, 1,6.149202,-2.314596,-5.069530,-1,2
68475,565427,3.890279,35311.707355,35311.814650,0, 0, 0, 0,-99.000000,-99.000000,-99.000000,-1,1
68475,565428,3.897564,35311.714640,35311.821936,0, 0, 0, 0,-99.000000,-99.000000,-99.000000,-1,0
68475,565429,4.021171,35311.838247,35311.945543,1, 0, 0, 1,-2.165143,-9.436471,16.408903,-1,2
68475,565430,4.132239,35311.949314,35312.056611,1, 0, 0, 1,7.854560,-1.146291,17.174008,-1,2
68475,565431,4.230172,35312.047247,35312.154543,1, 0, 0, 1,2.378580,-1.114149,-0.973714,-1,2
68475,565432,4.427122,35312.244197,35312.351494,0, 0, 0, 0,-99.000000,-99.000000,-99.000000,-1,1
68475,565433,4.498935,35312.316010,35312.423307,1, 0, 0, 1,-0.431120,-5.955566,-0.348350,-1,3
68475,565434,4.608259,35312.425334,35312.532631,0, 0, 0, 0,-99.000000,-99.000000,-99.000000,-1,0
68475,565435,4.807291,35312.624365,35312.731663,1, 0, 0, 1,0.798513,-3.795239,-7.865284,-1,2
68475,565436,5.069049,35312.886123,35312.993421,0, 0, 0, 0,-99.000000,-99.000000,-99.000000,-1,0
68475,565437,5.159857,35312.976930,35313.084229,0, 0, 0, 0,-99.000000,-99.000000,-99.000000,-1,1
68475,565438,5.160812,35312.977885,35313.085184,1, 0, 0, 1,-1.074056,8.637387,-21.162886,-1,7
68475,565439,5.312788,35313.129861,35313.237159,0, 0, 0, 0,-99.000000,-99.000000,-99.000000,-1,1
68475,565440,5.436923,35313.253996,35313.361295,0, 0, 0, 0,-99.000000,-99.000000,-99.000000,-1,0
68475,565441,5.437264,35313.254337,35313.361636,1, 0, 0, 1,2.456906,-2.224176,14.682585,-1,2
68475,565442,5.482873,35313.299946,35313.407245,0, 0, 0, 0,-99.000000,-99.000000,-99.000000,-1,0
68475,565443,5.489986,35313.307059,35313.414358,1, 0, 0, 1,-2.191011,7.397786,-10.607162,-1,3
68475,565444,5.556463,35313.373535,35313.480834,0, 0, 0, 0,-99.000000,-99.000000,-99.000000,-1,0
68475,565445,5.611807,35313.428879,35313.536179,1, 0, 0, 1,5.309427,3.830814,13.471595,-1,2
68475,565446,5.690581,35313.507654,35313.614953,0, 0, 0, 0,-99.000000,-99.000000,-99.000000,-1,1
68475,565447,5.889080,35313.706152,35313.813452,1, 0, 0, 1,5.490793,-3.190558,-12.708945,-1,2
68475,565448,6.013038,35313.830110,35313.937410,1, 0, 0, 1,-3.801083,7.669135,-13.905256,-1,4
68475,565449,6.079892,35313.896963,35314.004264,1, 0, 0, 1,-3.400564,6.272337,-3.276872,-1,2
68475,565450,6.084621,35313.901693,35314.008993,1, 0, 0, 1,-0.804240,1.479509,-10.652453,-1,2
68475,565451,6.088200,35313.905272,35314.012572,1, 0, 0, 1,0.747832,3.721091,-10.811650,-1,2
68475,565452,6.142864,35313.959936,35314.067236,0, 0, 0, 0,-99.000000,-99.000000,-99.000000,-1,0
68475,565453,6.202984,35314.020056,35314.127356,1, 0, 0, 1,0.575095,-5.006535,8.170718,-1,2
68475,565454,6.278245,35314.095316,35314.202617,1, 0, 0, 1,-8.608091,-7.139880,16.898385,-1,3
68475,565455,6.389662,35314.206733,35314.314034,1, 0, 0, 1,-5.847954,8.945465,-20.711295,-1,2
68475,565456,6.392278,35314.209349,35314.316649,0, 0, 0, 0,-99.000000,-99.000000,-99.000000,-1,1
68475,565457,6.399393,35314.216464,35314.323765,1, 0, 0, 1,1.529558,8.519955,15.149831,-1,2
68475,565458,6.432822,35314.249893,35314.357194,0, 0, 0, 0,-99.000000,-99.000000,-99.000000,-1,1
68475,565459,6.507204,35314.324275,35314.431576,0, 0, 0, 0,-99.000000,-99.000000,-99.000000,-1,1
68475,565460,6.567391,35314.384461,35314.491763,1, 0, 0, 1,-2.048690,-7.359980,12.178313,-1,2
68475,565461,6.648423,35314.465494,35314.572795,1, 0, 0, 1,2.769126,1.816055,0.302798,-1,2
68475,565462,6.703760,35314.520831,35314.628132,0, 0, 0, 0,-99.000000,-99.000000,-99.000000,-1,1
68475,565463,6.807234,35314.624305,35314.731606,1, 0, 0, 1,3.937689,-3.460563,-11.227062,-1,2
68475,565464,6.855657,35314.672727,35314.780028,0, 0, 0, 0,-99.000000,-99.000000,-99.000000,-1,1
68475,565465,6.873184,35314.690254,35314.797556,0, 0, 0, 0,-99.000000,-99.000000,-99.000000,-1,0
68475,565466,6.899483,35314.716553,35314.823855,1, 0, 0, 1,7.775467,-2.148401,19.930366,-1,2
68475,565467,7.075130,35314.892200,35314.999502,1, 0, 0, 1,2.073197,-2.285049,-12.645672,-1,2
68475,565468,7.288918,35315.105987,35315.213290,1, 0, 0, 1,-3.959812,4.927290,6.549017,-1,2
68475,565469,7.356440,35315.173510,35315.280812,0, 0, 0, 0,-99.000000,-99.000000,-99.000000,-1,1
68475,565470,7.396191,35315.213260,35315.320563,0, 0, 0, 0,-99.000000,-99.000000,-99.000000,-1,0
68475,565471,7.451276,35315.268345,35315.375648,0, 0, 0, 0,-99.000000,-99.000000,-99.000000,-1,1
68475,565472,7.575906,35315.392974,35315.500278,1, 0, 0, 1,8.217727,3.424938,10.940453,-1,2
68475,565473,7.695644,35315.512712,35315.620015,0, 0, 0, 0,-99.000000,-99.000000,-99.000000,-1,1
68475,565474,8.043775,35315.860842,35315.968147,1, 0, 0, 1,-5.181790,-1.632658,13.494389,-1,2
68475,565475,8.106769,35315.923836,35316.031140,0, 0, 0, 0,-99.000000,-99.000000,-99.000000,-1,1
68475,565476,8.218254,35316.035321,35316.142626,0, 0, 0, 0,-99.000000,-99.000000,-99.000000,-1,1
68475,565477,8.504049,35316.321116,35316.428421,1, 0, 0, 1,4.464503,-1.016970,20.887303,-1,2
68475,565478,8.538258,35316.355325,35316.462630,0, 0, 0, 0,-99.000000,-99.000000,-99.000000,-1,0
68475,565479,8.769063,35316.586129,35316.693435,0, 0, 0, 0,-99.000000,-99.000000,-99.000000,-1,1
68475,565480,8.846268,35316.663334,35316.770640,1, 0, 0, 1,-5.286535,6.132902,6.500417,-1,2
68475,565481,8.962629,35316.779694,35316.887000,1, 0, 0, 1,-0.978147,-8.079929,13.494530,-1,2
68475,565482,9.013050,35316.830116,35316.937422,0, 0, 0, 0,-99.000000,-99.000000,-99.000000,-1,1
68475,565483,9.015727,35316.832793,35316.940099,0, 0, 0, 0,-99.000000,-99.000000,-99.000000,-1,1
68475,565484,9.178540,35316.995605,35317.102912,0, 0, 0, 0,-99.000000,-99.000000,-99.000000,-1,1
68475,565485,9.381978,35317.199043,35317.306350,0, 0, 0, 0,-99.000000,-99.000000,-99.000000,-1,0
68475,565486,9.631680,35317.448744,35317.556052,1, 0, 0, 1,1.120192,-2.228648,-11.990263,-1,2
68475,565487,9.634747,35317.451812,35317.559119,0, 0, 0, 0,-99.000000,-99.000000,-99.000000,-1,1
68475,565488,10.327610,35318.144673,35318.251981,0, 0, 0, 0,-99.000000,-99.000000,-99.000000,-1,0
68475,565489,10.606423,35318.423486,35318.530795,1, 0, 0, 1,-2.054851,7.680919,-12.986667,-1,2
68475,565490,10.778541,35318.595604,35318.702913,0, 0, 0, 0,-99.000000,-99.000000,-99.000000,-1,0
68475,565491,10.945232,35318.762294,35318.869604,0, 0, 0, 0,-99.000000,-99.000000,-99.000000,-1,1
68475,565492,10.995294,35318.812355,35318.919666,0, 0, 0, 0,-99.000000,-99.000000,-99.000000,-1,1
68475,565493,11.011807,35318.828868,35318.936178,0, 0, 0, 0,-99.000000,-99.000000,-99.000000,-1,1
68475,565494,11.031487,35318.848549,35318.955859,1, 0, 0, 1,8.337926,0.870949,0.597342,-1,2
68475,565495,11.198468,35319.015529,35319.122840,0, 0, 0, 0,-99.000000,-99.000000,-99.000000,-1,0
68475,565496,11.250712,35319.067773,35319.175084,1, 0, 0, 1,5.819674,-3.865520,-11.582886,-1,2
68475,565497,11.480405,35319.297466,35319.404777,0, 0, 0, 0,-99.000000,-99.000000,-99.000000,-1,1
68475,565498,11.713802,35319.530862,35319.638173,1, 0, 0, 1,-3.517828,0.401594,13.808419,-1,2
68475,565499,11.797659,35319.614719,35319.722031,1, 0, 0, 1,10.088599,0.057832,-12.865337,-1,2
68475,565500,11.842569,35319.659629,35319.766941,0, 0, 0, 0,-99.000000,-99.000000,-99.000000,-1,1
68475,565501,11.843986,35319.661046,35319.768358,1, 0, 0, 1,3.706118,-2.814194,-1.474381,-1,2
68475,565502,12.071202,35319.888261,35319.995574,0, 0, 0, 0,-99.000000,-99.000000,-99.000000,-1,1
68475,565503,12.071570,35319.888629,35319.995942,1, 0, 0, 1,-4.744374,6.470569,15.414002,-1,2
68475,565504,12.323433,35320.140492,35320.247805,1, 0, 0, 1,-4.853760,-3.905168,-7.905583,-1,2
68475,565505,12.413598,35320.230657,35320.337970,1, 0, 0, 1,-8.313792,-1.467475,-7.230723,-1,2
68475,565506,12.471142,35320.288200,35320.395513,1, 0, 0, 1,-4.671984,-5.298154,-21.924402,-1,2
68475,565507,12.737449,35320.554507,35320.661821,1, 0, 0, 1,0.863112,2.217093,11.023912,-1,2
68475,565508,12.745925,35320.562983,35320.670297,0, 0, 0, 0,-99.000000,-99.000000,-99.000000,-1,1
68475,565509,12.749600,35320.566658,35320.673972,1, 1, 0, 1,0.799589,0.490659,-1.664404,-1,2
68475,565510,12.954565,35320.771623,35320.878937,1, 0, 0, 1,-0.313659,-1.192310,-17.347660,-1,2
68475,565511,13.004813,35320.821871,35320.929185,1, 0, 0, 1,-2.743934,-5.012914,16.139786,-1,6
68475,565512,13.110505,35320.927562,35321.034877,1, 0, 0, 1,-7.102845,0.534006,-14.058401,-1,2
68475,565513,13.342791,35321.159848,35321.267163,0, 0, 0, 0,-99.000000,-99.000000,-99.000000,-1,1
68475,565514,13.502265,35321.319322,35321.426637,0, 0, 0, 0,-99.000000,-99.000000,-99.000000,-1,1
68475,565515,13.717088,35321.534145,35321.641460,1, 0, 0, 1,3.524635,-7.873244,18.190013,-1,2
68475,565516,13.784881,35321.601937,35321.709253,1, 0, 0, 1,1.954714,4.434457,-13.642490,-1,2
68475,565517,13.787162,35321.604218,35321.711534,1, 0, 0, 1,-3.163790,-2.848635,17.637770,-1,2
68475,565518,13.807455,35321.624511,35321.731827,1, 0, 0, 1,-8.009030,3.708463,6.908786,-1,3
68475,565519,13.898441,35321.715496,35321.822812,1, 0, 0, 1,-4.568927,1.039225,16.085506,-1,2
68475,565520,13.924102,35321.741158,35321.848474,1, 0, 0, 1,-2.054811,2.855642,-17.564586,-1,2
68475,565521,14.040073,35321.857129,35321.964445,0, 0, 0, 0,-99.000000,-99.000000,-99.000000,-1,0
68475,565522,14.042479,35321.859534,35321.966851,1, 0, 0, 1,3.173002,0.886249,-13.999624,-1,2
68475,565523,14.061027,35321.878083,35321.985399,1, 0, 0, 1,-3.887967,9.868143,15.659394,-1,2
68475,565524,14.070507,35321.887563,35321.994879,1, 0, 0, 1,-3.034535,-6.950347,-22.792427,-1,2
68475,565525,14.119198,35321.936253,35322.043570,0, 0, 0, 0,-99.000000,-99.000000,-99.000000,-1,1
68475,565526,14.165657,35321.982712,35322.090029,1, 0, 0, 1,7.553730,-3.825867,0.163204,-1,2
68475,565527,14.222648,35322.039703,35322.147020,1, 0, 0, 1,-1.419057,-7.481560,-1.444647,-1,2
68475,565528,14.255443,35322.072498,35322.179815,1, 0, 0, 1,-1.917354,1.884123,-11.815700,-1,2
68475,565529,14.418181,35322.235236,35322.342553,1, 0, 0, 1,-1.434541,-5.702501,3.181087,-1,2
68475,565530,14.600168,35322.417222,35322.524540,1, 0, 0, 1,-1.256465,-8.212825,-10.144110,-1,2
68475,565531,14.689222,35322.506277,35322.613594,0, 0, 0, 0,-99.000000,-99.000000,-99.000000,-1,1
68475,565532,14.779685,35322.596739,35322.704057,0, 0, 0, 0,-99.000000,-99.000000,-99.000000,-1,0
68475,565533,15.080037,35322.897090,35323.004409,1, 0, 0, 1,-4.459177,-1.178575,-10.033588,-1,2
68475,565534,15.139363,35322.956416,35323.063735,0, 0, 0, 0,-99.000000,-99.000000,-99.000000,-1,1
68475,565535,15.218408,35323.035462,35323.142780,1, 0, 0, 1,5.619062,-5.450007,13.468281,-1,2
68475,565536,15.272037,35323.089090,35323.196409,1, 0, 0, 1,-4.963840,3.535118,-7.415304,-1,2
68475,565537,15.299038,35323.116091,35323.223410,1, 0, 0, 1,-8.040651,0.387353,-7.284321,-1,2
68475,565538,15.434492,35323.251545,35323.358864,1, 0, 0, 1,-6.116033,-5.186927,5.875043,-1,2
68475,565539,15.506199,35323.323251,35323.430571,0, 0, 0, 0,-99.000000,-99.000000,-99.000000,-1,0
68475,565540,15.780906,35323.597958,35323.705278,1, 0, 0, 1,-2.037505,-7.298214,15.749180,-1,2
68475,565541,15.814541,35323.631593,35323.738913,0, 0, 0, 0,-99.000000,-99.000000,-99.000000,-1,1
68475,565542,15.860254,35323.677306,35323.784626,0, 0, 0, 0,-99.000000,-99.000000,-99.000000,-1,1
68475,565543,15.973822,35323.790874,35323.898194,1, 0, 0, 1,0.898941,9.954652,12.609840,-1,2
68475,565544,15.984142,35323.801193,35323.908513,0, 0, 0, 0,-99.000000,-99.000000,-99.000000,-1,1
68475,565545,16.146624,35323.963675,35324.070995,1, 0, 0, 1,-1.883124,-0.933416,12.933945,-1,2
68475,565546,16.147062,35323.964113,35324.071434,1, 0, 0, 1,-3.577691,-2.040108,2.184115,-1,2
68475,565547,16.225385,35324.042436,35324.149757,1, 0, 0, 1,-6.881125,2.368847,-6.025924,-1,2
68475,565548,16.335279,35324.152330,35324.259651,0, 0, 0, 0,-99.000000,-99.000000,-99.000000,-1,1
68475,565549,16.421590,35324.238640,35324.345961,1, 0, 0, 1,-3.145970,-7.598814,13.154607,-1,2
68475,565550,16.425624,35324.242674,35324.349996,1, 0, 0, 1,0.174307,-9.368675,14.698987,-1,2
68475,565551,16.441638,35324.258688,35324.366010,1, 0, 0, 1,-3.143008,5.799867,-13.110568,-1,2
68475,565552,16.589268,35324.406318,35324.513640,1, 0, 0, 1,-2.234362,-3.890689,6.131832,-1,2
68475,565553,16.625616,35324.442666,35324.549988,1, 0, 0, 1,-8.531592,1.388329,-3.028628,-1,2
68475,565554,16.834940,35324.651989,35324.759311,0, 0, 0, 0,-99.000000,-99.000000,-99.000000,-1,0
68475,565555,16.902139,35324.719189,35324.826511,1, 0, 0, 1,-4.186898,9.070351,10.337096,-1,3
68475,565556,16.937864,35324.754913,35324.862236,1, 0, 0, 1,4.313244,0.309769,-6.129647,-1,2
68475,565557,17.083209,35324.900258,35325.007581,1, 0, 0, 1,4.427944,-1.537137,-19.064854,-1,2
68475,565558,17.157387,35324.974436,35325.081759,1, 0, 0, 1,-3.452940,-7.474467,-13.870159,-1,2
68475,565559,17.266572,35325.083621,35325.190944,1, 0, 0, 1,7.462225,-1.867319,19.338367,-1,2
68475,565560,17.293362,35325.110411,35325.217734,1, 0, 0, 1,-6.903613,-6.692665,16.740599,-1,2
68475,565561,17.331725,35325.148774,35325.256097,1, 0, 0, 1,1.289171,-0.828332,10.027910,-1,2
68475,565562,17.549520,35325.366568,35325.473892,1, 0, 0, 1,-1.598407,-3.391561,13.751350,-1,2
68475,565563,17.727993,35325.545041,35325.652365,1, 0, 0, 1,3.469581,-3.826054,-17.923672,-1,2
68475,565564,17.761026,35325.578074,35325.685398,1, 0, 0, 1,3.865787,1.069000,-10.238210,-1,2
68475,565565,17.805540,35325.622588,35325.729912,1, 0, 0, 1,-4.284818,-1.800548,0.137380,-1,2
68475,565566,17.854835,35325.671882,35325.779207,1, 0, 0, 1,0.377354,-8.048854,20.574210,-1,2
68475,565567,17.901444,35325.718492,35325.825816,0, 0, 0, 0,-99.000000,-99.000000,-99.000000,-1,1
68475,565568,17.978618,35325.795666,35325.902990,1, 0, 0, 1,-3.220453,2.350452,-4.804754,-1,2
68475,565569,18.098853,35325.915900,35326.023225,0, 0, 0, 0,-99.000000,-99.000000,-99.000000,-1,0
68475,565570,18.108251,35325.925299,35326.032623,0, 0, 0, 0,-99.000000,-99.000000,-99.000000,-1,0
68475,565571,18.321959,35326.139006,35326.246331,1, 0, 0, 1,-0.999012,-7.753081,0.085083,-1,2
68475,565572,18.527024,35326.344070,35326.451396,0, 0, 0, 0,-99.000000,-99.000000,-99.000000,-1,1
68475,565573,18.629940,35326.446986,35326.554312,0, 0, 0, 0,-99.000000,-99.000000,-99.000000,-1,1
68475,565574,18.666907,35326.483953,35326.591279,1, 0, 0, 1,-1.928818,-1.896971,-12.079168,-1,2
68475,565575,18.671284,35326.488330,35326.595656,1, 0, 0, 1,3.708138,7.963000,-18.607445,-1,2
68475,565576,18.671689,35326.488735,35326.596061,1, 0, 0, 1,-1.022790,-2.349460,20.927202,-1,2
68475,565577,18.770523,35326.587569,35326.694895,1, 0, 0, 1,-0.408290,-1.208409,-11.235054,-1,2
68475,565578,19.204144,35327.021189,35327.128516,1, 0, 0, 1,7.328268,-4.306510,11.827825,-1,2
68475,565579,19.323170,35327.140215,35327.247542,0, 0, 0, 0,-99.000000,-99.000000,-99.000000,-1,1
68475,565580,19.404412,35327.221457,35327.328784,1, 0, 0, 1,0.164610,3.115110,-12.985685,-1,2
68475,565581,19.451821,35327.268865,35327.376193,1, 0, 0, 1,-2.549843,2.465928,6.435103,-1,2
68475,565582,19.468878,35327.285923,35327.393250,1, 0, 0, 1,-3.280759,3.653183,-8.306449,-1,2
68475,565583,19.496866,35327.313910,35327.421238,0, 0, 0, 0,-99.000000,-99.000000,-99.000000,-1,1
68475,565584,19.798468,35327.615512,35327.722840,1, 0, 0, 1,0.343891,-3.106972,-18.920853,-1,2
68475,565585,20.226932,35328.043974,35328.151303,1, 0, 0, 1,-5.134249,5.509507,8.622245,-1,2
68475,565586,20.309789,35328.126832,35328.234161,1, 0, 0, 1,7.074345,1.327172,8.450209,-1,2
68475,565587,20.322177,35328.139220,35328.246549,0, 0, 0, 0,-99.000000,-99.000000,-99.000000,-1,1
68475,565588,20.366463,35328.183505,35328.290835,1, 0, 0, 1,2.480463,0.244686,-17.417367,-1,2
68475,565589,20.482882,35328.299924,35328.407253,0, 0, 0, 0,-99.000000,-99.000000,-99.000000,-1,1
68475,565590,20.485338,35328.302381,35328.409710,1, 0, 0, 1,-0.805691,5.770977,8.386044,-1,2
68475,565591,20.775242,35328.592284,35328.699614,1, 0, 0, 1,3.082936,2.555168,15.154008,-1,2
68475,565592,20.869406,35328.686448,35328.793778,1, 0, 0, 1,7.322657,-0.691147,4.851773,-1,2
68475,565593,20.881154,35328.698196,35328.805526,1, 0, 0, 1,-3.104867,-1.818980,0.270942,-1,2
68475,565594,20.905318,35328.722360,35328.829690,1, 0, 0, 1,-5.683529,-4.165244,2.776282,-1,2
68475,565595,20.987615,35328.804656,35328.911987,0, 0, 0, 0,-99.000000,-99.000000,-99.000000,-1,1
68475,565596,21.122858,35328.939899,35329.047230,1, 0, 0, 1,1.136333,0.911307,4.385553,-1,2
68475,565597,21.158244,35328.975285,35329.082616,0, 0, 0, 0,-99.000000,-99.000000,-99.000000,-1,1
68475,565598,21.168094,35328.985135,35329.092466,0, 0, 0, 0,-99.000000,-99.000000,-99.000000,-1,1
68475,565599,21.202185,35329.019226,35329.126557,1, 0, 0, 1,-7.552930,3.065875,-6.117727,-1,2
68475,565600,21.218106,35329.035147,35329.142478,1, 0, 0, 1,-4.384126,4.058283,-5.075436,-1,2
68475,565601,21.436800,35329.253840,35329.361172,1, 0, 0, 1,7.853793,-1.936625,14.121943,-1,2
68475,565602,21.442817,35329.259857,35329.367189,1, 0, 0, 1,7.612619,-0.186758,-14.166635,-1,2
68475,565603,21.486287,35329.303327,35329.410659,1, 0, 0, 1,-9.800889,-1.557838,7.659472,-1,2
68475,565604,21.529731,35329.346771,35329.454103,1, 0, 0, 1,-6.592274,-0.325901,-5.570872,-1,2
68475,565605,21.606449,35329.423489,35329.530821,1, 0, 0, 1,0.894313,10.323059,20.421195,-1,2
68475,565606,21.770817,35329.587857,35329.695189,1, 0, 0, 1,-0.496085,3.860309,-7.194917,-1,2
68475,565607,21.845884,35329.662924,35329.770256,1, 0, 0, 1,4.592175,5.570241,-12.063655,-1,2
68475,565608,21.897974,35329.715013,35329.822346,1, 0, 0, 1,5.380978,1.322362,3.381834,-1,2
68475,565609,21.927812,35329.744852,35329.852184,1, 0, 0, 1,7.377082,-3.291155,-1.622067,-1,2
68475,565610,22.274319,35330.091357,35330.198690,1, 0, 0, 1,0.036506,-8.621912,-3.138390,-1,2
68475,565611,22.293347,35330.110386,35330.217719,0, 0, 0, 0,-99.000000,-99.000000,-99.000000,-1,1
68475,565612,22.568284,35330.385322,35330.492656,1, 0, 0, 1,8.113846,3.934427,-0.864230,-1,2
68475,565613,22.574557,35330.391596,35330.498929,1, 0, 0, 1,-1.730411,0.450560,-3.196652,-1,2
68475,565614,22.702691,35330.519729,35330.627063,1, 0, 0, 1,2.762739,3.556209,-13.733203,-1,2
68475,565615,22.976784,35330.793821,35330.901155,1, 0, 0, 1,4.888193,-5.379471,13.153369,-1,2
68475,565616,23.075321,35330.892358,35330.999693,0, 0, 0, 0,-99.000000,-99.000000,-99.000000,-1,1
68475,565617,23.257372,35331.074409,35331.181744,0, 0, 0, 0,-99.000000,-99.000000,-99.000000,-1,1
68475,565618,23.508999,35331.326035,35331.433371,1, 0, 0, 1,3.528282,-2.791482,18.856447,-1,2
68475,565619,23.551896,35331.368933,35331.476268,1, 0, 0, 1,-8.737492,-6.192329,-16.782246,-1,2
68475,565620,23.558827,35331.375863,35331.483199,1, 0, 0, 1,3.937865,-1.416486,0.457058,-1,2
68475,565621,23.596067,35331.413103,35331.520439,1, 0, 0, 1,-4.077726,-7.112194,-1.094551,-1,4
68475,565622,23.669976,35331.487012,35331.594348,1, 0, 0, 1,0.787339,-7.000533,-8.241395,-1,2
68475,565623,23.898524,35331.715559,35331.822896,1, 0, 0, 1,-2.409360,3.194171,8.252813,-1,2
68475,565624,24.018509,35331.835545,35331.942881,0, 0, 0, 0,-99.000000,-99.000000,-99.000000,-1,1
68475,565625,24.102343,35331.919378,35332.026715,1, 1, 0, 1,-1.120494,2.301835,-18.881422,-1,6
68475,565626,24.547318,35332.364352,35332.471690,0, 0, 0, 0,-99.000000,-99.000000,-99.000000,-1,1
68475,565627,24.791138,35332.608171,35332.715509,1, 0, 0, 1,-8.165002,3.423757,-8.623609,-1,2
68475,565628,24.881667,35332.698701,35332.806039,1, 0, 0, 1,-0.423958,6.727326,3.572713,-1,2
68475,565629,25.170492,35332.987525,35333.094864,0, 0, 0, 0,-99.000000,-99.000000,-99.000000,-1,1
68475,565630,25.269225,35333.086258,35333.193597,0, 0, 0, 0,-99.000000,-99.000000,-99.000000,-1,1
68475,565631,25.321132,35333.138165,35333.245504,1, 0, 0, 1,-0.940083,5.615256,-4.382292,-1,2
68475,565632,25.413307,35333.230339,35333.337679,1, 0, 0, 1,-6.332136,1.046433,-15.833665,-1,2
68475,565633,25.433127,35333.250160,35333.357499,1, 0, 0, 1,2.242202,6.878454,-18.098783,-1,2
68475,565634,25.575014,35333.392046,35333.499386,1, 0, 0, 1,-0.007404,-0.002416,-15.169713,-1,2
68475,565635,25.669072,35333.486104,35333.593444,1, 0, 0, 1,5.040529,-7.687611,18.641223,-1,2
68475,565636,25.674749,35333.491780,35333.599120,0, 0, 0, 0,-99.000000,-99.000000,-99.000000,-1,1
68475,565637,25.739279,35333.556311,35333.663651,1, 0, 0, 1,2.516482,-3.504457,-15.995055,-1,2
68475,565638,25.893373,35333.710404,35333.817745,1, 0, 0, 1,-6.363821,-2.544690,-14.825099,-1,2
68475,565639,25.904967,35333.721999,35333.829339,0, 0, 0, 0,-99.000000,-99.000000,-99.000000,-1,1
68475,565640,26.017761,35333.834792,35333.942133,0, 0, 0, 0,-99.000000,-99.000000,-99.000000,-1,0
68475,565641,26.028907,35333.845938,35333.953278,1, 0, 0, 1,-5.278521,-4.724101,6.377767,-1,2
68475,565642,26.285518,35334.102548,35334.209890,0, 0, 0, 0,-99.000000,-99.000000,-99.000000,-1,0
68475,565643,26.696084,35334.513114,35334.620456,0, 0, 0, 0,-99.000000,-99.000000,-99.000000,-1,1
68475,565644,27.373940,35335.190968,35335.298312,1, 0, 0, 1,5.702109,-2.229822,-2.994112,-1,2
68475,565645,27.386061,35335.203089,35335.310433,0, 0, 0, 0,-99.000000,-99.000000,-99.000000,-1,0
68475,565646,27.720062,35335.537090,35335.644434,0, 0, 0, 0,-99.000000,-99.000000,-99.000000,-1,1
68475,565647,27.827528,35335.644556,35335.751900,0, 0, 0, 0,-99.000000,-99.000000,-99.000000,-1,1
68475,565648,27.877719,35335.694746,35335.802091,0, 0, 0, 0,-99.000000,-99.000000,-99.000000,-1,1
68475,565649,27.909430,35335.726457,35335.833802,1, 0, 0, 1,-2.166376,-7.921877,7.679545,-1,3
68475,565650,27.917920,35335.734948,35335.842292,1, 0, 0, 1,-7.898041,-1.862766,-5.322621,-1,2
68475,565651,27.948062,35335.765090,35335.872434,1, 0, 0, 1,1.798482,2.183459,1.889382,-1,2
68475,565652,27.980512,35335.797539,35335.904884,0, 0, 0, 0,-99.000000,-99.000000,-99.000000,-1,1
68475,565653,27.980812,35335.797840,35335.905184,1, 0, 0, 1,-4.932324,4.557494,-13.150341,-1,2
68475,565654,28.472460,35336.289486,35336.396832,1, 0, 0, 1,-0.917478,0.108976,-0.500048,-1,2
68475,565655,28.499294,35336.316320,35336.423666,1, 0, 0, 1,-1.774030,-0.459220,2.155130,-1,4
68475,565656,28.668057,35336.485083,35336.592429,0, 0, 0, 0,-99.000000,-99.000000,-99.000000,-1,0
68475,565657,28.805745,35336.622770,35336.730117,0, 0, 0, 0,-99.000000,-99.000000,-99.000000,-1,1
68475,565658,28.810013,35336.627038,35336.734385,0, 0, 0, 0,-99.000000,-99.000000,-99.000000,-1,1
68475,565659,28.965331,35336.782356,35336.889703,0, 0, 0, 0,-99.000000,-99.000000,-99.000000,-1,1
68475,565660,28.984670,35336.801696,35336.909042,0, 0, 0, 0,-99.000000,-99.000000,-99.000000,-1,1
68475,565661,29.008064,35336.825089,35336.932436,0, 0, 0, 0,-99.000000,-99.000000,-99.000000,-1,1
68475,565662,29.122088,35336.939113,35337.046460,0, 0, 0, 0,-99.000000,-99.000000,-99.000000,-1,0
68475,565663,29.183002,35337.000027,35337.107374,0, 0, 0, 0,-99.000000,-99.000000,-99.000000,-1,1
68475,565664,29.316012,35337.133036,35337.240384,0, 0, 0, 0,-99.000000,-99.000000,-99.000000,-1,1
68475,565665,29.326988,35337.144013,35337.251360,1, 0, 0, 1,-7.337804,1.890850,-3.692832,-1,2
68475,565666,29.439743,35337.256767,35337.364115,1, 0, 0, 1,7.681312,-0.957588,-12.413264,-1,2
68475,565667,29.489959,35337.306983,35337.414331,0, 0, 0, 0,-99.000000,-99.000000,-99.000000,-1,0
68475,565668,29.659967,35337.476991,35337.584339,1, 0, 0, 1,6.578825,-3.448041,0.032514,-1,2
68475,565669,29.683715,35337.500739,35337.608087,1, 0, 0, 1,7.279524,-2.724602,-1.971403,-1,2
68475,565670,29.706996,35337.524020,35337.631368,0, 0, 0, 0,-99.000000,-99.000000,-99.000000,-1,1
68475,565671,29.750486,35337.567509,35337.674858,0, 0, 0, 0,-99.000000,-99.000000,-99.000000,-1,0
68475,565672,29.825097,35337.642121,35337.749469,0, 0, 0, 0,-99.000000,-99.000000,-99.000000,-1,0
68475,565673,29.825283,35337.642307,35337.749655,0, 0, 0, 0,-99.000000,-99.000000,-99.000000,-1,0
68475,565674,29.827336,35337.644359,35337.751708,0, 0, 0, 0,-99.000000,-99.000000,-99.000000,-1,0
68475,565675,30.121291,35337.938314,35338.045663,0, 0, 0, 0,-99.000000,-99.000000,-99.000000,-1,0
68475,565676,30.259396,35338.076419,35338.183768,1, 0, 0, 1,1.927140,-4.152260,-19.277297,-1,2
68475,565677,30.274610,35338.091632,35338.198981,0, 0, 0, 0,-99.000000,-99.000000,-99.000000,-1,0
68475,565678,30.304550,35338.121572,35338.228922,1, 0, 0, 1,-0.360903,2.182222,3.717887,-1,2
68475,565679,30.314821,35338.131844,35338.239193,1, 0, 0, 1,-4.300744,6.895847,13.730049,-1,2
68475,565680,30.316085,35338.133107,35338.240456,0, 0, 0, 0,-99.000000,-99.000000,-99.000000,-1,1
68475,565681,30.502032,35338.319054,35338.426404,1, 0, 0, 1,-0.402427,4.509757,-2.820984,-1,2
68475,565682,30.740784,35338.557806,35338.665156,0, 0, 0, 0,-99.000000,-99.000000,-99.000000,-1,1
68475,565683,30.780450,35338.597472,35338.704822,0, 0, 0, 0,-99.000000,-99.000000,-99.000000,-1,1
68475,565684,30.787484,35338.604506,35338.711856,0, 0, 0, 0,-99.000000,-99.000000,-99.000000,-1,0
68475,565685,30.962413,35338.779434,35338.886785,0, 0, 0, 0,-99.000000,-99.000000,-99.000000,-1,1
68475,565686,30.971567,35338.788588,35338.895938,1, 0, 0, 1,1.883769,-6.470786,15.217651,-1,5
68475,565687,30.981453,35338.798474,35338.905825,1, 0, 0, 1,-1.295396,-5.942296,-19.577505,-1,2
68475,565688,31.052854,35338.869875,35338.977226,1, 0, 0, 1,-0.671035,8.729892,-9.184108,-1,2
68475,565689,31.244230,35339.061251,35339.168602,1, 0, 0, 1,4.849004,1.475350,-3.623831,-1,2
68475,565690,31.393603,35339.210624,35339.317975,1, 0, 0, 1,0.644882,4.789304,-19.671099,-1,2
68475,565691,31.418870,35339.235890,35339.343241,0, 0, 0, 0,-99.000000,-99.000000,-99.000000,-1,1
68475,565692,31.514348,35339.331368,35339.438720,1, 0, 0, 1,3.824320,7.026464,-9.841719,-1,2
68475,565693,31.643970,35339.460989,35339.568342,0, 0, 0, 0,-99.000000,-99.000000,-99.000000,-1,1
68475,565694,31.732602,35339.549622,35339.656974,1, 0, 0, 1,-2.679047,3.884169,20.079659,-1,2
68475,565695,31.752271,35339.569291,35339.676643,0, 0, 0, 0,-99.000000,-99.000000,-99.000000,-1,0
68475,565696,31.779930,35339.596949,35339.704302,1, 0, 0, 1,1.142114,-1.812807,-7.367649,-1,2
68475,565697,32.137197,35339.954215,35340.061568,1, 0, 0, 1,-0.146133,-1.344199,14.846356,-1,2
68475,565698,32.168597,35339.985616,35340.092969,0, 0, 0, 0,-99.000000,-99.000000,-99.000000,-1,1
68475,565699,32.315712,35340.132730,35340.240084,1, 0, 0, 1,4.080937,-2.353764,18.668383,-1,2
68475,565700,32.391360,35340.208378,35340.315732,1, 0, 0, 1,0.739914,-10.110277,-5.680099,-1,2
68475,565701,32.522286,35340.339304,35340.446658,1, 0, 0, 1,4.008439,-1.759422,6.050683,-1,2
68475,565702,32.538226,35340.355244,35340.462598,0, 0, 0, 0,-99.000000,-99.000000,-99.000000,-1,0
68475,565703,32.581599,35340.398617,35340.505971,1, 0, 0, 1,-2.804652,5.989656,8.491329,-1,2
68475,565704,32.842131,35340.659148,35340.766503,0, 0, 0, 0,-99.000000,-99.000000,-99.000000,-1,1
68475,565705,33.163521,35340.980538,35341.087893,0, 0, 0, 0,-99.000000,-99.000000,-99.000000,-1,1
68475,565706,33.336521,35341.153537,35341.260893,0, 0, 0, 0,-99.000000,-99.000000,-99.000000,-1,0
68475,565707,33.495233,35341.312249,35341.419605,0, 0, 0, 0,-99.000000,-99.000000,-99.000000,-1,1
68475,565708,33.531243,35341.348259,35341.455615,1, 0, 0, 1,8.086516,-4.479384,10.400010,-1,2
68475,565709,33.810546,35341.627561,35341.734918,1, 0, 0, 1,-3.376024,-5.896133,-5.564545,-1,2
68475,565710,33.859177,35341.676192,35341.783548,0, 0, 0, 0,-99.000000,-99.000000,-99.000000,-1,1
68475,565711,33.954007,35341.771022,35341.878379,1, 0, 0, 1,-7.942689,-10.158587,6.430216,-1,2
68475,565712,33.987213,35341.804228,35341.911585,0, 0, 0, 0,-99.000000,-99.000000,-99.000000,-1,1
68475,565713,34.056368,35341.873383,35341.980740,0, 0, 0, 0,-99.000000,-99.000000,-99.000000,-1,0
68475,565714,34.097350,35341.914365,35342.021722,1, 0, 0, 1,4.879149,3.204846,6.761713,-1,2
68475,565715,34.183103,35342.000117,35342.107475,0, 0, 0, 0,-99.000000,-99.000000,-99.000000,-1,0
68475,565716,34.186048,35342.003063,35342.110420,0, 0, 0, 0,-99.000000,-99.000000,-99.000000,-1,1
68475,565717,34.244280,35342.061295,35342.168652,0, 0, 0, 0,-99.000000,-99.000000,-99.000000,-1,0
68475,565718,34.448088,35342.265102,35342.372460,1, 0, 0, 1,5.079222,2.788145,12.847687,-1,2
68475,565719,34.467282,35342.284296,35342.391654,1, 0, 0, 1,6.091131,4.595471,-13.952069,-1,2
68475,565720,34.731840,35342.548854,35342.656212,0, 0, 0, 0,-99.000000,-99.000000,-99.000000,-1,1
68475,565721,35.035647,35342.852660,35342.960019,0, 0, 0, 0,-99.000000,-99.000000,-99.000000,-1,1
68475,565722,35.539301,35343.356313,35343.463673,1, 0, 0, 1,2.328535,-2.809754,18.845206,-1,2
68475,565723,35.551475,35343.368486,35343.475847,1, 0, 0, 1,0.078480,-8.852855,-6.160789,-1,2
68475,565724,35.686207,35343.503218,35343.610578,0, 0, 0, 0,-99.000000,-99.000000,-99.000000,-1,1
68475,565725,35.701150,35343.518162,35343.625522,1, 0, 0, 1,-7.101359,3.081648,-2.654279,-1,2
68475,565726,35.807607,35343.624619,35343.731979,1, 0, 0, 1,4.838362,0.759378,12.843821,-1,2
68475,565727,36.441819,35344.258829,35344.366191,1, 0, 0, 1,-7.410024,3.208524,2.500370,-1,2
68475,565728,36.537269,35344.354278,35344.461640,0, 0, 0, 0,-99.000000,-99.000000,-99.000000,-1,0
68475,565729,36.672386,35344.489395,35344.596758,1, 0, 0, 1,8.520877,2.638299,-0.356678,-1,2
68475,565730,36.731960,35344.548970,35344.656332,0, 0, 0, 0,-99.000000,-99.000000,-99.000000,-1,1
68475,565731,36.918914,35344.735923,35344.843286,1, 0, 0, 1,5.164045,5.045511,-15.538449,-1,2
68475,565732,36.925875,35344.742884,35344.850247,1, 1, 1, 1,-2.150225,0.462115,-7.738193,-1,3
68475,565733,37.131351,35344.948359,35345.055722,1, 0, 0, 1,4.503051,0.430040,0.349785,-1,2
68475,565734,37.158974,35344.975982,35345.083346,0, 0, 0, 0,-99.000000,-99.000000,-99.000000,-1,1
68475,565735,37.199390,35345.016398,35345.123761,0, 0, 0, 0,-99.000000,-99.000000,-99.000000,-1,1
68475,565736,37.372012,35345.189020,35345.296384,0, 0, 0, 0,-99.000000,-99.000000,-99.000000,-1,1
68475,565737,37.503726,35345.320734,35345.428098,1, 0, 0, 1,-0.975039,2.122754,-7.682525,-1,2
68475,565738,37.591436,35345.408444,35345.515808,0, 0, 0, 0,-99.000000,-99.000000,-99.000000,-1,1
68475,565739,37.609114,35345.426122,35345.533486,1, 0, 0, 1,-6.333846,0.079912,1.786866,-1,2
68475,565740,37.671567,35345.488574,35345.595938,0, 0, 0, 0,-99.000000,-99.000000,-99.000000,-1,1
68475,565741,37.882289,35345.699296,35345.806661,1, 0, 0, 1,7.754615,1.742105,15.127783,-1,2
68475,565742,37.976395,35345.793402,35345.900767,0, 0, 0, 0,-99.000000,-99.000000,-99.000000,-1,1
68475,565743,37.984987,35345.801993,35345.909358,0, 0, 0, 0,-99.000000,-99.000000,-99.000000,-1,1
68475,565744,38.045543,35345.862549,35345.969914,1, 0, 0, 1,-4.294069,-1.571284,-1.608504,-1,2
68475,565745,38.272093,35346.089099,35346.196465,1, 0, 0, 1,6.963774,-0.741015,18.756772,-1,2
68475,565746,38.289437,35346.106443,35346.213808,1, 0, 0, 1,-3.250299,-2.035441,-15.923541,-1,2
68475,565747,38.462626,35346.279632,35346.386998,1, 0, 0, 1,-3.077681,1.739185,-0.641092,-1,2
68475,565748,38.509946,35346.326952,35346.434318,0, 0, 0, 0,-99.000000,-99.000000,-99.000000,-1,1
68475,565749,38.591549,35346.408554,35346.515921,0, 0, 0, 0,-99.000000,-99.000000,-99.000000,-1,1
68475,565750,38.602617,35346.419623,35346.526989,1, 0, 0, 1,2.230725,-5.574046,-18.831365,-1,2
68475,565751,38.626412,35346.443417,35346.550784,0, 0, 0, 0,-99.000000,-99.000000,-99.000000,-1,1
68475,565752,38.701062,35346.518067,35346.625433,1, 0, 0, 1,5.322429,-3.081727,-13.570931,-1,2
68475,565753,38.825009,35346.642015,35346.749381,0, 0, 0, 0,-99.000000,-99.000000,-99.000000,-1,1
68475,565754,38.833494,35346.650499,35346.757866,1, 0, 0, 1,2.243057,5.979148,15.586805,-1,2
68475,565755,38.931730,35346.748735,35346.856102,1, 0, 0, 1,-9.999981,9.357615,1.866489,-1,6
68475,565756,38.950310,35346.767315,35346.874682,0, 0, 0, 0,-99.000000,-99.000000,-99.000000,-1,0
68475,565757,39.072485,35346.889489,35346.996857,1, 0, 0, 1,7.949770,0.221937,19.374646,-1,2
68475,565758,39.084152,35346.901157,35347.008524,1, 0, 0, 1,-4.323019,-1.930709,-12.643024,-1,2
68475,565759,39.126180,35346.943184,35347.050552,1, 0, 0, 1,-0.028820,2.190073,-5.307361,-1,2
68475,565760,39.153963,35346.970967,35347.078334,1, 0, 0, 1,-4.643665,-8.675484,15.674181,-1,2
68475,565761,39.306400,35347.123404,35347.230772,1, 0, 0, 1,3.129171,-7.976704,7.973550,-1,2
68475,565762,39.421595,35347.238599,35347.345967,1, 0, 0, 1,0.168312,-0.828858,-13.709204,-1,2
68475,565763,39.496773,35347.313777,35347.421145,0, 0, 0, 0,-99.000000,-99.000000,-99.000000,-1,1
68475,565764,39.912124,35347.729127,35347.836496,1, 0, 0, 1,-3.961722,-4.632218,-4.412864,-1,2
68475,565765,40.429449,35348.246451,35348.353821,1, 0, 0, 1,3.962699,6.612097,-12.728798,-1,2
68475,565766,40.550208,35348.367210,35348.474580,1, 0, 0, 1,-0.632283,12.105795,-3.855878,-1,2
68475,565767,40.659690,35348.476691,35348.584062,1, 0, 0, 1,-1.145553,1.645403,-0.741769,-1,2
68475,565768,41.081382,35348.898383,35349.005754,0, 0, 0, 0,-99.000000,-99.000000,-99.000000,-1,1
68475,565769,41.196851,35349.013851,35349.121223,0, 0, 0, 0,-99.000000,-99.000000,-99.000000,-1,0
68475,565770,41.260953,35349.077953,35349.185325,1, 0, 0, 1,0.942721,-4.656204,-8.884833,-1,2
68475,565771,41.272589,35349.089589,35349.196961,1, 0, 0, 1,-8.474541,-1.754943,11.639899,-1,2
68475,565772,41.377156,35349.194156,35349.301528,1, 0, 0, 1,3.693105,-7.191184,-1.598650,-1,2
68475,565773,41.739737,35349.556736,35349.664109,0, 0, 0, 0,-99.000000,-99.000000,-99.000000,-1,0
68475,565774,41.754786,35349.571785,35349.679158,0, 0, 0, 0,-99.000000,-99.000000,-99.000000,-1,0
68475,565775,41.792251,35349.609250,35349.716623,0, 0, 0, 0,-99.000000,-99.000000,-99.000000,-1,1
68475,565776,42.168734,35349.985732,35350.093106,0, 0, 0, 0,-99.000000,-99.000000,-99.000000,-1,1
68475,565777,42.221777,35350.038775,35350.146149,1, 0, 0, 1,5.183736,-17.098413,-19.316140,-1,2
68475,565778,42.237460,35350.054458,35350.161832,1, 1, 0, 1,1.512640,-1.054804,18.778201,-1,5
68475,565779,42.507261,35350.324258,35350.431633,1, 0, 0, 1,5.020182,5.012584,6.469774,-1,2
68475,565780,42.543601,35350.360599,35350.467973,0, 0, 0, 0,-99.000000,-99.000000,-99.000000,-1,1
68475,565781,42.841252,35350.658249,35350.765624,0, 0, 0, 0,-99.000000,-99.000000,-99.000000,-1,1
68475,565782,42.987801,35350.804797,35350.912172,0, 0, 0, 0,-99.000000,-99.000000,-99.000000,-1,1
68475,565783,43.162346,35350.979343,35351.086718,0, 0, 0, 0,-99.000000,-99.000000,-99.000000,-1,1
68475,565784,43.201217,35351.018213,35351.125589,1, 0, 0, 1,5.813388,-6.015515,-11.896968,-1,2
68475,565785,43.363531,35351.180526,35351.287903,1, 0, 0, 1,8.356905,-2.208861,-8.063029,-1,2
68475,565786,43.420746,35351.237742,35351.345118,1, 0, 0, 1,5.751595,-1.290156,-0.206221,-1,2
68475,565787,43.532795,35351.349790,35351.457167,0, 0, 0, 0,-99.000000,-99.000000,-99.000000,-1,1
68475,565788,43.899206,35351.716200,35351.823578,1, 0, 0, 1,5.311471,-2.339662,-13.268474,-1,2
68475,565789,43.941020,35351.758014,35351.865392,1, 0, 0, 1,-2.324837,-4.358945,-20.339955,-1,2
68475,565790,44.012696,35351.829690,35351.937068,1, 0, 0, 1,-0.830170,0.921368,14.066059,-1,2
68475,565791,44.076536,35351.893530,35352.000907,0, 0, 0, 0,-99.000000,-99.000000,-99.000000,-1,1
68475,565792,44.097642,35351.914637,35352.022014,1, 0, 0, 1,1.248768,0.102647,13.829912,-1,2
68475,565793,44.189940,35352.006934,35352.114312,1, 0, 0, 1,-6.636278,10.660967,14.946929,-1,2
68475,565794,44.201993,35352.018987,35352.126365,0, 0, 0, 0,-99.000000,-99.000000,-99.000000,-1,0
68475,565795,44.292325,35352.109319,35352.216697,1, 0, 0, 1,3.958658,6.410319,-1.240812,-1,2
68475,565796,44.397858,35352.214852,35352.322230,0, 0, 0, 0,-99.000000,-99.000000,-99.000000,-1,1
68475,565797,44.455194,35352.272187,35352.379566,1, 0, 0, 1,-5.794211,5.308244,3.695300,-1,2
68475,565798,44.536872,35352.353866,35352.461244,0, 0, 0, 0,-99.000000,-99.000000,-99.000000,-1,0
68475,565799,44.626137,35352.443130,35352.550509,1, 0, 0, 1,7.541734,0.723643,-6.458821,-1,2
68475,565800,44.681729,35352.498723,35352.606101,0, 0, 0, 0,-99.000000,-99.000000,-99.000000,-1,0
68475,565801,44.682125,35352.499118,35352.606497,0, 0, 0, 0,-99.000000,-99.000000,-99.000000,-1,1
68475,565802,45.106937,35352.923929,35353.031308,1, 0, 0, 1,2.544367,7.762943,10.359009,-1,2
68475,565803,45.207822,35353.024814,35353.132194,0, 0, 0, 0,-99.000000,-99.000000,-99.000000,-1,1
68475,565804,45.263957,35353.080949,35353.188329,1, 0, 0, 1,4.141132,-7.589375,17.058641,-1,2
68475,565805,45.460315,35353.277307,35353.384687,1, 0, 0, 1,-1.042562,-0.205078,-19.851228,-1,2
68475,565806,45.471844,35353.288836,35353.396216,1, 0, 0, 1,-2.434939,-12.335994,-22.238377,-1,2
68475,565807,45.508618,35353.325609,35353.432990,0, 0, 0, 0,-99.000000,-99.000000,-99.000000,-1,0
68475,565808,45.570955,35353.387947,35353.495327,0, 0, 0, 0,-99.000000,-99.000000,-99.000000,-1,1
68475,565809,45.776015,35353.593006,35353.700387,0, 0, 0, 0,-99.000000,-99.000000,-99.000000,-1,1
68475,565810,45.823033,35353.640024,35353.747405,1, 0, 0, 1,1.144777,-4.430791,4.984859,-1,2
68475,565811,45.988059,35353.805049,35353.912431,1, 0, 0, 1,1.685343,-2.257405,-19.622265,-1,2
68475,565812,46.150688,35353.967678,35354.075060,1, 0, 0, 1,-2.964931,3.614414,5.074111,-1,2
68475,565813,46.335228,35354.152217,35354.259600,0, 0, 0, 0,-99.000000,-99.000000,-99.000000,-1,0
68475,565814,46.365141,35354.182131,35354.289513,1, 0, 0, 1,-0.122740,-0.018905,0.314141,-1,2
68475,565815,46.425627,35354.242617,35354.349999,1, 0, 0, 1,2.579560,-1.207505,12.591950,-1,2
68475,565816,46.461490,35354.278480,35354.385862,1, 0, 0, 1,-1.880954,7.048753,-9.242823,-1,2
68475,565817,46.885596,35354.702584,35354.809968,1, 1, 0, 1,-0.386742,0.216607,16.834428,-1,3
68475,565818,46.921815,35354.738804,35354.846187,0, 0, 0, 0,-99.000000,-99.000000,-99.000000,-1,0
68475,565819,46.942890,35354.759878,35354.867261,0, 0, 0, 0,-99.000000,-99.000000,-99.000000,-1,1
68475,565820,47.047787,35354.864776,35354.972159,0, 0, 0, 0,-99.000000,-99.000000,-99.000000,-1,1
68475,565821,47.182748,35354.999736,35355.107120,1, 0, 0, 1,7.692120,-2.158697,6.335413,-1,2
68475,565822,47.209803,35355.026791,35355.134175,1, 0, 0, 1,1.961540,-2.066653,10.547758,-1,2
68475,565823,47.214265,35355.031253,35355.138637,0, 0, 0, 0,-99.000000,-99.000000,-99.000000,-1,1
68475,565824,47.376062,35355.193050,35355.300434,1, 0, 0, 1,4.987808,-3.245912,-0.187665,-1,2
68475,565825,47.585359,35355.402346,35355.509731,1, 0, 0, 1,-1.690336,-0.779512,12.035529,-1,2
68475,565826,47.644775,35355.461762,35355.569147,1, 0, 0, 1,5.018422,1.717144,-9.875917,-1,2
68475,565827,47.848618,35355.665604,35355.772990,1, 0, 0, 1,7.936400,-2.987255,9.980120,-1,2
68475,565828,47.971953,35355.788939,35355.896325,1, 0, 0, 1,-6.273486,-4.342886,17.369395,-1,2
68475,565829,48.081646,35355.898632,35356.006018,0, 0, 0, 0,-99.000000,-99.000000,-99.000000,-1,1
68475,565830,48.105949,35355.922935,35356.030321,1, 0, 0, 1,6.819089,5.818284,3.769519,-1,2
68475,565831,49.101195,35356.918179,35357.025567,0, 0, 0, 0,-99.000000,-99.000000,-99.000000,-1,0
68475,565832,49.121971,35356.938955,35357.046343,1, 0, 0, 1,-5.537403,4.456879,2.600192,-1,2
68475,565833,49.178663,35356.995647,35357.103035,1, 0, 0, 1,-0.278994,-5.503488,18.949500,-1,2
68475,565834,49.447484,35357.264468,35357.371856,0, 0, 0, 0,-99.000000,-99.000000,-99.000000,-1,0
68475,565835,49.811621,35357.628604,35357.735993,1, 0, 0, 1,-6.126990,-2.604072,17.674343,-1,2
68475,565836,49.885972,35357.702954,35357.810343,0, 0, 0, 0,-99.000000,-99.000000,-99.000000,-1,1
68475,565837,49.905176,35357.722159,35357.829548,1, 0, 0, 1,-2.208514,8.487902,16.134905,-1,2
68475,565838,50.009994,35357.826976,35357.934366,1, 0, 0, 1,0.216225,-3.502338,-4.012130,-1,2
68475,565839,50.125624,35357.942606,35358.049996,1, 0, 0, 1,-0.422153,1.824274,-10.489652,-1,2
68475,565840,50.379585,35358.196567,35358.303957,0, 0, 0, 0,-99.000000,-99.000000,-99.000000,-1,1
68475,565841,50.504447,35358.321428,35358.428819,1, 0, 0, 1,0.937607,7.445081,9.772429,-1,2
68475,565842,50.617780,35358.434761,35358.542152,1, 0, 0, 1,1.368886,-0.965843,-17.112699,-1,2
68475,565843,50.683808,35358.500788,35358.608179,0, 0, 0, 0,-99.000000,-99.000000,-99.000000,-1,0
68475,565844,50.941113,35358.758094,35358.865485,0, 0, 0, 0,-99.000000,-99.000000,-99.000000,-1,0
68475,565845,50.947719,35358.764699,35358.872091,1, 0, 0, 1,2.568142,5.635799,5.926172,-1,2
68475,565846,51.220241,35359.037221,35359.144613,0, 0, 0, 0,-99.000000,-99.000000,-99.000000,-1,1
68475,565847,51.265472,35359.082452,35359.189844,1, 0, 0, 1,1.771361,10.717834,8.929887,-1,2
68475,565848,51.329928,35359.146907,35359.254300,1, 0, 0, 1,-0.003991,-10.863255,-8.971715,-1,2
68475,565849,51.349699,35359.166678,35359.274071,0, 0, 0, 0,-99.000000,-99.000000,-99.000000,-1,1
68475,565850,51.539068,35359.356047,35359.463440,1, 0, 0, 1,-5.012482,-1.151153,-18.594774,-1,2
68475,565851,51.712283,35359.529262,35359.636655,0, 0, 0, 0,-99.000000,-99.000000,-99.000000,-1,1
68475,565852,51.722662,35359.539641,35359.647034,1, 0, 0, 1,-0.681146,4.794520,14.998006,-1,2
68475,565853,51.733961,35359.550940,35359.658333,1, 0, 0, 1,-5.921078,0.012630,9.637625,-1,2
68475,565854,51.910988,35359.727967,35359.835360,1, 0, 0, 1,4.131569,1.155302,8.541620,-1,2
68475,565855,51.919408,35359.736386,35359.843780,0, 0, 0, 0,-99.000000,-99.000000,-99.000000,-1,1
68475,565856,52.062692,35359.879670,35359.987064,0, 0, 0, 0,-99.000000,-99.000000,-99.000000,-1,1
68475,565857,52.089357,35359.906335,35360.013729,1, 0, 0, 1,5.744934,4.034627,-11.854759,-1,2
68475,565858,52.174960,35359.991938,35360.099332,1, 0, 0, 1,3.623275,-6.088525,-20.073258,-1,2
68475,565859,52.204350,35360.021327,35360.128722,0, 0, 0, 0,-99.000000,-99.000000,-99.000000,-1,1
68475,565860,52.341578,35360.158556,35360.265950,1, 0, 0, 1,4.401047,4.680094,-6.021317,-1,2
68475,565861,52.342754,35360.159731,35360.267125,1, 0, 0, 1,-1.565936,0.550869,2.186114,-1,2
68475,565862,52.393889,35360.210866,35360.318260,1, 0, 0, 1,-5.618444,2.442115,-16.892051,-1,2
68475,565863,52.493079,35360.310056,35360.417450,1, 0, 0, 1,5.884064,-1.510862,-13.756048,-1,2
68475,565864,52.494209,35360.311187,35360.418581,0, 0, 0, 0,-99.000000,-99.000000,-99.000000,-1,1
68475,565865,52.610524,35360.427501,35360.534896,0, 0, 0, 0,-99.000000,-99.000000,-99.000000,-1,1
68475,565866,52.807248,35360.624225,35360.731620,1, 0, 0, 1,-1.896516,-2.277989,-12.774443,-1,2
68475,565867,53.020523,35360.837499,35360.944895,0, 0, 0, 0,-99.000000,-99.000000,-99.000000,-1,0
68475,565868,53.093147,35360.910123,35361.017519,0, 0, 0, 0,-99.000000,-99.000000,-99.000000,-1,0
68475,565869,53.275451,35361.092427,35361.199823,1, 0, 0, 1,7.210457,4.147483,-9.428311,-1,2
68475,565870,53.401013,35361.217988,35361.325384,0, 0, 0, 0,-99.000000,-99.000000,-99.000000,-1,1
68475,565871,53.407483,35361.224458,35361.331855,0, 0, 0, 0,-99.000000,-99.000000,-99.000000,-1,1
68475,565872,53.687515,35361.504490,35361.611887,1, 0, 0, 1,-2.871026,3.530016,10.333861,-1,2
68475,565873,53.694953,35361.511927,35361.619324,0, 0, 0, 0,-99.000000,-99.000000,-99.000000,-1,1
68475,565874,53.922673,35361.739648,35361.847045,1, 0, 0, 1,-1.901624,3.707234,13.305080,-1,2
68475,565875,54.111192,35361.928166,35362.035564,1, 0, 0, 1,-1.811136,7.059995,13.677306,-1,2
68475,565876,54.124145,35361.941119,35362.048517,0, 0, 0, 0,-99.000000,-99.000000,-99.000000,-1,1
68475,565877,54.190844,35362.007818,35362.115216,1, 0, 0, 1,5.866244,2.787731,-4.690602,-1,2
68475,565878,54.331423,35362.148396,35362.255795,1, 0, 0, 1,-4.809174,6.156174,-6.011608,-1,2
68475,565879,54.345115,35362.162088,35362.269487,0, 0, 0, 0,-99.000000,-99.000000,-99.000000,-1,1
68475,565880,54.367382,35362.184356,35362.291754,0, 0, 0, 0,-99.000000,-99.000000,-99.000000,-1,1
68475,565881,54.933493,35362.750466,35362.857865,1, 0, 0, 1,-3.070648,3.931377,-1.403589,-1,2
68475,565882,55.006502,35362.823474,35362.930874,1, 0, 0, 1,-4.576302,6.676128,2.987794,-1,5
68475,565883,55.034016,35362.850988,35362.958388,1, 0, 0, 1,-1.882612,-3.505229,-16.384472,-1,2
68475,565884,55.044912,35362.861884,35362.969284,1, 0, 0, 1,-5.674107,5.011247,21.802231,-1,2
68475,565885,55.078414,35362.895386,35363.002786,1, 0, 0, 1,-3.882073,2.408429,12.424437,-1,2
68475,565886,55.186933,35363.003905,35363.111305,1, 0, 0, 1,-1.663220,1.222109,-7.801313,-1,2
68475,565887,55.267580,35363.084552,35363.191952,1, 0, 0, 1,-2.017472,8.691798,16.920035,-1,2
68475,565888,55.488835,35363.305806,35363.413207,1, 0, 0, 1,-0.043202,2.552316,0.058049,-1,2
68475,565889,55.529656,35363.346627,35363.454028,0, 0, 0, 0,-99.000000,-99.000000,-99.000000,-1,1
68475,565890,55.591206,35363.408177,35363.515578,1, 0, 0, 1,-1.136566,8.078469,-1.816535,-1,2
68475,565891,55.613424,35363.430395,35363.537796,0, 0, 0, 0,-99.000000,-99.000000,-99.000000,-1,1
68475,565892,55.619977,35363.436947,35363.544348,1, 0, 0, 1,6.491947,-2.866262,7.042713,-1,2
68475,565893,55.684344,35363.501315,35363.608716,1, 0, 0, 1,7.730430,1.936855,1.945090,-1,2
68475,565894,55.703442,35363.520413,35363.627814,0, 0, 0, 0,-99.000000,-99.000000,-99.000000,-1,1
68475,565895,55.706541,35363.523512,35363.630913,0, 0, 0, 0,-99.000000,-99.000000,-99.000000,-1,0
68475,565896,55.778833,35363.595803,35363.703205,0, 0, 0, 0,-99.000000,-99.000000,-99.000000,-1,1
68475,565897,55.784169,35363.601140,35363.708541,1, 0, 0, 1,-1.022426,2.896418,-16.319338,-1,2
68475,565898,55.824873,35363.641843,35363.749245,0, 0, 0, 0,-99.000000,-99.000000,-99.000000,-1,1
68475,565899,55.840423,35363.657394,35363.764795,1, 0, 0, 1,7.887511,0.510100,-0.668375,-1,2
68475,565900,55.849887,35363.666857,35363.774259,1, 0, 0, 1,-2.900610,1.163070,-12.059372,-1,2
68475,565901,55.946473,35363.763443,35363.870845,0, 0, 0, 0,-99.000000,-99.000000,-99.000000,-1,1
68475,565902,56.103717,35363.920687,35364.028089,0, 0, 0, 0,-99.000000,-99.000000,-99.000000,-1,0
68475,565903,56.482179,35364.299148,35364.406551,1, 0, 0, 1,-1.433798,-3.632397,18.638762,-1,2
68475,565904,56.860507,35364.677476,35364.784879,1, 0, 0, 1,8.701637,-9.999981,13.645908,-1,3
68475,565905,56.891798,35364.708766,35364.816170,1, 0, 0, 1,0.112789,-0.991962,8.227511,-1,2
68475,565906,56.928839,35364.745807,35364.853211,1, 0, 0, 1,-2.987365,-7.376559,3.564820,-1,2
68475,565907,56.958626,35364.775594,35364.882998,1, 0, 0, 1,1.200081,-1.127235,21.353111,-1,2
68475,565908,56.958883,35364.775851,35364.883255,1, 0, 0, 1,-1.345501,4.575886,-7.644482,-1,2
68475,565909,57.123329,35364.940297,35365.047701,0, 0, 0, 0,-99.000000,-99.000000,-99.000000,-1,0
68475,565910,57.184460,35365.001428,35365.108832,0, 0, 0, 0,-99.000000,-99.000000,-99.000000,-1,1
68475,565911,57.453359,35365.270326,35365.377731,0, 0, 0, 0,-99.000000,-99.000000,-99.000000,-1,0
68475,565912,57.611748,35365.428715,35365.536120,1, 0, 0, 1,4.205413,-4.546355,-15.270690,-1,2
68475,565913,57.662356,35365.479323,35365.586728,1, 0, 0, 1,-3.436819,9.947040,4.951306,-1,2
68475,565914,57.733168,35365.550135,35365.657540,0, 0, 0, 0,-99.000000,-99.000000,-99.000000,-1,1
68475,565915,57.786301,35365.603268,35365.710673,0, 0, 0, 0,-99.000000,-99.000000,-99.000000,-1,1
68475,565916,57.871665,35365.688631,35365.796037,1, 0, 0, 1,5.131008,1.764320,18.360195,-1,2
68475,565917,57.964726,35365.781692,35365.889098,0, 0, 0, 0,-99.000000,-99.000000,-99.000000,-1,1
68475,565918,58.036073,35365.853039,35365.960445,1, 0, 0, 1,-2.150297,-3.247062,-0.784140,-1,2
68475,565919,58.141929,35365.958895,35366.066301,1, 0, 0, 1,0.324238,-9.063180,12.939202,-1,2
68475,565920,58.214227,35366.031193,35366.138599,1, 0, 0, 1,-3.958094,9.405683,-2.994875,-1,2
68475,565921,58.328203,35366.145169,35366.252575,1, 0, 0, 1,2.933615,-3.964304,15.130094,-1,3
68475,565922,58.379116,35366.196081,35366.303488,1, 0, 0, 1,-0.066432,-2.587139,13.152353,-1,2
68475,565923,58.501335,35366.318300,35366.425707,1, 0, 0, 1,-1.129567,1.566485,2.249489,-1,2
68475,565924,58.627777,35366.444742,35366.552149,0, 0, 0, 0,-99.000000,-99.000000,-99.000000,-1,1
68475,565925,58.665587,35366.482552,35366.589959,1, 0, 0, 1,6.384821,2.460217,-1.075052,-1,7
68475,565926,58.815855,35366.632820,35366.740227,0, 0, 0, 0,-99.000000,-99.000000,-99.000000,-1,1
68475,565927,58.881854,35366.698818,35366.806226,1, 0, 0, 1,7.651326,2.571439,2.289971,-1,2
68475,565928,59.029463,35366.846427,35366.953835,1, 0, 0, 1,-0.475167,-6.512207,19.022333,-1,2
68475,565929,59.157667,35366.974631,35367.082039,0, 0, 0, 0,-99.000000,-99.000000,-99.000000,-1,1
68475,565930,59.278816,35367.095780,35367.203188,0, 0, 0, 0,-99.000000,-99.000000,-99.000000,-1,0
68475,565931,59.315984,35367.132947,35367.240356,1, 0, 0, 1,-0.778978,-0.629481,20.475499,-1,2
68475,565932,59.322575,35367.139538,35367.246947,1, 0, 0, 1,4.568134,2.181148,-17.280510,-1,2
68475,565933,59.324784,35367.141747,35367.249156,1, 0, 0, 1,0.262843,-4.728232,9.100797,-1,2
68475,565934,59.345894,35367.162857,35367.270266,1, 0, 0, 1,5.098265,-5.672012,-18.463112,-1,2
68475,565935,59.389937,35367.206900,35367.314309,1, 0, 0, 1,0.153669,-8.283808,-13.976252,-1,4
68475,565936,59.493347,35367.310310,35367.417719,1, 0, 0, 1,5.603719,-1.927279,-0.664929,-1,2
68475,565937,59.512064,35367.329026,35367.436435,0, 0, 0, 0,-99.000000,-99.000000,-99.000000,-1,1
68475,565938,59.613801,35367.430764,35367.538173,0, 0, 0, 0,-99.000000,-99.000000,-99.000000,-1,0
68475,565939,59.773560,35367.590522,35367.697932,0, 0, 0, 0,-99.000000,-99.000000,-99.000000,-1,1
68475,565940,59.955234,35367.772196,35367.879606,1, 0, 0, 1,-0.611134,5.252590,-20.870925,-1,2
68475,565941,59.984438,35367.801400,35367.908810,1, 0, 0, 1,-7.094338,2.721360,15.838302,-1,2
68475,565942,60.002521,35367.819483,35367.926893,0, 0, 0, 0,-99.000000,-99.000000,-99.000000,-1,1
68475,565943,60.023543,35367.840505,35367.947915,0, 0, 0, 0,-99.000000,-99.000000,-99.000000,-1,1
68475,565944,60.153294,35367.970256,35368.077666,1, 0, 0, 1,2.944783,2.664490,-4.073286,-1,2
68475,565945,60.633162,35368.450122,35368.557534,0, 0, 0, 0,-99.000000,-99.000000,-99.000000,-1,1
68475,565946,60.658058,35368.475018,35368.582430,1, 0, 0, 1,-0.966360,4.058002,-11.183842,-1,2
68475,565947,60.691113,35368.508073,35368.615485,1, 0, 0, 1,2.003684,3.859118,18.013992,-1,2
68475,565948,61.037044,35368.854003,35368.961415,1, 0, 0, 1,-0.372722,9.695621,-8.526163,-1,2
68475,565949,61.235680,35369.052639,35369.160052,1, 0, 0, 1,-5.054590,5.928128,-6.495158,-1,2
68475,565950,61.448224,35369.265183,35369.372596,1, 0, 0, 1,-4.677140,-4.829153,4.498593,-1,2
68475,565951,61.602804,35369.419763,35369.527176,0, 0, 0, 0,-99.000000,-99.000000,-99.000000,-1,1
68475,565952,61.635878,35369.452836,35369.560249,0, 0, 0, 0,-99.000000,-99.000000,-99.000000,-1,1
68475,565953,61.955687,35369.772645,35369.880059,1, 0, 0, 1,-4.552091,-6.022151,-1.630185,-1,2
68475,565954,62.010304,35369.827262,35369.934676,1, 0, 0, 1,2.650210,-4.140234,-8.270428,-1,2
68475,565955,62.022313,35369.839271,35369.946685,0, 0, 0, 0,-99.000000,-99.000000,-99.000000,-1,1
68475,565956,62.325378,35370.142335,35370.249750,0, 0, 0, 0,-99.000000,-99.000000,-99.000000,-1,1
68475,565957,62.388070,35370.205027,35370.312442,1, 0, 0, 1,3.233927,6.888485,-13.575695,-1,2
68475,565958,62.428452,35370.245409,35370.352824,0, 0, 0, 0,-99.000000,-99.000000,-99.000000,-1,1
68475,565959,62.529409,35370.346366,35370.453781,0, 0, 0, 0,-99.000000,-99.000000,-99.000000,-1,0
68475,565960,62.596816,35370.413772,35370.521187,1, 0, 0, 1,-4.246352,-1.121913,11.011484,-1,2
68475,565961,62.691169,35370.508126,35370.615541,1, 0, 0, 1,5.491808,-1.855726,-6.283463,-1,2
68475,565962,62.749904,35370.566860,35370.674276,0, 0, 0, 0,-99.000000,-99.000000,-99.000000,-1,1
68475,565963,62.853618,35370.670574,35370.777990,1, 0, 0, 1,-7.185645,5.988306,8.920938,-1,2
68475,565964,62.858066,35370.675022,35370.782438,1, 0, 0, 1,8.463424,4.664284,16.724664,-1,2
68475,565965,62.969416,35370.786372,35370.893788,0, 0, 0, 0,-99.000000,-99.000000,-99.000000,-1,1
68475,565966,63.011466,35370.828422,35370.935838,1, 0, 0, 1,3.402379,5.631876,18.297709,-1,2
68475,565967,63.073368,35370.890323,35370.997740,0, 0, 0, 0,-99.000000,-99.000000,-99.000000,-1,0
68475,565968,63.191286,35371.008241,35371.115658,0, 0, 0, 0,-99.000000,-99.000000,-99.000000,-1,1
68475,565969,63.397886,35371.214841,35371.322258,0, 0, 0, 0,-99.000000,-99.000000,-99.000000,-1,0
68475,565970,63.628612,35371.445567,35371.552984,0, 0, 0, 0,-99.000000,-99.000000,-99.000000,-1,1
68475,565971,63.722190,35371.539144,35371.646562,0, 0, 0, 0,-99.000000,-99.000000,-99.000000,-1,0
68475,565972,63.759103,35371.576057,35371.683475,0, 0, 0, 0,-99.000000,-99.000000,-99.000000,-1,1
68475,565973,63.911003,35371.727957,35371.835374,1, 0, 0, 1,-2.572633,-1.366047,13.513917,-1,2
68475,565974,64.024829,35371.841783,35371.949201,0, 0, 0, 0,-99.000000,-99.000000,-99.000000,-1,1
68475,565975,64.034548,35371.851502,35371.958920,1, 0, 0, 1,0.919389,-5.394622,-7.047012,-1,2
68475,565976,64.080633,35371.897586,35372.005005,0, 0, 0, 0,-99.000000,-99.000000,-99.000000,-1,1
68475,565977,64.093327,35371.910281,35372.017699,0, 0, 0, 0,-99.000000,-99.000000,-99.000000,-1,1
68475,565978,64.398741,35372.215694,35372.323113,1, 0, 0, 1,-2.458685,-5.398039,3.682572,-1,2
68475,565979,64.476050,35372.293003,35372.400422,0, 0, 0, 0,-99.000000,-99.000000,-99.000000,-1,1
68475,565980,64.498278,35372.315231,35372.422650,0, 0, 0, 0,-99.000000,-99.000000,-99.000000,-1,0
68475,565981,64.506631,35372.323584,35372.431003,0, 0, 0, 0,-99.000000,-99.000000,-99.000000,-1,0
68475,565982,64.828629,35372.645581,35372.753001,1, 0, 0, 1,6.795173,0.298543,-21.086718,-1,2
68475,565983,64.931279,35372.748231,35372.855651,0, 0, 0, 0,-99.000000,-99.000000,-99.000000,-1,0
68475,565984,64.994451,35372.811402,35372.918822,0, 0, 0, 0,-99.000000,-99.000000,-99.000000,-1,1
68475,565985,65.034128,35372.851080,35372.958500,1, 0, 0, 1,4.686806,-6.105768,2.428399,-1,2
68475,565986,65.162367,35372.979318,35373.086739,1, 0, 0, 1,-2.053465,-1.512536,16.253153,-1,2
68475,565987,65.190619,35373.007571,35373.114991,1, 0, 0, 1,-7.017544,-2.188332,-13.966216,-1,2
68475,565988,65.203634,35373.020585,35373.128006,0, 0, 0, 0,-99.000000,-99.000000,-99.000000,-1,0
68475,565989,65.281809,35373.098761,35373.206181,0, 0, 0, 0,-99.000000,-99.000000,-99.000000,-1,1
68475,565990,65.333553,35373.150504,35373.257925,0, 0, 0, 0,-99.000000,-99.000000,-99.000000,-1,1
68475,565991,65.616251,35373.433202,35373.540623,0, 0, 0, 0,-99.000000,-99.000000,-99.000000,-1,0
68475,565992,65.882228,35373.699178,35373.806600,0, 0, 0, 0,-99.000000,-99.000000,-99.000000,-1,1
68475,565993,65.938830,35373.755780,35373.863202,1, 0, 0, 1,-4.832250,2.850825,14.382898,-1,2
68475,565994,66.017344,35373.834294,35373.941716,0, 0, 0, 0,-99.000000,-99.000000,-99.000000,-1,1
68475,565995,66.283432,35374.100381,35374.207804,0, 0, 0, 0,-99.000000,-99.000000,-99.000000,-1,1
68475,565996,66.283771,35374.100721,35374.208143,1, 0, 0, 1,-4.365247,1.465632,-5.478821,-1,2
68475,565997,66.304621,35374.121570,35374.228993,0, 0, 0, 0,-99.000000,-99.000000,-99.000000,-1,1
68475,565998,66.611881,35374.428830,35374.536253,1, 0, 0, 1,5.461141,2.226574,3.133406,-1,2
68475,565999,66.681700,35374.498648,35374.606072,0, 0, 0, 0,-99.000000,-99.000000,-99.000000,-1,1
68475,566000,66.760898,35374.577846,35374.685270,0, 0, 0, 0,-99.000000,-99.000000,-99.000000,-1,1
68475,566001,66.765266,35374.582215,35374.689638,0, 0, 0, 0,-99.000000,-99.000000,-99.000000,-1,0
68475,566002,67.018709,35374.835656,35374.943081,0, 0, 0, 0,-99.000000,-99.000000,-99.000000,-1,0
68475,566003,67.065970,35374.882917,35374.990342,0, 0, 0, 0,-99.000000,-99.000000,-99.000000,-1,1
68475,566004,67.239743,35375.056690,35375.164115,1, 0, 0, 1,7.995041,2.076985,-6.509828,-1,2
68475,566005,67.304981,35375.121928,35375.229353,1, 0, 0, 1,6.087035,-1.718017,-12.966448,-1,2
68475,566006,67.397407,35375.214354,35375.321779,0, 0, 0, 0,-99.000000,-99.000000,-99.000000,-1,1
68475,566007,67.495486,35375.312433,35375.419858,0, 0, 0, 0,-99.000000,-99.000000,-99.000000,-1,1
68475,566008,67.720776,35375.537723,35375.645148,1, 0, 0, 1,-5.295155,-3.282370,2.103155,-1,2
68475,566009,67.857972,35375.674918,35375.782344,1, 0, 0, 1,-2.220174,-0.025258,1.123397,-1,2
68475,566010,68.044277,35375.861222,35375.968648,0, 0, 0, 0,-99.000000,-99.000000,-99.000000,-1,1
68475,566011,68.056489,35375.873435,35375.980861,1, 0, 0, 1,-0.924711,9.990771,20.993451,-1,2
68475,566012,68.142483,35375.959429,35376.066855,1, 0, 0, 1,3.870725,-7.991429,-1.725798,-1,2
68475,566013,68.183328,35376.000273,35376.107700,0, 0, 0, 0,-99.000000,-99.000000,-99.000000,-1,0
68475,566014,68.283804,35376.100749,35376.208176,1, 0, 0, 1,1.917963,-7.526203,18.040621,-1,2
68475,566015,68.459485,35376.276430,35376.383857,1, 0, 0, 1,-4.403434,-3.977412,-10.566121,-1,2
68475,566016,68.472878,35376.289822,35376.397250,0, 0, 0, 0,-99.000000,-99.000000,-99.000000,-1,1
68475,566017,68.514195,35376.331139,35376.438567,1, 0, 0, 1,-2.276499,-0.227401,-4.949813,-1,2
68475,566018,68.616772,35376.433716,35376.541144,1, 0, 0, 1,-6.195668,2.150421,-18.404063,-1,2
68475,566019,68.799541,35376.616485,35376.723913,1, 0, 0, 1,3.487107,-1.095685,-6.309108,-1,2
68475,566020,69.290856,35377.107799,35377.215228,0, 0, 0, 0,-99.000000,-99.000000,-99.000000,-1,1
68475,566021,69.360573,35377.177516,35377.284945,1, 0, 0, 1,2.544434,-6.501192,12.837544,-1,2
68475,566022,69.439727,35377.256670,35377.364099,1, 0, 0, 1,5.725775,1.705959,12.985615,-1,2
68475,566023,69.752751,35377.569693,35377.677122,0, 0, 0, 0,-99.000000,-99.000000,-99.000000,-1,1
68475,566024,70.042415,35377.859356,35377.966787,1, 0, 0, 1,-3.666659,2.573823,21.113503,-1,2
68475,566025,70.096947,35377.913888,35378.021319,1, 0, 0, 1,0.742079,-1.225786,-7.979684,-1,2
68475,566026,70.694141,35378.511081,35378.618513,1, 0, 0, 1,-10.275397,-2.568185,16.865412,-1,2
68475,566027,70.792020,35378.608960,35378.716392,1, 0, 0, 1,-1.217506,-2.199045,-9.149105,-1,2
68475,566028,70.855263,35378.672203,35378.779635,0, 0, 0, 0,-99.000000,-99.000000,-99.000000,-1,1
68475,566029,70.875533,35378.692472,35378.799905,1, 0, 0, 1,1.909558,5.771122,15.877281,-1,2
68475,566030,70.928575,35378.745514,35378.852947,0, 0, 0, 0,-99.000000,-99.000000,-99.000000,-1,0
68475,566031,71.030661,35378.847601,35378.955033,1, 0, 0, 1,5.168533,-2.377806,15.672195,-1,2
68475,566032,71.030921,35378.847860,35378.955293,1, 0, 0, 1,6.405291,-0.544729,-6.591361,-1,3
68475,566033,71.051583,35378.868523,35378.975955,1, 0, 0, 1,-0.608225,2.668280,-14.381724,-1,3
68475,566034,71.081905,35378.898844,35379.006277,0, 0, 0, 0,-99.000000,-99.000000,-99.000000,-1,1
68475,566035,71.103558,35378.920497,35379.027930,1, 0, 0, 1,6.129471,-4.910135,-21.516846,-1,2
68475,566036,71.157272,35378.974211,35379.081644,0, 0, 0, 0,-99.000000,-99.000000,-99.000000,-1,1
68475,566037,71.172086,35378.989025,35379.096458,1, 0, 0, 1,-6.440760,1.117676,16.610102,-1,2
68475,566038,71.192513,35379.009453,35379.116885,1, 0, 0, 1,-6.158060,4.632125,2.438538,-1,2
68475,566039,71.199954,35379.016893,35379.124325,0, 0, 0, 0,-99.000000,-99.000000,-99.000000,-1,1
68475,566040,71.201774,35379.018713,35379.126146,1, 0, 0, 1,-4.212346,-1.625226,3.176737,-1,2
68475,566041,71.330892,35379.147831,35379.255264,0, 0, 0, 0,-99.000000,-99.000000,-99.000000,-1,1
68475,566042,71.394000,35379.210939,35379.318372,1, 0, 0, 1,-2.140996,8.699762,-12.562689,-1,2
68475,566043,71.395759,35379.212698,35379.320131,1, 0, 0, 1,-1.258886,-1.017528,5.386185,-1,2
68475,566044,71.466446,35379.283384,35379.390817,0, 0, 0, 0,-99.000000,-99.000000,-99.000000,-1,1
68475,566045,71.529067,35379.346005,35379.453439,0, 0, 0, 0,-99.000000,-99.000000,-99.000000,-1,0
68475,566046,71.623332,35379.440271,35379.547704,1, 0, 0, 1,2.477204,-0.701642,-1.851393,-1,2
68475,566047,71.692289,35379.509227,35379.616661,0, 0, 0, 0,-99.000000,-99.000000,-99.000000,-1,1
68475,566048,71.807516,35379.624454,35379.731888,1, 0, 0, 1,7.399030,-6.116037,9.763514,-1,2
68475,566049,71.869684,35379.686621,35379.794055,0, 0, 0, 0,-99.000000,-99.000000,-99.000000,-1,1
68475,566050,71.883953,35379.700891,35379.808325,1, 0, 0, 1,0.526025,1.528141,-5.384799,-1,2
68475,566051,72.036720,35379.853657,35379.961092,1, 0, 0, 1,-3.035806,-6.405936,18.222102,-1,2
68475,566052,72.163206,35379.980143,35380.087578,0, 0, 0, 0,-99.000000,-99.000000,-99.000000,-1,1
68475,566053,72.257413,35380.074350,35380.181785,0, 0, 0, 0,-99.000000,-99.000000,-99.000000,-1,0
68475,566054,72.295998,35380.112935,35380.220370,1, 0, 0, 1,-1.302066,4.146845,-10.200829,-1,2
68475,566055,72.480436,35380.297372,35380.404808,1, 0, 0, 1,-2.647526,7.769397,-2.126946,-1,2
68475,566056,72.856887,35380.673823,35380.781259,0, 0, 0, 0,-99.000000,-99.000000,-99.000000,-1,0
68475,566057,72.862041,35380.678977,35380.786413,1, 0, 0, 1,2.975686,-1.610508,5.014274,-1,2
68475,566058,72.882510,35380.699446,35380.806882,1, 0, 0, 1,-3.464426,2.236689,-10.782368,-1,2
68475,566059,73.481001,35381.297936,35381.405373,1, 0, 0, 1,-0.647437,2.960484,-7.904512,-1,2
68475,566060,73.502709,35381.319643,35381.427081,1, 0, 0, 1,-5.219658,-2.143379,5.655941,-1,2
68475,566061,73.626032,35381.442966,35381.550404,1, 0, 0, 1,-4.961226,-0.773132,-15.524722,-1,2
68475,566062,73.799104,35381.616038,35381.723476,0, 0, 0, 0,-99.000000,-99.000000,-99.000000,-1,1
68475,566063,74.049687,35381.866621,35381.974059,0, 0, 0, 0,-99.000000,-99.000000,-99.000000,-1,1
68475,566064,74.527063,35382.343995,35382.451435,1, 0, 0, 1,7.299339,-2.411908,17.401866,-1,2
68475,566065,74.655068,35382.472000,35382.579440,0, 0, 0, 0,-99.000000,-99.000000,-99.000000,-1,1
68475,566066,74.861394,35382.678326,35382.785766,1, 0, 0, 1,5.872487,0.202519,1.696596,-1,2
68475,566067,74.906217,35382.723148,35382.830589,1, 0, 0, 1,-3.118504,-1.183020,7.978946,-1,2
68475,566068,75.037639,35382.854570,35382.962011,1, 0, 0, 1,3.222803,0.147234,-7.507989,-1,2
68475,566069,75.141981,35382.958912,35383.066353,1, 0, 0, 1,3.669988,7.247428,-8.555837,-1,2
68475,566070,75.310994,35383.127925,35383.235366,0, 0, 0, 0,-99.000000,-99.000000,-99.000000,-1,1
68475,566071,75.317772,35383.134703,35383.242144,0, 0, 0, 0,-99.000000,-99.000000,-99.000000,-1,0
68475,566072,75.406520,35383.223451,35383.330892,1, 0, 0, 1,-4.575039,5.881036,15.195392,-1,2
68475,566073,75.493222,35383.310152,35383.417594,1, 0, 0, 1,-1.827523,0.711321,-16.858998,-1,2
68475,566074,75.673752,35383.490682,35383.598124,1, 0, 0, 1,6.915264,-0.226614,-0.218952,-1,2
68475,566075,75.722330,35383.539260,35383.646702,0, 0, 0, 0,-99.000000,-99.000000,-99.000000,-1,0
68475,566076,75.783883,35383.600813,35383.708255,1, 0, 0, 1,2.403663,5.195483,9.567411,-1,2
68475,566077,75.922330,35383.739260,35383.846702,1, 1, 0, 1,-2.769629,1.494661,10.940742,-1,2
68475,566078,76.045062,35383.861991,35383.969434,1, 0, 0, 1,8.909120,-4.160776,-19.905179,-1,2
68475,566079,76.083945,35383.900874,35384.008317,1, 0, 0, 1,-2.184677,-2.506868,-3.364141,-1,2
68475,566080,76.187604,35384.004533,35384.111976,1, 0, 0, 1,-1.132550,-5.426088,-19.009711,-1,2
68475,566081,76.266794,35384.083723,35384.191166,1, 0, 0, 1,-5.389123,-2.617929,15.789501,-1,2
68475,566082,76.275483,35384.092412,35384.199855,0, 0, 0, 0,-99.000000,-99.000000,-99.000000,-1,0
68475,566083,76.292237,35384.109166,35384.216609,1, 0, 0, 1,8.211400,-0.129891,-20.153020,-1,2
68475,566084,76.365581,35384.182510,35384.289953,1, 0, 0, 1,-7.717466,-1.150619,-17.645871,-1,2
68475,566085,76.432662,35384.249590,35384.357034,1, 0, 0, 1,2.254662,-3.201063,3.284224,-1,2
68475,566086,76.816459,35384.633386,35384.740831,0, 0, 0, 0,-99.000000,-99.000000,-99.000000,-1,0
68475,566087,76.847780,35384.664708,35384.772152,0, 0, 0, 0,-99.000000,-99.000000,-99.000000,-1,1
68475,566088,76.996082,35384.813009,35384.920454,0, 0, 0, 0,-99.000000,-99.000000,-99.000000,-1,1
68475,566089,77.246165,35385.063092,35385.170537,0, 0, 0, 0,-99.000000,-99.000000,-99.000000,-1,1
68475,566090,77.316994,35385.133921,35385.241366,1, 0, 0, 1,5.359684,-1.764414,-9.874543,-1,2
68475,566091,77.319217,35385.136143,35385.243588,1, 0, 0, 1,7.308633,-3.597389,22.000586,-1,2
68475,566092,77.434905,35385.251831,35385.359277,1, 0, 0, 1,-3.665121,4.419722,-0.503727,-1,2
68475,566093,77.456144,35385.273071,35385.380516,0, 0, 0, 0,-99.000000,-99.000000,-99.000000,-1,1
68475,566094,77.555069,35385.371995,35385.479441,1, 0, 0, 1,6.567741,-1.201060,-3.644248,-1,2
68475,566095,77.849109,35385.666034,35385.773481,0, 0, 0, 0,-99.000000,-99.000000,-99.000000,-1,1
68475,566096,77.861397,35385.678322,35385.785769,1, 0, 0, 1,-2.181140,8.408112,18.267013,-1,2
68475,566097,77.995711,35385.812637,35385.920083,1, 0, 0, 1,0.727823,3.226297,8.050244,-1,2
68475,566098,78.406448,35386.223373,35386.330820,0, 0, 0, 0,-99.000000,-99.000000,-99.000000,-1,0
68475,566099,78.594501,35386.411425,35386.518873,1, 0, 0, 1,2.725837,-7.104208,-8.770951,-1,2
68475,566100,78.599309,35386.416233,35386.523681,1, 0, 0, 1,-2.264816,7.463444,-4.122873,-1,2
68475,566101,78.871066,35386.687990,35386.795438,0, 0, 0, 0,-99.000000,-99.000000,-99.000000,-1,0
68475,566102,78.911108,35386.728032,35386.835480,0, 0, 0, 0,-99.000000,-99.000000,-99.000000,-1,1
68475,566103,78.982894,35386.799817,35386.907266,1, 0, 0, 1,0.750889,2.332933,-14.168978,-1,2
68475,566104,79.274273,35387.091196,35387.198645,0, 0, 0, 0,-99.000000,-99.000000,-99.000000,-1,0
68475,566105,79.330187,35387.147110,35387.254559,1, 0, 0, 1,-5.660081,1.290653,6.968092,-1,2
68475,566106,79.340638,35387.157561,35387.265010,1, 0, 0, 1,0.233960,-0.904694,16.012492,-1,2
68475,566107,79.394964,35387.211886,35387.319336,1, 0, 0, 1,-6.303247,3.694110,19.154658,-1,2
68475,566108,79.486303,35387.303225,35387.410674,0, 0, 0, 0,-99.000000,-99.000000,-99.000000,-1,1
68475,566109,79.523901,35387.340823,35387.448273,1, 0, 0, 1,5.901556,2.595103,1.802735,-1,2
68475,566110,79.626408,35387.443330,35387.550780,1, 0, 0, 1,7.458544,0.279895,9.618528,-1,2
68475,566111,79.989628,35387.806549,35387.914000,1, 0, 0, 1,4.922538,-4.121102,13.356053,-1,2
68475,566112,80.024428,35387.841349,35387.948800,1, 0, 0, 1,-3.701085,-2.429517,-5.504304,-1,2
68475,566113,80.195778,35388.012699,35388.120150,1, 0, 0, 1,-8.511134,4.833665,-22.313263,-1,2
68475,566114,80.249631,35388.066552,35388.174003,0, 0, 0, 0,-99.000000,-99.000000,-99.000000,-1,1
68475,566115,80.260908,35388.077829,35388.185280,1, 0, 0, 1,5.371847,0.204857,-3.850822,-1,2
68475,566116,80.305715,35388.122635,35388.230087,1, 0, 0, 1,1.593462,-5.185116,-9.088693,-1,9
68475,566117,80.435291,35388.252211,35388.359663,1, 0, 0, 1,-3.071503,-0.415750,-5.956359,-1,2
68475,566118,80.452104,35388.269025,35388.376476,1, 0, 0, 1,2.848635,-6.234873,-7.033643,-1,2
68475,566119,80.456772,35388.273692,35388.381143,1, 0, 0, 1,-6.433871,-4.033268,-10.839220,-1,4
68475,566120,80.864253,35388.681172,35388.788625,0, 0, 0, 0,-99.000000,-99.000000,-99.000000,-1,1
68475,566121,80.898908,35388.715827,35388.823280,1, 0, 0, 1,4.028489,8.196351,14.291424,-1,5
68475,566122,80.936386,35388.753305,35388.860758,1, 0, 0, 1,-4.598114,0.227982,18.662338,-1,2
68475,566123,81.010040,35388.826959,35388.934412,1, 0, 0, 1,7.763256,2.111368,-14.696417,-1,2
68475,566124,81.014312,35388.831231,35388.938684,0, 0, 0, 0,-99.000000,-99.000000,-99.000000,-1,1
68475,566125,81.099661,35388.916580,35389.024033,1, 0, 0, 1,-9.999981,-0.884674,5.110786,-1,3
68475,566126,81.296490,35389.113409,35389.220862,0, 0, 0, 0,-99.000000,-99.000000,-99.000000,-1,0
68475,566127,81.646508,35389.463426,35389.570880,1, 0, 0, 1,3.165877,-6.333997,7.680878,-1,2
68475,566128,81.688203,35389.505120,35389.612574,1, 0, 0, 1,-7.207341,0.622873,6.977750,-1,2
68475,566129,81.811132,35389.628050,35389.735504,0, 0, 0, 0,-99.000000,-99.000000,-99.000000,-1,1
68475,566130,81.820986,35389.637903,35389.745357,0, 0, 0, 0,-99.000000,-99.000000,-99.000000,-1,1
68475,566131,81.886453,35389.703371,35389.810825,1, 0, 0, 1,2.601824,-3.054433,-18.261189,-1,2
68475,566132,82.079565,35389.896482,35390.003937,0, 0, 0, 0,-99.000000,-99.000000,-99.000000,-1,1
68475,566133,82.171073,35389.987989,35390.095444,1, 0, 0, 1,5.372135,1.787583,12.900142,-1,2
68475,566134,82.211226,35390.028143,35390.135598,0, 0, 0, 0,-99.000000,-99.000000,-99.000000,-1,1
68475,566135,82.389222,35390.206139,35390.313594,1, 0, 0, 1,6.745503,-3.142260,15.123903,-1,2
68475,566136,82.431372,35390.248288,35390.355744,0, 0, 0, 0,-99.000000,-99.000000,-99.000000,-1,1
68475,566137,82.536581,35390.353497,35390.460953,1, 0, 0, 1,4.696330,1.124684,-9.129167,-1,2
68475,566138,82.599590,35390.416506,35390.523962,1, 0, 0, 1,3.859392,-4.629693,-14.928758,-1,3
68475,566139,82.624667,35390.441583,35390.549039,0, 0, 0, 0,-99.000000,-99.000000,-99.000000,-1,1
68475,566140,82.746180,35390.563095,35390.670552,1, 0, 0, 1,3.180522,-4.595437,-13.653432,-1,2
68475,566141,82.815556,35390.632471,35390.739928,0, 0, 0, 0,-99.000000,-99.000000,-99.000000,-1,1
68475,566142,82.827236,35390.644151,35390.751607,1, 0, 0, 1,-8.014840,-0.975196,-19.322001,-1,2
68475,566143,82.868382,35390.685297,35390.792754,1, 0, 0, 1,0.576954,-1.329261,12.931427,-1,2
68475,566144,82.960958,35390.777873,35390.885330,1, 0, 0, 1,-1.055154,0.509383,8.431223,-1,2
68475,566145,83.005622,35390.822537,35390.929993,0, 0, 0, 0,-99.000000,-99.000000,-99.000000,-1,0
68475,566146,83.094312,35390.911227,35391.018684,1, 0, 0, 1,8.380305,-0.147979,8.054650,-1,2
68475,566147,83.342434,35391.159348,35391.266805,1, 0, 0, 1,2.202568,-4.407086,9.356121,-1,2
68475,566148,83.415685,35391.232599,35391.340057,1, 0, 0, 1,-6.721730,-1.951190,6.602398,-1,2
68475,566149,83.576025,35391.392939,35391.500397,1, 0, 0, 1,1.181289,-4.186186,17.680287,-1,2
68475,566150,83.576935,35391.393849,35391.501307,1, 0, 0, 1,-0.310120,4.184052,-12.871162,-1,2
68475,566151,83.665117,35391.482030,35391.589489,1, 0, 0, 1,3.009288,2.092872,-14.524003,-1,2
68475,566152,83.676281,35391.493195,35391.600653,0, 0, 0, 0,-99.000000,-99.000000,-99.000000,-1,1
68475,566153,83.691579,35391.508492,35391.615951,1, 0, 0, 1,-3.231387,-7.718779,5.832980,-1,2
68475,566154,83.734036,35391.550949,35391.658408,0, 0, 0, 0,-99.000000,-99.000000,-99.000000,-1,0
68475,566155,83.748628,35391.565542,35391.673000,0, 0, 0, 0,-99.000000,-99.000000,-99.000000,-1,1
68475,566156,83.847391,35391.664304,35391.771763,0, 0, 0, 0,-99.000000,-99.000000,-99.000000,-1,1
68475,566157,83.950035,35391.766948,35391.874407,1, 0, 0, 1,3.431556,2.978979,-6.822040,-1,2
68475,566158,83.952482,35391.769395,35391.876854,1, 0, 0, 1,-0.629380,-3.176168,-7.564171,-1,2
68475,566159,84.095639,35391.912552,35392.020011,1, 0, 0, 1,0.670953,-9.535253,12.302683,-1,5
68475,566160,84.100489,35391.917402,35392.024861,0, 0, 0, 0,-99.000000,-99.000000,-99.000000,-1,1
68475,566161,84.145362,35391.962274,35392.069734,0, 0, 0, 0,-99.000000,-99.000000,-99.000000,-1,0
68475,566162,84.200657,35392.017570,35392.125029,0, 0, 0, 0,-99.000000,-99.000000,-99.000000,-1,1
68475,566163,84.313551,35392.130464,35392.237923,1, 0, 0, 1,-4.114842,4.707692,-7.670206,-1,2
68475,566164,84.424699,35392.241611,35392.349071,1, 0, 0, 1,-1.721563,-8.763438,22.120470,-1,2
68475,566165,84.466816,35392.283728,35392.391188,0, 0, 0, 0,-99.000000,-99.000000,-99.000000,-1,1
68475,566166,84.517026,35392.333938,35392.441398,1, 0, 0, 1,-7.247692,-2.319596,-5.836065,-1,2
68475,566167,84.526233,35392.343145,35392.450605,1, 0, 0, 1,-9.221360,2.461698,-15.414114,-1,2
68475,566168,84.548815,35392.365727,35392.473187,1, 0, 0, 1,7.525282,2.217913,10.302972,-1,2
68475,566169,84.554895,35392.371807,35392.479267,1, 0, 0, 1,-6.763556,-3.741842,-17.605943,-1,2
68475,566170,84.576737,35392.393649,35392.501109,1, 0, 0, 1,0.816380,1.259873,12.847978,-1,2
68475,566171,84.585234,35392.402146,35392.509606,0, 0, 0, 0,-99.000000,-99.000000,-99.000000,-1,1
68475,566172,84.769577,35392.586489,35392.693949,0, 0, 0, 0,-99.000000,-99.000000,-99.000000,-1,1
68475,566173,84.791351,35392.608262,35392.715722,1, 0, 0, 1,7.627699,5.026578,10.176861,-1,2
68475,566174,84.832893,35392.649804,35392.757265,0, 0, 0, 0,-99.000000,-99.000000,-99.000000,-1,1
68475,566175,84.893033,35392.709945,35392.817405,1, 0, 0, 1,-5.614884,-1.907630,-13.066180,-1,2
68475,566176,84.976261,35392.793172,35392.900633,1, 0, 0, 1,4.836537,3.633221,10.963739,-1,2
68475,566177,85.010136,35392.827047,35392.934508,1, 0, 0, 1,-1.283233,6.992861,-1.256290,-1,2
68475,566178,85.119284,35392.936194,35393.043656,1, 0, 0, 1,4.966488,3.118361,-7.950083,-1,2
68475,566179,85.121508,35392.938419,35393.045880,0, 0, 0, 0,-99.000000,-99.000000,-99.000000,-1,1
68475,566180,85.188421,35393.005332,35393.112793,1, 0, 0, 1,-5.446066,6.241318,16.061551,-1,2
68475,566181,85.189178,35393.006088,35393.113550,1, 0, 0, 1,-1.447164,7.122499,27.199337,-1,2
68475,566182,85.288512,35393.105422,35393.212883,1, 0, 0, 1,-5.253657,-4.037817,-17.354008,-1,2
68475,566183,85.498463,35393.315373,35393.422835,1, 0, 0, 1,-0.218110,-6.654781,16.257981,-1,2
68475,566184,85.688994,35393.505904,35393.613366,1, 0, 0, 1,-3.898830,-1.210723,-13.738249,-1,2
68475,566185,85.704446,35393.521356,35393.628818,0, 0, 0, 0,-99.000000,-99.000000,-99.000000,-1,1
68475,566186,85.728002,35393.544911,35393.652374,0, 0, 0, 0,-99.000000,-99.000000,-99.000000,-1,1
68475,566187,85.879091,35393.696000,35393.803463,1, 0, 0, 1,-5.619338,2.612554,13.018999,-1,2
68475,566188,85.934581,35393.751490,35393.858953,1, 0, 0, 1,-8.705602,-3.409963,-6.499411,-1,2
68475,566189,86.082924,35393.899833,35394.007296,0, 0, 0, 0,-99.000000,-99.000000,-99.000000,-1,1
68475,566190,86.344787,35394.161696,35394.269159,1, 0, 0, 1,7.367962,0.624272,12.982123,-1,2
68475,566191,86.361219,35394.178127,35394.285591,0, 0, 0, 0,-99.000000,-99.000000,-99.000000,-1,1
68475,566192,86.377042,35394.193951,35394.301414,1, 0, 0, 1,-0.946040,-5.036605,20.693259,-1,2
68475,566193,86.389688,35394.206596,35394.314059,1, 0, 0, 1,-2.855743,-5.556982,-2.127960,-1,2
68475,566194,86.645062,35394.461970,35394.569434,1, 0, 0, 1,-2.392145,-3.099847,8.624031,-1,2
68475,566195,86.705457,35394.522364,35394.629829,0, 0, 0, 0,-99.000000,-99.000000,-99.000000,-1,1
68475,566196,86.750693,35394.567600,35394.675065,1, 0, 0, 1,6.184823,-0.409086,-7.538645,-1,2
68475,566197,86.781715,35394.598623,35394.706087,1, 0, 0, 1,4.702660,-7.082553,11.367699,-1,2
68475,566198,86.874445,35394.691353,35394.798817,0, 0, 0, 0,-99.000000,-99.000000,-99.000000,-1,0
68475,566199,86.919695,35394.736602,35394.844067,1, 0, 0, 1,-7.280937,4.660543,-4.124200,-1,2
68475,566200,87.012472,35394.829378,35394.936843,1, 0, 0, 1,6.052124,1.604779,-18.116613,-1,2
68475,566201,87.024350,35394.841256,35394.948722,1, 0, 0, 1,7.693069,0.336657,12.300254,-1,2
68475,566202,87.089376,35394.906283,35395.013748,0, 0, 0, 0,-99.000000,-99.000000,-99.000000,-1,0
68475,566203,87.262128,35395.079034,35395.186499,0, 0, 0, 0,-99.000000,-99.000000,-99.000000,-1,0
68475,566204,87.264878,35395.081784,35395.189250,0, 0, 0, 0,-99.000000,-99.000000,-99.000000,-1,1
68475,566205,87.448992,35395.265898,35395.373364,1, 0, 0, 1,-2.062097,5.706780,5.305265,-1,2
68475,566206,87.578303,35395.395209,35395.502675,0, 0, 0, 0,-99.000000,-99.000000,-99.000000,-1,1
68475,566207,87.699850,35395.516756,35395.624222,0, 0, 0, 0,-99.000000,-99.000000,-99.000000,-1,1
68475,566208,87.807541,35395.624446,35395.731913,1, 0, 0, 1,3.540610,-2.793660,6.299740,-1,2
68475,566209,87.809772,35395.626677,35395.734144,0, 0, 0, 0,-99.000000,-99.000000,-99.000000,-1,1
68475,566210,87.837646,35395.654551,35395.762018,0, 0, 0, 0,-99.000000,-99.000000,-99.000000,-1,1
68475,566211,87.992905,35395.809810,35395.917277,1, 0, 0, 1,-3.319850,-0.779459,0.309529,-1,2
68475,566212,88.077375,35395.894280,35396.001747,0, 0, 0, 0,-99.000000,-99.000000,-99.000000,-1,1
68475,566213,88.081468,35395.898373,35396.005840,0, 0, 0, 0,-99.000000,-99.000000,-99.000000,-1,1
68475,566214,88.252984,35396.069889,35396.177356,0, 0, 0, 0,-99.000000,-99.000000,-99.000000,-1,1
68475,566215,88.307721,35396.124625,35396.232093,0, 0, 0, 0,-99.000000,-99.000000,-99.000000,-1,1
68475,566216,88.414713,35396.231617,35396.339085,0, 0, 0, 0,-99.000000,-99.000000,-99.000000,-1,1
68475,566217,88.417603,35396.234507,35396.341975,1, 0, 0, 1,-7.315960,1.589684,-9.897725,-1,2
68475,566218,88.558492,35396.375396,35396.482864,1, 0, 0, 1,2.709967,-6.572138,18.037189,-1,2
68475,566219,88.672679,35396.489583,35396.597051,0, 0, 0, 0,-99.000000,-99.000000,-99.000000,-1,1
68475,566220,88.726436,35396.543339,35396.650808,1, 0, 0, 1,-6.732637,2.299075,12.034744,-1,2
68475,566221,88.775091,35396.591994,35396.699463,0, 0, 0, 0,-99.000000,-99.000000,-99.000000,-1,1
68475,566222,89.277782,35397.094685,35397.202154,0, 0, 0, 0,-99.000000,-99.000000,-99.000000,-1,1
68475,566223,89.560382,35397.377284,35397.484754,1, 0, 0, 1,-7.801901,-0.372727,-8.675253,-1,2
68475,566224,89.628322,35397.445224,35397.552694,0, 0, 0, 0,-99.000000,-99.000000,-99.000000,-1,0
68475,566225,89.712251,35397.529153,35397.636623,1, 0, 0, 1,-3.665422,1.580699,11.961440,-1,2
68475,566226,89.848567,35397.665468,35397.772939,1, 0, 0, 1,3.252424,8.138827,-13.068354,-1,2
68475,566227,90.016569,35397.833470,35397.940941,1, 0, 0, 1,3.848703,-2.226836,-6.511683,-1,2
68475,566228,90.084139,35397.901040,35398.008511,0, 0, 0, 0,-99.000000,-99.000000,-99.000000,-1,1
68475,566229,90.410941,35398.227841,35398.335313,1, 0, 0, 1,8.700527,-6.374457,14.829283,-1,2
68475,566230,90.445766,35398.262666,35398.370138,0, 0, 0, 0,-99.000000,-99.000000,-99.000000,-1,1
68475,566231,90.489636,35398.306535,35398.414008,0, 0, 0, 0,-99.000000,-99.000000,-99.000000,-1,0
68475,566232,90.547065,35398.363965,35398.471437,1, 0, 0, 1,-2.683163,6.285613,-10.787487,-1,2
68475,566233,90.704998,35398.521897,35398.629370,0, 0, 0, 0,-99.000000,-99.000000,-99.000000,-1,1
68475,566234,90.838230,35398.655129,35398.762602,1, 0, 0, 1,-2.029804,7.163267,-18.720326,-1,3
68475,566235,91.131390,35398.948289,35399.055762,1, 0, 0, 1,2.860177,-1.918005,4.782633,-1,2
68475,566236,91.201293,35399.018191,35399.125665,0, 0, 0, 0,-99.000000,-99.000000,-99.000000,-1,1
68475,566237,91.289874,35399.106772,35399.214246,0, 0, 0, 0,-99.000000,-99.000000,-99.000000,-1,0
68475,566238,91.332166,35399.149064,35399.256538,0, 0, 0, 0,-99.000000,-99.000000,-99.000000,-1,0
68475,566239,91.445200,35399.262098,35399.369572,1, 0, 0, 1,1.008931,-0.803694,-18.156271,-1,2
68475,566240,91.474689,35399.291587,35399.399061,0, 0, 0, 0,-99.000000,-99.000000,-99.000000,-1,1
68475,566241,91.482516,35399.299414,35399.406888,1, 0, 0, 1,-3.812566,1.979743,3.563056,-1,2
68475,566242,91.680661,35399.497558,35399.605032,1, 0, 0, 1,-5.974536,2.708577,-3.008685,-1,2
68475,566243,91.754921,35399.571818,35399.679293,0, 0, 0, 0,-99.000000,-99.000000,-99.000000,-1,1
68475,566244,91.756959,35399.573856,35399.681331,1, 0, 0, 1,7.258101,2.882204,-8.499071,-1,3
68475,566245,91.807749,35399.624646,35399.732121,1, 0, 0, 1,-1.271127,-0.909030,-1.707447,-1,2
68475,566246,92.002966,35399.819862,35399.927338,0, 0, 0, 0,-99.000000,-99.000000,-99.000000,-1,0
68475,566247,92.101564,35399.918461,35400.025936,1, 0, 0, 1,8.465538,-3.909596,-3.112093,-1,2
68475,566248,92.398248,35400.215144,35400.322620,1, 0, 0, 1,-1.841275,3.185055,12.782922,-1,2
68475,566249,92.711963,35400.528858,35400.636335,0, 0, 0, 0,-99.000000,-99.000000,-99.000000,-1,0
68475,566250,92.793500,35400.610395,35400.717872,0, 0, 0, 0,-99.000000,-99.000000,-99.000000,-1,1
68475,566251,92.887956,35400.704851,35400.812328,1, 0, 0, 1,-7.814778,4.750489,-8.490221,-1,2
68475,566252,92.916015,35400.732910,35400.840387,0, 0, 0, 0,-99.000000,-99.000000,-99.000000,-1,1
68475,566253,92.940842,35400.757737,35400.865214,0, 0, 0, 0,-99.000000,-99.000000,-99.000000,-1,0
68475,566254,92.948143,35400.765038,35400.872515,0, 0, 0, 0,-99.000000,-99.000000,-99.000000,-1,1
68475,566255,93.080919,35400.897814,35401.005291,1, 0, 0, 1,-4.615053,3.376265,2.491793,-1,2
68475,566256,93.120213,35400.937107,35401.044584,1, 1, 0, 1,1.615650,2.281002,-2.704010,-1,2
68475,566257,93.122911,35400.939805,35401.047283,1, 0, 0, 1,-5.448983,4.384462,-2.077035,-1,2
68475,566258,93.146215,35400.963110,35401.070587,0, 0, 0, 0,-99.000000,-99.000000,-99.000000,-1,0
68475,566259,93.156984,35400.973878,35401.081355,0, 0, 0, 0,-99.000000,-99.000000,-99.000000,-1,1
68475,566260,93.248746,35401.065640,35401.173118,1, 0, 0, 1,-0.893924,2.768455,16.582065,-1,2
68475,566261,93.533466,35401.350359,35401.457837,0, 0, 0, 0,-99.000000,-99.000000,-99.000000,-1,1
68475,566262,93.560685,35401.377578,35401.485056,1, 0, 0, 1,-5.339152,-2.739701,-0.280456,-1,2
68475,566263,93.756002,35401.572895,35401.680374,1, 0, 0, 1,-0.645437,3.157301,-20.279643,-1,2
68475,566264,93.890344,35401.707236,35401.814716,1, 0, 0, 1,-9.638811,-0.639239,16.067244,-1,2
68475,566265,93.902202,35401.719095,35401.826574,1, 0, 0, 1,-8.638172,4.808610,3.090027,-1,2
68475,566266,94.015648,35401.832540,35401.940020,1, 0, 0, 1,-6.272324,-1.586587,-5.128039,-1,2
68475,566267,94.179709,35401.996601,35402.104081,0, 0, 0, 0,-99.000000,-99.000000,-99.000000,-1,0
68475,566268,94.285144,35402.102036,35402.209516,0, 0, 0, 0,-99.000000,-99.000000,-99.000000,-1,1
68475,566269,94.410465,35402.227357,35402.334837,1, 0, 0, 1,4.687887,0.343726,17.050925,-1,2
68475,566270,94.474346,35402.291238,35402.398718,1, 0, 0, 1,-6.238052,3.487126,-2.209901,-1,2
68475,566271,94.648980,35402.465871,35402.573352,1, 0, 0, 1,-3.320675,4.528451,-5.871453,-1,2
68475,566272,94.885333,35402.702224,35402.809705,1, 0, 0, 1,-2.141389,-2.762174,-4.994547,-1,2
68475,566273,94.988126,35402.805017,35402.912498,0, 0, 0, 0,-99.000000,-99.000000,-99.000000,-1,0
68475,566274,95.091341,35402.908231,35403.015713,1, 0, 0, 1,4.453389,6.236545,-8.029749,-1,2
68475,566275,95.267117,35403.084007,35403.191489,0, 0, 0, 0,-99.000000,-99.000000,-99.000000,-1,1
68475,566276,95.357504,35403.174394,35403.281876,0, 0, 0, 0,-99.000000,-99.000000,-99.000000,-1,1
68475,566277,95.398172,35403.215061,35403.322543,0, 0, 0, 0,-99.000000,-99.000000,-99.000000,-1,1
68475,566278,95.674946,35403.491835,35403.599317,0, 0, 0, 0,-99.000000,-99.000000,-99.000000,-1,1
68475,566279,95.803288,35403.620177,35403.727660,1, 0, 0, 1,2.685818,6.350052,21.232687,-1,2
68475,566280,96.064659,35403.881548,35403.989031,1, 0, 0, 1,3.600337,-2.446973,-10.014400,-1,2
68475,566281,96.154674,35403.971562,35404.079046,0, 0, 0, 0,-99.000000,-99.000000,-99.000000,-1,1
68475,566282,96.302916,35404.119804,35404.227288,1, 0, 0, 1,6.318141,2.248620,-8.538496,-1,2
68475,566283,96.370377,35404.187265,35404.294749,0, 0, 0, 0,-99.000000,-99.000000,-99.000000,-1,1
68475,566284,96.468330,35404.285217,35404.392702,1, 0, 0, 1,8.087839,0.458802,9.973832,-1,2
68475,566285,96.580686,35404.397573,35404.505058,0, 0, 0, 0,-99.000000,-99.000000,-99.000000,-1,1
68475,566286,96.586878,35404.403765,35404.511250,1, 0, 0, 1,5.162587,-3.216320,20.469671,-1,2
68475,566287,96.687982,35404.504869,35404.612353,1, 0, 0, 1,4.483324,2.869662,-19.080263,-1,4
68475,566288,96.701195,35404.518082,35404.625567,0, 0, 0, 0,-99.000000,-99.000000,-99.000000,-1,1
68475,566289,96.792928,35404.609815,35404.717300,1, 0, 0, 1,-3.548049,-3.426004,14.868560,-1,2
68475,566290,96.844064,35404.660951,35404.768436,0, 0, 0, 0,-99.000000,-99.000000,-99.000000,-1,0
68475,566291,96.867773,35404.684660,35404.792145,1, 0, 0, 1,-3.209383,-8.467741,17.129891,-1,3
68475,566292,96.883962,35404.700848,35404.808334,1, 0, 0, 1,3.196026,0.955053,-12.866510,-1,2
68475,566293,96.949522,35404.766408,35404.873894,1, 0, 0, 1,1.987721,-4.743310,20.023024,-1,2
68475,566294,97.004080,35404.820967,35404.928452,1, 0, 0, 1,-3.173874,-1.994934,-2.531045,-1,2
68475,566295,97.270394,35405.087280,35405.194766,1, 0, 0, 1,-3.443474,0.872248,-6.111528,-1,2
68475,566296,97.343146,35405.160032,35405.267518,0, 0, 0, 0,-99.000000,-99.000000,-99.000000,-1,0
68475,566297,97.633612,35405.450497,35405.557984,1, 0, 0, 1,0.481519,0.464282,1.649176,-1,2
68475,566298,97.640360,35405.457245,35405.564732,0, 0, 0, 0,-99.000000,-99.000000,-99.000000,-1,1
68475,566299,97.886397,35405.703282,35405.810769,0, 0, 0, 0,-99.000000,-99.000000,-99.000000,-1,0
68475,566300,98.048238,35405.865122,35405.972610,0, 0, 0, 0,-99.000000,-99.000000,-99.000000,-1,0
68475,566301,98.243672,35406.060556,35406.168044,1, 0, 0, 1,1.876083,-2.738153,17.033510,-1,2
68475,566302,98.416020,35406.232903,35406.340392,1, 0, 0, 1,-2.325723,8.215646,-14.029962,-1,2
68475,566303,98.565007,35406.381891,35406.489379,1, 0, 0, 1,1.398637,3.939972,-16.782195,-1,2
68475,566304,98.807088,35406.623971,35406.731460,0, 0, 0, 0,-99.000000,-99.000000,-99.000000,-1,1
68475,566305,98.816279,35406.633162,35406.740651,1, 0, 0, 1,5.084832,-0.474581,-11.356839,-1,2
68475,566306,98.904716,35406.721599,35406.829088,1, 0, 0, 1,0.659424,-6.896956,3.811192,-1,2
68475,566307,99.194885,35407.011767,35407.119257,1, 0, 0, 1,5.551568,0.175892,-5.176975,-1,2
68475,566308,99.415627,35407.232509,35407.339999,1, 0, 0, 1,-3.826839,-2.447188,-10.532625,-1,2
68475,566309,99.460510,35407.277392,35407.384882,1, 0, 0, 1,-5.899011,4.532765,-2.605823,-1,2
68475,566310,99.491281,35407.308162,35407.415653,0, 0, 0, 0,-99.000000,-99.000000,-99.000000,-1,1
68475,566311,99.636868,35407.453749,35407.561240,0, 0, 0, 0,-99.000000,-99.000000,-99.000000,-1,1
68475,566312,99.972658,35407.789538,35407.897030,0, 0, 0, 0,-99.000000,-99.000000,-99.000000,-1,0
68475,566313,100.041396,35407.858277,35407.965768,1, 0, 0, 1,-4.720600,-0.955140,-3.477024,-1,2
68475,566314,100.290774,35408.107654,35408.215146,1, 0, 0, 1,2.010941,-0.470746,17.751152,-1,2
68475,566315,100.304696,35408.121576,35408.229068,1, 0, 0, 1,-6.913768,3.310503,-19.348380,-1,5
68475,566316,100.428575,35408.245454,35408.352947,0, 0, 0, 0,-99.000000,-99.000000,-99.000000,-1,1
68475,566317,100.436313,35408.253193,35408.360685,1, 0, 0, 1,-0.889072,-1.046485,3.876355,-1,2
68475,566318,100.496849,35408.313728,35408.421221,1, 0, 0, 1,-2.432608,-9.727698,18.795586,-1,2
68475,566319,100.569282,35408.386161,35408.493654,0, 0, 0, 0,-99.000000,-99.000000,-99.000000,-1,1
68475,566320,100.637605,35408.454484,35408.561977,1, 0, 0, 1,4.923010,2.001988,-3.645921,-1,2
68475,566321,100.764002,35408.580881,35408.688374,0, 0, 0, 0,-99.000000,-99.000000,-99.000000,-1,1
68475,566322,100.886692,35408.703570,35408.811064,1, 0, 0, 1,5.537567,-5.073322,18.359092,-1,2
68475,566323,100.919403,35408.736282,35408.843775,0, 0, 0, 0,-99.000000,-99.000000,-99.000000,-1,1
68475,566324,101.021566,35408.838444,35408.945938,1, 0, 0, 1,1.279914,-5.795253,13.503171,-1,2
68475,566325,101.206260,35409.023138,35409.130632,1, 0, 0, 1,6.525616,3.455120,6.857060,-1,2
68475,566326,101.248338,35409.065216,35409.172710,1, 0, 0, 1,7.372006,-1.429644,5.196289,-1,2
68475,566327,101.313632,35409.130510,35409.238004,0, 0, 0, 0,-99.000000,-99.000000,-99.000000,-1,0
68475,566328,101.381058,35409.197935,35409.305430,0, 0, 0, 0,-99.000000,-99.000000,-99.000000,-1,0
68475,566329,101.394673,35409.211551,35409.319045,0, 0, 0, 0,-99.000000,-99.000000,-99.000000,-1,1
68475,566330,101.398410,35409.215287,35409.322782,0, 0, 0, 0,-99.000000,-99.000000,-99.000000,-1,0
68475,566331,101.580059,35409.396937,35409.504431,0, 0, 0, 0,-99.000000,-99.000000,-99.000000,-1,0
68475,566332,101.636438,35409.453315,35409.560810,1, 0, 0, 1,-0.935784,3.384881,-15.759420,-1,2
68475,566333,101.838318,35409.655195,35409.762690,1, 0, 0, 1,-3.154620,10.076651,19.447621,-1,2
68475,566334,101.957546,35409.774422,35409.881917,1, 0, 0, 1,6.064633,2.080625,-14.459745,-1,2
68475,566335,102.174550,35409.991426,35410.098922,1, 0, 0, 1,7.667549,-0.310804,-13.372622,-1,2
68475,566336,102.293514,35410.110390,35410.217886,0, 0, 0, 0,-99.000000,-99.000000,-99.000000,-1,0
68475,566337,102.468423,35410.285298,35410.392795,0, 0, 0, 0,-99.000000,-99.000000,-99.000000,-1,1
68475,566338,102.564328,35410.381203,35410.488700,1, 0, 0, 1,-5.289727,4.350859,-17.138828,-1,2
68475,566339,102.771899,35410.588774,35410.696271,0, 0, 0, 0,-99.000000,-99.000000,-99.000000,-1,0
68475,566340,102.874643,35410.691517,35410.799014,1, 0, 0, 1,2.187159,8.558951,12.278630,-1,2
68475,566341,102.958359,35410.775233,35410.882731,0, 0, 0, 0,-99.000000,-99.000000,-99.000000,-1,1
68475,566342,102.998985,35410.815859,35410.923357,0, 0, 0, 0,-99.000000,-99.000000,-99.000000,-1,0
68475,566343,103.002332,35410.819207,35410.926704,1, 0, 0, 1,-12.404440,-2.372301,21.579515,-1,2
68475,566344,103.119776,35410.936650,35411.044148,1, 0, 0, 1,2.807577,7.352748,15.513629,-1,2
68475,566345,103.409237,35411.226110,35411.333609,1, 0, 0, 1,-3.640363,-0.550331,11.284752,-1,2
68475,566346,103.459622,35411.276495,35411.383994,0, 0, 0, 0,-99.000000,-99.000000,-99.000000,-1,1
68475,566347,103.460604,35411.277477,35411.384976,1, 0, 0, 1,-6.781636,-1.454580,-15.114448,-1,2
68475,566348,103.562303,35411.379176,35411.486675,0, 0, 0, 0,-99.000000,-99.000000,-99.000000,-1,0
68475,566349,103.604737,35411.421610,35411.529109,0, 0, 0, 0,-99.000000,-99.000000,-99.000000,-1,1
68475,566350,103.857183,35411.674055,35411.781554,1, 0, 0, 1,4.000611,-5.073349,14.159360,-1,2
68475,566351,103.860633,35411.677505,35411.785005,1, 0, 0, 1,7.538358,-2.309937,-11.517810,-1,2
68475,566352,103.947430,35411.764302,35411.871802,1, 0, 0, 1,-5.410923,-0.469569,2.128780,-1,2
68475,566353,104.207041,35412.023913,35412.131413,1, 0, 0, 1,-0.340305,3.268523,-10.528818,-1,2
68475,566354,104.332452,35412.149323,35412.256823,1, 0, 0, 1,-4.217958,9.340502,-12.237438,-1,2
68475,566355,104.406384,35412.223255,35412.330756,0, 0, 0, 0,-99.000000,-99.000000,-99.000000,-1,1
68475,566356,104.440614,35412.257485,35412.364986,0, 0, 0, 0,-99.000000,-99.000000,-99.000000,-1,0
68475,566357,104.483221,35412.300092,35412.407593,0, 0, 0, 0,-99.000000,-99.000000,-99.000000,-1,1
68475,566358,104.609982,35412.426853,35412.534354,0, 0, 0, 0,-99.000000,-99.000000,-99.000000,-1,1
68475,566359,104.612015,35412.428886,35412.536387,1, 0, 0, 1,-7.768960,-3.732563,16.064488,-1,2
68475,566360,104.654458,35412.471329,35412.578830,0, 0, 0, 0,-99.000000,-99.000000,-99.000000,-1,0
68475,566361,104.662788,35412.479659,35412.587160,0, 0, 0, 0,-99.000000,-99.000000,-99.000000,-1,0
68475,566362,104.687147,35412.504018,35412.611519,1, 0, 0, 1,-1.412990,2.911590,13.554314,-1,2
68475,566363,104.827781,35412.644652,35412.752153,0, 0, 0, 0,-99.000000,-99.000000,-99.000000,-1,0
68475,566364,104.926157,35412.743027,35412.850529,1, 0, 0, 1,1.084831,0.357211,4.903411,-1,2
68475,566365,105.064946,35412.881816,35412.989318,1, 0, 0, 1,-1.935365,4.223547,18.029142,-1,2
68475,566366,105.419791,35413.236661,35413.344163,1, 0, 0, 1,-7.140460,-2.703454,-6.689897,-1,2
68475,566367,105.439882,35413.256751,35413.364254,0, 0, 0, 0,-99.000000,-99.000000,-99.000000,-1,1
68475,566368,105.486418,35413.303287,35413.410790,1, 0, 0, 1,-1.155861,3.829043,4.887730,-1,2
68475,566369,105.630572,35413.447440,35413.554943,0, 0, 0, 0,-99.000000,-99.000000,-99.000000,-1,1
68475,566370,105.669725,35413.486593,35413.594096,1, 0, 0, 1,5.971857,-4.604334,-4.264487,-1,2
68475,566371,105.944408,35413.761276,35413.868780,0, 0, 0, 0,-99.000000,-99.000000,-99.000000,-1,1
68475,566372,106.261695,35414.078563,35414.186067,0, 0, 0, 0,-99.000000,-99.000000,-99.000000,-1,1
68475,566373,106.331440,35414.148307,35414.255812,1, 0, 0, 1,-3.290736,-3.002420,-11.660393,-1,2
68475,566374,106.336566,35414.153433,35414.260938,0, 0, 0, 0,-99.000000,-99.000000,-99.000000,-1,0
68475,566375,106.480201,35414.297068,35414.404573,1, 0, 0, 1,6.651330,4.927510,15.186168,-1,2
68475,566376,106.529843,35414.346710,35414.454215,1, 0, 0, 1,0.381268,5.419738,-14.600941,-1,2
68475,566377,106.584681,35414.401548,35414.509053,0, 0, 0, 0,-99.000000,-99.000000,-99.000000,-1,1
68475,566378,106.591271,35414.408138,35414.515643,1, 0, 0, 1,5.319122,-1.963409,-18.503216,-1,3
68475,566379,106.598086,35414.414953,35414.522458,1, 0, 0, 1,8.281650,-4.298326,19.191913,-1,2
68475,566380,106.785196,35414.602063,35414.709568,0, 0, 0, 0,-99.000000,-99.000000,-99.000000,-1,1
68475,566381,106.855473,35414.672339,35414.779845,0, 0, 0, 0,-99.000000,-99.000000,-99.000000,-1,1
68475,566382,106.880965,35414.697831,35414.805337,0, 0, 0, 0,-99.000000,-99.000000,-99.000000,-1,1
68475,566383,106.959305,35414.776171,35414.883677,1, 0, 0, 1,-2.483745,6.495027,-18.948665,-1,2
68475,566384,107.084935,35414.901801,35415.009307,1, 0, 0, 1,-7.649357,-0.244440,-18.680237,-1,2
68475,566385,107.091074,35414.907940,35415.015446,0, 0, 0, 0,-99.000000,-99.000000,-99.000000,-1,1
68475,566386,107.112488,35414.929354,35415.036860,0, 0, 0, 0,-99.000000,-99.000000,-99.000000,-1,1
68475,566387,107.264683,35415.081549,35415.189055,0, 0, 0, 0,-99.000000,-99.000000,-99.000000,-1,1
68475,566388,107.299886,35415.116752,35415.224258,1, 0, 0, 1,-0.362836,6.794781,-18.015567,-1,2
68475,566389,107.397268,35415.214133,35415.321640,1, 0, 0, 1,2.942648,1.067608,7.002088,-1,2
68475,566390,107.560353,35415.377218,35415.484725,1, 0, 0, 1,3.428599,2.350974,16.762104,-1,2
68475,566391,107.568229,35415.385094,35415.492601,1, 0, 0, 1,1.878658,-5.689408,-8.423971,-1,2
68475,566392,107.655725,35415.472590,35415.580097,0, 0, 0, 0,-99.000000,-99.000000,-99.000000,-1,1
68475,566393,107.752655,35415.569520,35415.677027,0, 0, 0, 0,-99.000000,-99.000000,-99.000000,-1,0
68475,566394,107.790500,35415.607365,35415.714872,1, 0, 0, 1,6.499895,-3.290180,18.851630,-1,2
68475,566395,107.904230,35415.721094,35415.828601,1, 0, 0, 1,3.255678,2.122842,-8.282346,-1,2
68475,566396,107.993430,35415.810294,35415.917802,1, 0, 0, 1,1.024657,-7.773901,19.769229,-1,2
68475,566397,108.377894,35416.194758,35416.302266,1, 0, 0, 1,-6.160687,8.634008,-5.975791,-1,2
68475,566398,108.445575,35416.262438,35416.369947,1, 0, 0, 1,2.569329,5.713997,-3.605478,-1,2
68475,566399,109.062296,35416.879158,35416.986668,0, 0, 0, 0,-99.000000,-99.000000,-99.000000,-1,0
68475,566400,109.388308,35417.205169,35417.312680,1, 0, 0, 1,7.540184,2.450720,19.110815,-1,2
68475,566401,109.507391,35417.324252,35417.431763,1, 0, 0, 1,-0.449737,-1.649273,13.311571,-1,2
68475,566402,109.649925,35417.466786,35417.574297,0, 0, 0, 0,-99.000000,-99.000000,-99.000000,-1,1
68475,566403,109.879331,35417.696191,35417.803703,1, 0, 0, 1,-4.346908,-0.106874,5.996633,-1,2
68475,566404,109.926131,35417.742991,35417.850503,0, 0, 0, 0,-99.000000,-99.000000,-99.000000,-1,0
68475,566405,110.050278,35417.867138,35417.974650,1, 0, 0, 1,0.748345,4.599704,-4.559318,-1,2
68475,566406,110.281085,35418.097945,35418.205457,1, 0, 0, 1,5.181231,8.891711,-9.561983,-1,2
68475,566407,110.411534,35418.228393,35418.335905,0, 0, 0, 0,-99.000000,-99.000000,-99.000000,-1,0
68475,566408,110.447391,35418.264250,35418.371763,1, 0, 0, 1,-1.763183,2.272850,-13.335058,-1,2
68475,566409,110.503761,35418.320620,35418.428133,1, 0, 0, 1,3.352378,2.731413,-6.322759,-1,3
68475,566410,110.580966,35418.397825,35418.505338,1, 0, 0, 1,-3.524356,-7.830839,-15.515637,-1,2
68475,566411,110.581674,35418.398533,35418.506046,0, 0, 0, 0,-99.000000,-99.000000,-99.000000,-1,1
68475,566412,110.586944,35418.403803,35418.511316,0, 0, 0, 0,-99.000000,-99.000000,-99.000000,-1,1
68475,566413,110.699533,35418.516392,35418.623905,1, 0, 0, 1,-4.583044,9.999987,8.795742,-1,4
68475,566414,110.948081,35418.764939,35418.872453,1, 0, 0, 1,2.287105,8.082806,-2.656839,-1,2
68475,566415,111.069644,35418.886502,35418.994016,1, 0, 0, 1,4.880817,0.817761,-7.813505,-1,2
68475,566416,111.090706,35418.907564,35419.015078,0, 0, 0, 0,-99.000000,-99.000000,-99.000000,-1,1
68475,566417,111.187861,35419.004719,35419.112233,0, 0, 0, 0,-99.000000,-99.000000,-99.000000,-1,1
68475,566418,111.196754,35419.013611,35419.121126,1, 0, 0, 1,3.543692,-5.435998,-9.478237,-1,2
68475,566419,111.231434,35419.048291,35419.155806,1, 0, 0, 1,5.995370,-3.803578,-4.927646,-1,2
68475,566420,111.750570,35419.567426,35419.674942,1, 0, 0, 1,-5.214299,-1.875691,-8.970727,-1,2
68475,566421,111.788897,35419.605753,35419.713269,0, 0, 0, 0,-99.000000,-99.000000,-99.000000,-1,1
68475,566422,111.862094,35419.678951,35419.786466,0, 0, 0, 0,-99.000000,-99.000000,-99.000000,-1,1
68475,566423,111.869298,35419.686155,35419.793670,0, 0, 0, 0,-99.000000,-99.000000,-99.000000,-1,0
68475,566424,111.873047,35419.689903,35419.797419,0, 0, 0, 0,-99.000000,-99.000000,-99.000000,-1,1
68475,566425,112.392367,35420.209222,35420.316739,0, 0, 0, 0,-99.000000,-99.000000,-99.000000,-1,1
68475,566426,112.400094,35420.216949,35420.324466,1, 0, 0, 1,5.655917,-1.574679,13.613480,-1,2
68475,566427,112.407393,35420.224248,35420.331765,1, 0, 0, 1,3.294650,-6.579949,1.760815,-1,3
68475,566428,112.422211,35420.239066,35420.346583,1, 0, 0, 1,2.413616,-9.643839,-21.152736,-1,2
68475,566429,112.593305,35420.410159,35420.517676,0, 0, 0, 0,-99.000000,-99.000000,-99.000000,-1,1
68475,566430,112.673893,35420.490748,35420.598265,1, 0, 0, 1,7.762781,-8.143748,19.764995,-1,2
68475,566431,112.915590,35420.732444,35420.839962,1, 0, 0, 1,4.085618,-1.463018,-13.473676,-1,2
68475,566432,113.119012,35420.935866,35421.043384,1, 0, 0, 1,5.574637,1.442131,-14.981297,-1,2
68475,566433,113.135126,35420.951979,35421.059498,1, 0, 0, 1,-4.228202,7.910748,-0.720194,-1,2
68475,566434,113.151160,35420.968014,35421.075532,0, 0, 0, 0,-99.000000,-99.000000,-99.000000,-1,1
68475,566435,113.235509,35421.052362,35421.159881,0, 0, 0, 0,-99.000000,-99.000000,-99.000000,-1,1
68475,566436,113.290661,35421.107515,35421.215033,0, 0, 0, 0,-99.000000,-99.000000,-99.000000,-1,1
68475,566437,113.381601,35421.198454,35421.305973,1, 0, 0, 1,-4.162048,4.207841,-4.757715,-1,2
68475,566438,113.833781,35421.650633,35421.758152,1, 0, 0, 1,0.830140,9.947347,14.049700,-1,2
68475,566439,113.847733,35421.664585,35421.772105,1, 0, 0, 1,-5.737670,7.582160,0.765203,-1,2
68475,566440,113.955555,35421.772407,35421.879927,1, 0, 0, 1,1.763467,-5.249961,17.257352,-1,2
68475,566441,114.122757,35421.939608,35422.047128,0, 0, 0, 0,-99.000000,-99.000000,-99.000000,-1,1
68475,566442,114.223680,35422.040531,35422.148051,1, 0, 0, 1,1.387884,3.224260,-9.489324,-1,2
68475,566443,114.239193,35422.056044,35422.163565,0, 0, 0, 0,-99.000000,-99.000000,-99.000000,-1,1
68475,566444,114.261403,35422.078254,35422.185775,0, 0, 0, 0,-99.000000,-99.000000,-99.000000,-1,1
68475,566445,114.372720,35422.189571,35422.297092,0, 0, 0, 0,-99.000000,-99.000000,-99.000000,-1,0
68475,566446,114.400662,35422.217513,35422.325034,1, 0, 0, 1,3.431853,2.138035,-12.380803,-1,2
68475,566447,114.638002,35422.454853,35422.562374,0, 0, 0, 0,-99.000000,-99.000000,-99.000000,-1,1
68475,566448,115.036179,35422.853029,35422.960551,1, 0, 0, 1,1.276042,-4.242496,-4.921972,-1,2
68475,566449,115.100629,35422.917479,35423.025001,0, 0, 0, 0,-99.000000,-99.000000,-99.000000,-1,0
68475,566450,115.164719,35422.981568,35423.089091,0, 0, 0, 0,-99.000000,-99.000000,-99.000000,-1,0
68475,566451,115.185800,35423.002649,35423.110172,0, 0, 0, 0,-99.000000,-99.000000,-99.000000,-1,1
68475,566452,115.517667,35423.334516,35423.442039,0, 0, 0, 0,-99.000000,-99.000000,-99.000000,-1,1
68475,566453,115.722404,35423.539253,35423.646776,0, 0, 0, 0,-99.000000,-99.000000,-99.000000,-1,0
68475,566454,115.737864,35423.554712,35423.662236,1, 0, 0, 1,4.944079,5.446595,-3.566483,-1,2
68475,566455,115.969399,35423.786247,35423.893771,1, 0, 0, 1,-8.456531,0.636029,5.108352,-1,2
68475,566456,116.007343,35423.824190,35423.931714,0, 0, 0, 0,-99.000000,-99.000000,-99.000000,-1,1
68475,566457,116.042588,35423.859435,35423.966960,0, 0, 0, 0,-99.000000,-99.000000,-99.000000,-1,1
68475,566458,116.070118,35423.886966,35423.994490,0, 0, 0, 0,-99.000000,-99.000000,-99.000000,-1,1
68475,566459,116.097672,35423.914519,35424.022044,1, 0, 0, 1,0.161901,-3.596526,17.736339,-1,2
68475,566460,116.485560,35424.302406,35424.409931,1, 0, 0, 1,-5.949860,0.342487,10.902796,-1,2
68475,566461,116.509988,35424.326834,35424.434360,0, 0, 0, 0,-99.000000,-99.000000,-99.000000,-1,0
68475,566462,116.555740,35424.372587,35424.480112,1, 0, 0, 1,-1.121563,-2.029188,-5.951450,-1,2
68475,566463,116.556203,35424.373050,35424.480575,1, 0, 0, 1,-0.633201,1.036637,-10.092122,-1,2
68475,566464,116.757807,35424.574654,35424.682179,0, 0, 0, 0,-99.000000,-99.000000,-99.000000,-1,0
68475,566465,116.828671,35424.645517,35424.753043,1, 0, 0, 1,-0.135435,-0.896587,11.378672,-1,2
68475,566466,116.895999,35424.712845,35424.820371,1, 0, 0, 1,3.215891,8.914619,5.923248,-1,2
68475,566467,117.060196,35424.877042,35424.984568,1, 0, 0, 1,-0.477225,-1.477064,-14.039439,-1,2
68475,566468,117.241630,35425.058475,35425.166002,1, 0, 0, 1,2.380927,8.195488,13.162503,-1,2
68475,566469,117.399574,35425.216419,35425.323946,1, 0, 0, 1,-7.185173,-3.987160,-6.833297,-1,2
68475,566470,117.434793,35425.251638,35425.359165,1, 0, 0, 1,6.437899,-3.642960,-6.879566,-1,2
68475,566471,117.669440,35425.486284,35425.593812,0, 0, 0, 0,-99.000000,-99.000000,-99.000000,-1,1
68475,566472,117.721795,35425.538640,35425.646167,0, 0, 0, 0,-99.000000,-99.000000,-99.000000,-1,1
68475,566473,117.756171,35425.573015,35425.680543,0, 0, 0, 0,-99.000000,-99.000000,-99.000000,-1,1
68475,566474,117.763956,35425.580800,35425.688328,1, 0, 0, 1,-4.666589,2.593490,15.386331,-1,2
68475,566475,117.966293,35425.783137,35425.890665,1, 0, 0, 1,-1.442698,-1.327291,1.305011,-1,2
68475,566476,117.967957,35425.784801,35425.892329,1, 0, 0, 1,5.931901,6.685494,13.916186,-1,2
68475,566477,118.095985,35425.912828,35426.020357,1, 0, 0, 1,-5.420897,-5.425889,8.258410,-1,2
68475,566478,118.153454,35425.970297,35426.077826,1, 0, 0, 1,2.483395,-1.216201,19.971239,-1,2
68475,566479,118.173324,35425.990167,35426.097696,1, 0, 0, 1,3.817990,5.633945,-5.686096,-1,2
68475,566480,118.197195,35426.014039,35426.121567,1, 0, 0, 1,-2.892791,-6.792443,8.874072,-1,2
68475,566481,118.251731,35426.068574,35426.176102,1, 0, 0, 1,-1.199211,7.158548,-12.039019,-1,2
68475,566482,118.433513,35426.250356,35426.357885,0, 0, 0, 0,-99.000000,-99.000000,-99.000000,-1,0
68475,566483,118.569656,35426.386499,35426.494028,1, 0, 0, 1,5.170689,2.501118,5.644152,-1,2
68475,566484,118.570405,35426.387248,35426.494777,1, 0, 0, 1,-0.529743,-2.248889,-2.040822,-1,2
68475,566485,118.572357,35426.389199,35426.496729,0, 0, 0, 0,-99.000000,-99.000000,-99.000000,-1,1
68475,566486,118.610039,35426.426881,35426.534411,1, 0, 0, 1,6.598932,2.953742,4.484102,-1,2
68475,566487,119.110651,35426.927493,35427.035023,1, 0, 0, 1,-1.927389,9.167562,-5.907699,-1,2
68475,566488,119.168216,35426.985058,35427.092588,1, 0, 0, 1,1.017459,-15.278696,9.359675,-1,2
68475,566489,119.318760,35427.135601,35427.243132,1, 0, 0, 1,0.141999,-1.401924,5.621703,-1,2
68475,566490,119.323248,35427.140089,35427.247620,0, 0, 0, 0,-99.000000,-99.000000,-99.000000,-1,0
68475,566491,119.370859,35427.187700,35427.295231,1, 0, 0, 1,8.398681,1.862049,8.385131,-1,2
68475,566492,119.549149,35427.365990,35427.473521,0, 0, 0, 0,-99.000000,-99.000000,-99.000000,-1,0
68475,566493,119.742551,35427.559391,35427.666923,0, 0, 0, 0,-99.000000,-99.000000,-99.000000,-1,1
68475,566494,119.911957,35427.728797,35427.836329,1, 0, 0, 1,-4.090647,5.794259,15.289128,-1,2
68475,566495,119.996733,35427.813573,35427.921105,1, 0, 0, 1,-1.105456,7.233699,-19.120693,-1,2
68475,566496,120.162315,35427.979154,35428.086687,1, 0, 0, 1,8.697095,-4.808803,17.853526,-1,2
68475,566497,120.185118,35428.001957,35428.109490,1, 0, 0, 1,-0.209847,-0.858795,-1.437229,-1,2
68475,566498,120.385041,35428.201880,35428.309413,0, 0, 0, 0,-99.000000,-99.000000,-99.000000,-1,0
68475,566499,120.468623,35428.285461,35428.392995,1, 0, 0, 1,-4.860048,1.555584,-10.421166,-1,2
68475,566500,120.491100,35428.307939,35428.415472,1, 0, 0, 1,-4.442706,-4.933095,2.244245,-1,2
68475,566501,120.599193,35428.416031,35428.523565,1, 0, 0, 1,1.381322,-0.199121,9.176992,-1,2
68475,566502,120.720110,35428.536948,35428.644482,1, 0, 0, 1,3.499228,-6.490353,15.359172,-1,2
68475,566503,120.947053,35428.763891,35428.871425,1, 0, 0, 1,7.318633,3.406906,-14.640432,-1,2
68475,566504,121.188244,35429.005081,35429.112616,1, 0, 0, 1,-4.304700,0.960872,-4.226562,-1,2
68475,566505,121.200193,35429.017030,35429.124565,0, 0, 0, 0,-99.000000,-99.000000,-99.000000,-1,1
68475,566506,121.207968,35429.024805,35429.132340,0, 0, 0, 0,-99.000000,-99.000000,-99.000000,-1,1
68475,566507,121.338747,35429.155583,35429.263118,0, 0, 0, 0,-99.000000,-99.000000,-99.000000,-1,1
68475,566508,121.482908,35429.299745,35429.407280,1, 0, 0, 1,-0.591809,6.792886,15.778116,-1,2
68475,566509,121.731365,35429.548201,35429.655737,1, 0, 0, 1,9.929705,-12.139327,2.142330,-1,2
68475,566510,121.736809,35429.553645,35429.661181,0, 0, 0, 0,-99.000000,-99.000000,-99.000000,-1,1
68475,566511,121.803712,35429.620548,35429.728084,1, 0, 0, 1,5.722537,-2.948426,22.031696,-1,2
68475,566512,122.005451,35429.822287,35429.929823,0, 0, 0, 0,-99.000000,-99.000000,-99.000000,-1,1
68475,566513,122.037603,35429.854438,35429.961975,1, 0, 0, 1,0.283435,2.590186,8.843407,-1,2
68475,566514,122.108861,35429.925696,35430.033233,0, 0, 0, 0,-99.000000,-99.000000,-99.000000,-1,1
68475,566515,122.143271,35429.960106,35430.067642,1, 0, 0, 1,-0.164740,-1.812950,-6.457815,-1,2
68475,566516,122.146532,35429.963368,35430.070904,0, 0, 0, 0,-99.000000,-99.000000,-99.000000,-1,0
68475,566517,122.360502,35430.177337,35430.284874,1, 0, 0, 1,-6.811416,-0.637250,-17.206111,-1,2
68475,566518,122.363374,35430.180208,35430.287746,1, 0, 0, 1,-2.628039,4.254983,-1.284891,-1,2
68475,566519,122.389526,35430.206360,35430.313897,1, 0, 0, 1,2.968233,5.358460,-15.552251,-1,2
68475,566520,122.702332,35430.519166,35430.626704,0, 0, 0, 0,-99.000000,-99.000000,-99.000000,-1,1
68475,566521,122.829750,35430.646584,35430.754122,0, 0, 0, 0,-99.000000,-99.000000,-99.000000,-1,1
68475,566522,122.913841,35430.730675,35430.838213,1, 0, 0, 1,0.073852,5.840636,-16.864275,-1,2
68475,566523,122.946003,35430.762836,35430.870374,1, 0, 0, 1,2.614883,3.682337,-1.228643,-1,2
68475,566524,123.017029,35430.833862,35430.941401,0, 0, 0, 0,-99.000000,-99.000000,-99.000000,-1,1
68475,566525,123.227419,35431.044252,35431.151791,1, 0, 0, 1,-0.515418,2.775650,-6.961471,-1,2
68475,566526,123.608275,35431.425107,35431.532647,1, 0, 0, 1,-2.014673,1.975330,6.464237,-1,2
68475,566527,123.648641,35431.465473,35431.573012,0, 0, 0, 0,-99.000000,-99.000000,-99.000000,-1,0
68475,566528,124.076456,35431.893287,35432.000828,0, 0, 0, 0,-99.000000,-99.000000,-99.000000,-1,0
68475,566529,124.248435,35432.065266,35432.172807,1, 0, 0, 1,2.710290,-7.526389,6.265494,-1,2
68475,566530,124.283485,35432.100316,35432.207857,0, 0, 0, 0,-99.000000,-99.000000,-99.000000,-1,1
68475,566531,124.521537,35432.338368,35432.445909,0, 0, 0, 0,-99.000000,-99.000000,-99.000000,-1,1
68475,566532,124.544862,35432.361692,35432.469234,1, 0, 0, 1,-5.856724,-9.658954,-7.446546,-1,2
68475,566533,124.614332,35432.431162,35432.538704,1, 0, 0, 1,-3.715881,-0.035336,6.992477,-1,2
68475,566534,124.667440,35432.484270,35432.591812,0, 0, 0, 0,-99.000000,-99.000000,-99.000000,-1,0
68475,566535,124.772318,35432.589148,35432.696690,0, 0, 0, 0,-99.000000,-99.000000,-99.000000,-1,1
68475,566536,124.863036,35432.679866,35432.787408,0, 0, 0, 0,-99.000000,-99.000000,-99.000000,-1,0
68475,566537,124.870043,35432.686873,35432.794415,1, 0, 0, 1,-0.228656,-4.179987,-2.425657,-1,2
68475,566538,125.166837,35432.983666,35433.091209,0, 0, 0, 0,-99.000000,-99.000000,-99.000000,-1,1
68475,566539,125.562497,35433.379325,35433.486869,0, 0, 0, 0,-99.000000,-99.000000,-99.000000,-1,1
68475,566540,125.576946,35433.393775,35433.501318,1, 0, 0, 1,1.503789,5.076083,6.226616,-1,2
68475,566541,125.640073,35433.456901,35433.564445,0, 0, 0, 0,-99.000000,-99.000000,-99.000000,-1,0
68475,566542,125.766076,35433.582904,35433.690448,0, 0, 0, 0,-99.000000,-99.000000,-99.000000,-1,1
68475,566543,125.775236,35433.592064,35433.699608,0, 0, 0, 0,-99.000000,-99.000000,-99.000000,-1,1
68475,566544,125.783015,35433.599843,35433.707387,1, 0, 0, 1,-7.682387,-1.032326,-12.946344,-1,2
68475,566545,125.902432,35433.719259,35433.826804,1, 0, 0, 1,-9.154846,-0.407618,14.085719,-1,2
68475,566546,126.068722,35433.885549,35433.993094,1, 0, 0, 1,8.559379,-0.641564,-12.943585,-1,2
68475,566547,126.094788,35433.911615,35434.019160,1, 0, 0, 1,1.608195,6.340107,-12.818268,-1,2
68475,566548,126.305998,35434.122825,35434.230370,0, 0, 0, 0,-99.000000,-99.000000,-99.000000,-1,1
68475,566549,126.360061,35434.176888,35434.284433,1, 0, 0, 1,-1.801270,-1.671865,-10.814895,-1,2
68475,566550,126.545773,35434.362599,35434.470145,0, 0, 0, 0,-99.000000,-99.000000,-99.000000,-1,1
68475,566551,126.564764,35434.381590,35434.489136,1, 0, 0, 1,5.132206,-2.621605,6.050795,-1,2
68475,566552,126.566932,35434.383758,35434.491304,0, 0, 0, 0,-99.000000,-99.000000,-99.000000,-1,1
68475,566553,126.765963,35434.582789,35434.690335,1, 0, 0, 1,-5.656106,1.801609,5.869338,-1,2
68475,566554,126.944279,35434.761105,35434.868651,0, 0, 0, 0,-99.000000,-99.000000,-99.000000,-1,0
68475,566555,127.045053,35434.861879,35434.969425,0, 0, 0, 0,-99.000000,-99.000000,-99.000000,-1,0
68475,566556,127.067595,35434.884420,35434.991967,1, 0, 0, 1,4.693571,-4.722932,-6.303521,-1,2
68475,566557,127.126897,35434.943722,35435.051269,0, 0, 0, 0,-99.000000,-99.000000,-99.000000,-1,0
68475,566558,127.151672,35434.968497,35435.076044,1, 0, 0, 1,-8.781264,-1.972164,-19.647440,-1,2
68475,566559,127.177322,35434.994146,35435.101693,1, 0, 0, 1,-3.176319,-0.679531,-9.595434,-1,2
68475,566560,127.210013,35435.026838,35435.134385,1, 0, 0, 1,0.195809,-5.736564,0.025743,-1,2
68475,566561,127.347320,35435.164144,35435.271692,1, 0, 0, 1,8.058260,5.838564,20.119740,-1,3
68475,566562,127.499012,35435.315836,35435.423384,1, 0, 0, 1,-1.148146,8.311939,2.655630,-1,2
68475,566563,127.560208,35435.377032,35435.484579,0, 0, 0, 0,-99.000000,-99.000000,-99.000000,-1,1
68475,566564,127.649182,35435.466006,35435.573554,0, 0, 0, 0,-99.000000,-99.000000,-99.000000,-1,1
68475,566565,127.735166,35435.551989,35435.659538,0, 0, 0, 0,-99.000000,-99.000000,-99.000000,-1,1
68475,566566,127.789844,35435.606668,35435.714216,1, 0, 0, 1,-2.001905,-7.009549,-1.489178,-1,2
68475,566567,128.029146,35435.845969,35435.953518,0, 0, 0, 0,-99.000000,-99.000000,-99.000000,-1,1
68475,566568,128.041490,35435.858313,35435.965862,1, 0, 0, 1,-1.651888,-5.698565,8.601587,-1,4
68475,566569,128.115349,35435.932172,35436.039720,1, 0, 0, 1,3.612549,-1.188550,-11.156574,-1,2
68475,566570,128.239114,35436.055937,35436.163486,1, 0, 0, 1,-1.073141,-2.416801,11.067660,-1,2
68475,566571,128.348402,35436.165224,35436.272774,0, 0, 0, 0,-99.000000,-99.000000,-99.000000,-1,1
68475,566572,128.371048,35436.187871,35436.295420,0, 0, 0, 0,-99.000000,-99.000000,-99.000000,-1,1
68475,566573,128.426272,35436.243094,35436.350644,1, 0, 0, 1,-0.902222,-0.547508,-14.784183,-1,2
68475,566574,128.578765,35436.395587,35436.503136,0, 0, 0, 0,-99.000000,-99.000000,-99.000000,-1,1
68475,566575,128.594545,35436.411367,35436.518917,0, 0, 0, 0,-99.000000,-99.000000,-99.000000,-1,0
68475,566576,128.649772,35436.466594,35436.574144,0, 0, 0, 0,-99.000000,-99.000000,-99.000000,-1,0
68475,566577,128.832316,35436.649138,35436.756688,0, 0, 0, 0,-99.000000,-99.000000,-99.000000,-1,1
68475,566578,128.834872,35436.651693,35436.759244,0, 0, 0, 0,-99.000000,-99.000000,-99.000000,-1,1
68475,566579,128.843341,35436.660163,35436.767713,0, 0, 0, 0,-99.000000,-99.000000,-99.000000,-1,1
68475,566580,128.998350,35436.815171,35436.922722,0, 0, 0, 0,-99.000000,-99.000000,-99.000000,-1,0
68475,566581,129.036814,35436.853635,35436.961186,0, 0, 0, 0,-99.000000,-99.000000,-99.000000,-1,1
68475,566582,129.052720,35436.869541,35436.977092,0, 0, 0, 0,-99.000000,-99.000000,-99.000000,-1,0
68475,566583,129.313142,35437.129963,35437.237514,0, 0, 0, 0,-99.000000,-99.000000,-99.000000,-1,0
68475,566584,129.538291,35437.355111,35437.462663,1, 0, 0, 1,-6.518546,-3.698558,12.532612,-1,3
68475,566585,129.655419,35437.472238,35437.579790,0, 0, 0, 0,-99.000000,-99.000000,-99.000000,-1,0
68475,566586,129.760425,35437.577245,35437.684797,0, 0, 0, 0,-99.000000,-99.000000,-99.000000,-1,0
68475,566587,129.911977,35437.728797,35437.836349,1, 0, 0, 1,3.190856,-1.069840,-1.798927,-1,2
68475,566588,129.916383,35437.733202,35437.840755,1, 0, 0, 1,1.486576,0.493663,-4.367148,-1,2
68475,566589,130.018970,35437.835789,35437.943342,1, 0, 0, 1,6.407281,-4.039324,-12.743104,-1,2
68475,566590,130.030238,35437.847057,35437.954610,1, 0, 0, 1,-4.426546,5.760573,-15.001414,-1,2
68475,566591,130.160330,35437.977149,35438.084702,1, 0, 0, 1,-1.470617,1.904069,1.010654,-1,2
68475,566592,130.176207,35437.993026,35438.100579,1, 0, 0, 1,1.588701,1.333068,-8.101200,-1,3
68475,566593,130.310556,35438.127375,35438.234928,1, 0, 0, 1,-2.726805,-0.035330,19.204477,-1,2
68475,566594,130.409593,35438.226411,35438.333964,1, 0, 0, 1,2.199046,-6.212472,3.431753,-1,2
68475,566595,130.971194,35438.788012,35438.895566,1, 0, 0, 1,0.212116,7.705844,10.055736,-1,2
68475,566596,130.994305,35438.811122,35438.918677,0, 0, 0, 0,-99.000000,-99.000000,-99.000000,-1,1
68475,566597,131.045849,35438.862666,35438.970221,1, 0, 0, 1,-2.080064,-6.788052,-4.920260,-1,2
68475,566598,131.111034,35438.927851,35439.035406,1, 0, 0, 1,2.232236,0.086238,-12.545918,-1,2
68475,566599,131.125175,35438.941992,35439.049547,0, 0, 0, 0,-99.000000,-99.000000,-99.000000,-1,1
68475,566600,131.341183,35439.157999,35439.265554,0, 0, 0, 0,-99.000000,-99.000000,-99.000000,-1,0
68475,566601,131.353924,35439.170740,35439.278296,0, 0, 0, 0,-99.000000,-99.000000,-99.000000,-1,1
68475,566602,131.645215,35439.462030,35439.569586,0, 0, 0, 0,-99.000000,-99.000000,-99.000000,-1,1
68475,566603,131.780749,35439.597565,35439.705121,0, 0, 0, 0,-99.000000,-99.000000,-99.000000,-1,1
68475,566604,131.817557,35439.634373,35439.741929,1, 0, 0, 1,1.408076,-2.011026,-14.447644,-1,2
68475,566605,131.975302,35439.792117,35439.899673,1, 0, 0, 1,-1.392685,-6.650470,7.774257,-1,2
68475,566606,132.054311,35439.871126,35439.978683,1, 0, 0, 1,7.268947,-4.996832,-6.543062,-1,2
68475,566607,132.206095,35440.022910,35440.130467,1, 0, 0, 1,4.060559,-4.715312,-15.726043,-1,2
68475,566608,132.441052,35440.257866,35440.365423,1, 0, 0, 1,-4.974078,-2.863775,-12.674586,-1,2
68475,566609,132.648862,35440.465676,35440.573234,1, 0, 0, 1,-2.903494,-1.334215,18.439509,-1,2
68475,566610,132.937629,35440.754442,35440.862001,0, 0, 0, 0,-99.000000,-99.000000,-99.000000,-1,1
68475,566611,132.946271,35440.763084,35440.870642,1, 0, 0, 1,1.774087,-7.115464,-5.270796,-1,2
68475,566612,133.005565,35440.822378,35440.929937,1, 0, 0, 1,-4.064977,-6.658846,19.225448,-1,2
68475,566613,133.091663,35440.908476,35441.016035,1, 0, 0, 1,3.219818,7.979667,5.185388,-1,2
68475,566614,133.158536,35440.975349,35441.082908,0, 0, 0, 0,-99.000000,-99.000000,-99.000000,-1,1
68475,566615,133.180312,35440.997125,35441.104684,0, 0, 0, 0,-99.000000,-99.000000,-99.000000,-1,1
68475,566616,133.242886,35441.059699,35441.167258,1, 0, 0, 1,1.793096,-5.617522,-17.023669,-1,2
68475,566617,133.307032,35441.123844,35441.231404,0, 0, 0, 0,-99.000000,-99.000000,-99.000000,-1,1
68475,566618,133.343444,35441.160256,35441.267816,0, 0, 0, 0,-99.000000,-99.000000,-99.000000,-1,1
68475,566619,133.418995,35441.235808,35441.343367,0, 0, 0, 0,-99.000000,-99.000000,-99.000000,-1,1
68475,566620,133.434937,35441.251749,35441.359309,0, 0, 0, 0,-99.000000,-99.000000,-99.000000,-1,1
68475,566621,133.553747,35441.370559,35441.478119,0, 0, 0, 0,-99.000000,-99.000000,-99.000000,-1,1
68475,566622,133.755218,35441.572029,35441.679590,1, 0, 0, 1,8.119971,16.033841,15.134841,-1,2
68475,566623,134.121555,35441.938365,35442.045926,1, 0, 0, 1,-2.810886,-5.581985,-19.214471,-1,2
68475,566624,134.261989,35442.078799,35442.186361,0, 0, 0, 0,-99.000000,-99.000000,-99.000000,-1,1
68475,566625,134.322992,35442.139802,35442.247364,0, 0, 0, 0,-99.000000,-99.000000,-99.000000,-1,1
68475,566626,134.504656,35442.321466,35442.429028,1, 0, 0, 1,-6.419022,5.969552,-9.863233,-1,2
68475,566627,134.707950,35442.524759,35442.632322,1, 0, 0, 1,4.990037,-3.973012,-0.025940,-1,2
68475,566628,134.737377,35442.554187,35442.661749,1, 0, 0, 1,4.359486,5.020405,6.805162,-1,2
68475,566629,134.872903,35442.689712,35442.797275,0, 0, 0, 0,-99.000000,-99.000000,-99.000000,-1,0
68475,566630,134.945831,35442.762640,35442.870203,1, 0, 0, 1,-7.519606,-5.770682,9.969579,-1,2
68475,566631,135.172224,35442.989033,35443.096596,1, 0, 0, 1,-3.004749,-4.506423,-6.811666,-1,2
68475,566632,135.271351,35443.088159,35443.195722,0, 0, 0, 0,-99.000000,-99.000000,-99.000000,-1,1
68475,566633,135.315544,35443.132352,35443.239916,1, 0, 0, 1,-1.815214,-5.491732,16.703716,-1,2
68475,566634,135.540391,35443.357199,35443.464763,1, 0, 0, 1,-7.437351,4.362533,16.962862,-1,2
68475,566635,135.732686,35443.549494,35443.657058,1, 0, 0, 1,-4.485817,19.540487,-9.518287,-1,2
68475,566636,135.982399,35443.799206,35443.906771,0, 0, 0, 0,-99.000000,-99.000000,-99.000000,-1,1
68475,566637,136.128690,35443.945497,35444.053062,1, 0, 0, 1,-0.337453,-8.392091,16.790708,-1,2
68475,566638,136.241252,35444.058058,35444.165624,0, 0, 0, 0,-99.000000,-99.000000,-99.000000,-1,1
68475,566639,136.299291,35444.116097,35444.223663,0, 0, 0, 0,-99.000000,-99.000000,-99.000000,-1,1
68475,566640,136.523864,35444.340670,35444.448236,1, 0, 0, 1,-0.216547,2.792264,-13.680816,-1,2
68475,566641,136.681653,35444.498458,35444.606024,1, 0, 0, 1,-0.116634,1.695260,-8.260591,-1,2
68475,566642,136.726625,35444.543431,35444.650997,1, 0, 0, 1,-5.559369,0.350587,-12.151047,-1,2
68475,566643,136.778665,35444.595470,35444.703036,1, 0, 0, 1,7.791249,0.075439,-13.859821,-1,2
68475,566644,137.016267,35444.833072,35444.940639,0, 0, 0, 0,-99.000000,-99.000000,-99.000000,-1,1
68475,566645,137.059639,35444.876443,35444.984010,0, 0, 0, 0,-99.000000,-99.000000,-99.000000,-1,1
68475,566646,137.235857,35445.052662,35445.160229,1, 0, 0, 1,-7.286958,3.578423,-8.063830,-1,2
68475,566647,137.431964,35445.248768,35445.356336,1, 0, 0, 1,-3.777507,7.059139,19.656146,-1,2
68475,566648,137.470639,35445.287443,35445.395011,1, 0, 0, 1,-1.647686,-7.360565,-8.929358,-1,2
68475,566649,137.483719,35445.300523,35445.408091,1, 0, 0, 1,3.748108,-5.106922,19.609178,-1,2
68475,566650,137.510703,35445.327507,35445.435075,1, 0, 0, 1,4.362679,9.999981,21.082790,-1,3
68475,566651,137.711222,35445.528026,35445.635594,0, 0, 0, 0,-99.000000,-99.000000,-99.000000,-1,0
68475,566652,137.775299,35445.592102,35445.699671,1, 0, 0, 1,2.185612,-8.240868,8.300035,-1,2
68475,566653,137.865061,35445.681864,35445.789433,1, 0, 0, 1,1.494280,5.448253,2.037437,-1,2
68475,566654,138.129309,35445.946112,35446.053681,1, 0, 0, 1,-2.946838,-8.566938,-2.770038,-1,2
68475,566655,138.177957,35445.994760,35446.102329,0, 0, 0, 0,-99.000000,-99.000000,-99.000000,-1,0
68475,566656,138.526495,35446.343297,35446.450867,1, 0, 0, 1,-3.814049,-5.789615,10.512659,-1,2
68475,566657,138.542190,35446.358992,35446.466562,1, 0, 0, 1,5.751993,4.348009,-12.356038,-1,2
68475,566658,139.201318,35447.018119,35447.125690,1, 0, 0, 1,-4.125650,5.874405,-16.044015,-1,2
68475,566659,139.426567,35447.243367,35447.350939,0, 0, 0, 0,-99.000000,-99.000000,-99.000000,-1,1
68475,566660,139.594870,35447.411670,35447.519242,1, 0, 0, 1,-3.899953,10.174128,15.966431,-1,2
68475,566661,139.600405,35447.417204,35447.524777,1, 0, 0, 1,6.485420,7.622074,-15.151819,-1,2
68475,566662,139.823854,35447.640653,35447.748226,1, 0, 0, 1,1.361338,-1.630360,15.378301,-1,2
68475,566663,139.885865,35447.702664,35447.810237,1, 0, 0, 1,0.423995,7.483413,-11.418588,-1,2
68475,566664,140.105523,35447.922322,35448.029895,1, 0, 0, 1,4.979509,4.150869,-0.650334,-1,2
68475,566665,140.132450,35447.949249,35448.056822,1, 0, 0, 1,-4.584695,1.125564,-1.640426,-1,2
68475,566666,140.179411,35447.996210,35448.103783,1, 0, 0, 1,-3.102127,2.482158,3.132072,-1,2
68475,566667,140.225100,35448.041898,35448.149472,0, 0, 0, 0,-99.000000,-99.000000,-99.000000,-1,0
68475,566668,140.226073,35448.042871,35448.150445,0, 0, 0, 0,-99.000000,-99.000000,-99.000000,-1,0
68475,566669,140.226282,35448.043080,35448.150653,0, 0, 0, 0,-99.000000,-99.000000,-99.000000,-1,0
68475,566670,140.292695,35448.109493,35448.217067,1, 0, 0, 1,-6.993190,-3.083710,16.168197,-1,3
68475,566671,140.518903,35448.335700,35448.443275,0, 0, 0, 0,-99.000000,-99.000000,-99.000000,-1,0
68475,566672,140.738739,35448.555536,35448.663110,1, 0, 0, 1,-7.230236,-1.640458,0.882530,-1,2
68475,566673,140.805008,35448.621805,35448.729380,1, 0, 0, 1,-1.374043,7.396253,12.988502,-1,2
68475,566674,140.826591,35448.643388,35448.750963,1, 0, 0, 1,5.515186,5.693627,4.371794,-1,2
68475,566675,140.876903,35448.693700,35448.801275,1, 0, 0, 1,-1.750414,-1.857106,12.388885,-1,2
68475,566676,140.893523,35448.710320,35448.817895,1, 0, 0, 1,-4.452217,6.177342,14.537500,-1,2
68475,566677,141.034453,35448.851250,35448.958825,0, 0, 0, 0,-99.000000,-99.000000,-99.000000,-1,0
68475,566678,141.107638,35448.924434,35449.032010,1, 0, 0, 1,2.188530,2.873680,-9.156021,-1,2
68475,566679,141.201618,35449.018414,35449.125990,1, 0, 0, 1,-2.516655,1.366522,1.223610,-1,2
68475,566680,141.222568,35449.039365,35449.146940,1, 0, 0, 1,7.500139,3.045379,-22.111052,-1,2
68475,566681,141.272985,35449.089781,35449.197357,1, 0, 0, 1,6.408624,3.620983,9.722031,-1,2
68475,566682,141.708457,35449.525252,35449.632829,0, 0, 0, 0,-99.000000,-99.000000,-99.000000,-1,0
68475,566683,141.738168,35449.554963,35449.662540,0, 0, 0, 0,-99.000000,-99.000000,-99.000000,-1,0
68475,566684,141.764207,35449.581002,35449.688579,1, 0, 0, 1,-0.959913,1.233653,5.010942,-1,2
68475,566685,141.764425,35449.581220,35449.688797,0, 0, 0, 0,-99.000000,-99.000000,-99.000000,-1,0
68475,566686,141.859024,35449.675819,35449.783396,1, 0, 0, 1,2.153433,8.103623,6.093336,-1,2
68475,566687,142.244842,35450.061636,35450.169214,1, 0, 0, 1,2.422439,5.014586,0.246303,-1,9
68475,566688,142.385800,35450.202594,35450.310172,1, 0, 0, 1,6.213594,-0.764103,-5.290442,-1,2
68475,566689,142.386773,35450.203567,35450.311145,0, 0, 0, 0,-99.000000,-99.000000,-99.000000,-1,1
68475,566690,142.487675,35450.304468,35450.412047,1, 0, 0, 1,2.082661,-7.663607,12.047435,-1,2
68475,566691,142.526853,35450.343646,35450.451225,0, 0, 0, 0,-99.000000,-99.000000,-99.000000,-1,0
68475,566692,142.553865,35450.370659,35450.478237,1, 0, 0, 1,-0.306821,-0.509410,12.353019,-1,2
68475,566693,142.650463,35450.467256,35450.574835,1, 0, 0, 1,-3.065061,5.446543,16.786409,-1,2
68475,566694,142.822175,35450.638968,35450.746547,1, 0, 0, 1,-2.881094,-4.336581,0.331819,-1,2
68475,566695,142.890699,35450.707492,35450.815071,1, 0, 0, 1,6.228468,3.548300,6.845497,-1,2
68475,566696,143.047451,35450.864244,35450.971823,0, 0, 0, 0,-99.000000,-99.000000,-99.000000,-1,1
68475,566697,143.237630,35451.054422,35451.162002,1, 0, 0, 1,1.912801,1.566123,-4.213080,-1,2
68475,566698,143.243477,35451.060269,35451.167849,0, 0, 0, 0,-99.000000,-99.000000,-99.000000,-1,1
68475,566699,143.345481,35451.162272,35451.269852,0, 0, 0, 0,-99.000000,-99.000000,-99.000000,-1,0
68475,566700,143.465492,35451.282283,35451.389864,0, 0, 0, 0,-99.000000,-99.000000,-99.000000,-1,1
68475,566701,143.525263,35451.342055,35451.449635,0, 0, 0, 0,-99.000000,-99.000000,-99.000000,-1,1
68475,566702,143.657030,35451.473821,35451.581402,1, 0, 0, 1,4.975655,0.183321,-1.473133,-1,2
68475,566703,143.713545,35451.530336,35451.637917,1, 0, 0, 1,-3.110305,-0.826946,-2.862830,-1,2
68475,566704,143.854867,35451.671658,35451.779239,1, 0, 0, 1,-0.603006,-3.757212,-14.679370,-1,2
68475,566705,143.913801,35451.730592,35451.838173,1, 0, 0, 1,0.569844,1.570519,-20.941633,-1,2
68475,566706,144.140062,35451.956853,35452.064434,1, 0, 0, 1,2.198068,-0.553378,20.332974,-1,2
68475,566707,144.287755,35452.104545,35452.212127,0, 0, 0, 0,-99.000000,-99.000000,-99.000000,-1,0
68475,566708,144.326323,35452.143112,35452.250694,1, 0, 0, 1,7.477840,4.292108,0.407682,-1,2
68475,566709,144.353247,35452.170037,35452.277619,1, 0, 0, 1,0.423379,6.586470,2.574558,-1,2
68475,566710,144.570471,35452.387261,35452.494843,0, 0, 0, 0,-99.000000,-99.000000,-99.000000,-1,1
68475,566711,144.858554,35452.675343,35452.782926,0, 0, 0, 0,-99.000000,-99.000000,-99.000000,-1,0
68475,566712,145.123027,35452.939815,35453.047399,1, 0, 0, 1,-3.328925,2.847718,-13.810157,-1,2
68475,566713,145.127193,35452.943981,35453.051565,1, 0, 0, 1,-2.244975,6.832703,-11.293451,-1,2
68475,566714,145.243542,35453.060330,35453.167913,1, 0, 0, 1,-1.501795,4.626717,7.674347,-1,2
68475,566715,145.448812,35453.265599,35453.373184,1, 0, 0, 1,-7.942024,1.118400,-13.244725,-1,2
68475,566716,145.479749,35453.296536,35453.404121,0, 0, 0, 0,-99.000000,-99.000000,-99.000000,-1,1
68475,566717,145.673229,35453.490016,35453.597601,1, 0, 0, 1,-0.304218,-1.258082,-6.946356,-1,2
68475,566718,145.742116,35453.558903,35453.666488,1, 0, 0, 1,-10.801783,6.560878,-21.943000,-1,2
68475,566719,145.816233,35453.633020,35453.740605,0, 0, 0, 0,-99.000000,-99.000000,-99.000000,-1,0
68475,566720,145.862052,35453.678839,35453.786424,0, 0, 0, 0,-99.000000,-99.000000,-99.000000,-1,1
68475,566721,145.908152,35453.724939,35453.832524,0, 0, 0, 0,-99.000000,-99.000000,-99.000000,-1,1
68475,566722,145.941532,35453.758319,35453.865904,1, 0, 0, 1,-6.321161,3.338716,7.123071,-1,6
68475,566723,146.036320,35453.853107,35453.960692,0, 0, 0, 0,-99.000000,-99.000000,-99.000000,-1,0
68475,566724,146.122155,35453.938942,35454.046527,1, 0, 0, 1,-1.431497,-3.771903,-15.734022,-1,2
68475,566725,146.136062,35453.952848,35454.060434,0, 0, 0, 0,-99.000000,-99.000000,-99.000000,-1,1
68475,566726,146.232585,35454.049371,35454.156957,0, 0, 0, 0,-99.000000,-99.000000,-99.000000,-1,1
68475,566727,146.318422,35454.135208,35454.242794,1, 0, 0, 1,-0.947347,-0.159646,-0.632216,-1,2
68475,566728,146.558454,35454.375240,35454.482826,0, 0, 0, 0,-99.000000,-99.000000,-99.000000,-1,1
68475,566729,146.639016,35454.455802,35454.563388,1, 0, 0, 1,4.404776,-0.104689,4.784344,-1,2
68475,566730,146.719888,35454.536673,35454.644260,1, 0, 0, 1,1.571906,5.945878,10.619992,-1,2
68475,566731,146.731694,35454.548479,35454.656066,1, 0, 0, 1,-6.130704,7.225388,-19.955701,-1,3
68475,566732,146.826178,35454.642963,35454.750550,1, 0, 0, 1,-1.428146,-2.361180,-17.606257,-1,2
68475,566733,146.898624,35454.715408,35454.822996,1, 0, 0, 1,7.682304,4.907874,-13.155911,-1,2
68475,566734,146.904767,35454.721551,35454.829139,0, 0, 0, 0,-99.000000,-99.000000,-99.000000,-1,1
68475,566735,147.069502,35454.886286,35454.993874,0, 0, 0, 0,-99.000000,-99.000000,-99.000000,-1,1
68475,566736,147.167491,35454.984275,35455.091863,1, 0, 0, 1,-0.692320,2.122209,4.520512,-1,2
68475,566737,147.352997,35455.169780,35455.277369,1, 0, 0, 1,-6.737994,-0.747979,-16.986655,-1,2
68475,566738,147.356479,35455.173263,35455.280851,0, 0, 0, 0,-99.000000,-99.000000,-99.000000,-1,0
68475,566739,147.461411,35455.278194,35455.385783,1, 0, 0, 1,-7.186077,-2.116017,-19.367178,-1,2
68475,566740,147.517336,35455.334120,35455.441708,0, 0, 0, 0,-99.000000,-99.000000,-99.000000,-1,1
68475,566741,147.545823,35455.362606,35455.470195,1, 0, 0, 1,1.123695,3.870976,2.650119,-1,2
68475,566742,147.554753,35455.371536,35455.479125,1, 0, 0, 1,-10.299949,0.092675,-18.275326,-1,2
68475,566743,147.679657,35455.496440,35455.604029,0, 0, 0, 0,-99.000000,-99.000000,-99.000000,-1,0
68475,566744,147.823773,35455.640556,35455.748145,1, 0, 0, 1,-6.192170,4.355384,-2.297514,-1,2
68475,566745,147.853809,35455.670592,35455.778181,1, 0, 0, 1,-1.997437,-3.208125,-12.731364,-1,2
68475,566746,147.869156,35455.685938,35455.793527,0, 0, 0, 0,-99.000000,-99.000000,-99.000000,-1,1
68475,566747,148.004873,35455.821656,35455.929245,1, 0, 0, 1,-6.674794,0.035951,-1.429366,-1,2
68475,566748,148.019665,35455.836447,35455.944037,1, 0, 0, 1,-1.150433,4.874363,-13.650023,-1,2
68475,566749,148.077548,35455.894331,35456.001920,0, 0, 0, 0,-99.000000,-99.000000,-99.000000,-1,1
68475,566750,148.338496,35456.155277,35456.262868,1, 0, 0, 1,2.039644,10.618542,-7.063056,-1,2
68475,566751,148.399892,35456.216674,35456.324264,0, 0, 0, 0,-99.000000,-99.000000,-99.000000,-1,0
68475,566752,148.423181,35456.239962,35456.347553,0, 0, 0, 0,-99.000000,-99.000000,-99.000000,-1,1
68475,566753,148.463112,35456.279894,35456.387484,1, 0, 0, 1,-0.387903,3.850534,0.503025,-1,2
68475,566754,148.467245,35456.284027,35456.391617,0, 0, 0, 0,-99.000000,-99.000000,-99.000000,-1,1
68475,566755,148.472190,35456.288972,35456.396562,0, 0, 0, 0,-99.000000,-99.000000,-99.000000,-1,1
68475,566756,148.486288,35456.303070,35456.410660,1, 0, 0, 1,6.017914,-1.464855,7.254223,-1,2
68475,566757,148.493988,35456.310770,35456.418360,0, 0, 0, 0,-99.000000,-99.000000,-99.000000,-1,1
68475,566758,148.538600,35456.355381,35456.462972,1, 0, 0, 1,-2.611815,7.111541,-4.299361,-1,2
68475,566759,148.721291,35456.538072,35456.645663,1, 0, 0, 1,-2.515412,-1.665056,8.230607,-1,2
68475,566760,148.999376,35456.816156,35456.923748,1, 0, 0, 1,-7.147006,2.700540,20.823795,-1,2
68475,566761,149.058015,35456.874795,35456.982387,0, 0, 0, 0,-99.000000,-99.000000,-99.000000,-1,0
68475,566762,149.294143,35457.110922,35457.218514,1, 0, 0, 1,-6.196904,7.205175,0.266240,-1,2
68475,566763,149.315163,35457.131943,35457.239535,1, 0, 0, 1,-0.396224,-3.180580,2.254425,-1,2
68475,566764,149.325412,35457.142192,35457.249784,1, 0, 0, 1,6.640903,5.700212,-15.217540,-1,2
68475,566765,149.364436,35457.181216,35457.288808,0, 0, 0, 0,-99.000000,-99.000000,-99.000000,-1,1
68475,566766,149.473421,35457.290200,35457.397792,1, 0, 0, 1,3.907766,-2.925666,-4.489018,-1,2
68475,566767,150.032114,35457.848892,35457.956486,1, 0, 0, 1,-8.154460,6.083485,7.978062,-1,2
68475,566768,150.505893,35458.322670,35458.430265,0, 0, 0, 0,-99.000000,-99.000000,-99.000000,-1,1
68475,566769,150.537204,35458.353981,35458.461576,0, 0, 0, 0,-99.000000,-99.000000,-99.000000,-1,0
68475,566770,150.694934,35458.511710,35458.619305,0, 0, 0, 0,-99.000000,-99.000000,-99.000000,-1,0
68475,566771,150.752814,35458.569591,35458.677186,0, 0, 0, 0,-99.000000,-99.000000,-99.000000,-1,1
68475,566772,150.941854,35458.758631,35458.866226,1, 0, 0, 1,0.481521,0.796301,17.380630,-1,2
68475,566773,151.048681,35458.865457,35458.973052,1, 0, 0, 1,-3.458362,-0.892090,6.271882,-1,2
68475,566774,151.102306,35458.919082,35459.026678,0, 0, 0, 0,-99.000000,-99.000000,-99.000000,-1,0
68475,566775,151.170572,35458.987348,35459.094944,1, 0, 0, 1,4.021457,7.978626,7.225208,-1,2
68475,566776,151.460923,35459.277698,35459.385295,1, 0, 0, 1,1.474432,5.802721,15.781292,-1,2
68475,566777,151.482415,35459.299191,35459.406787,0, 0, 0, 0,-99.000000,-99.000000,-99.000000,-1,0
68475,566778,151.532642,35459.349417,35459.457013,1, 0, 0, 1,2.821992,-5.674144,-10.469487,-1,2
68475,566779,151.609904,35459.426679,35459.534276,0, 0, 0, 0,-99.000000,-99.000000,-99.000000,-1,1
68475,566780,151.631218,35459.447993,35459.555590,1, 0, 0, 1,4.597944,3.148415,0.961437,-1,2
68475,566781,151.701453,35459.518227,35459.625824,0, 0, 0, 0,-99.000000,-99.000000,-99.000000,-1,1
68475,566782,151.729191,35459.545966,35459.653563,0, 0, 0, 0,-99.000000,-99.000000,-99.000000,-1,1
68475,566783,151.745331,35459.562106,35459.669703,1, 0, 0, 1,2.623067,5.103645,-18.464814,-1,2
68475,566784,152.078650,35459.895424,35460.003022,1, 0, 0, 1,6.962602,1.471380,2.017765,-1,2
68475,566785,152.156258,35459.973031,35460.080629,0, 0, 0, 0,-99.000000,-99.000000,-99.000000,-1,0
68475,566786,152.348374,35460.165148,35460.272746,1, 0, 0, 1,-4.263997,-2.686497,-6.120417,-1,2
68475,566787,152.411524,35460.228297,35460.335896,1, 0, 0, 1,-1.574791,-3.050866,-12.615774,-1,2
68475,566788,152.461881,35460.278654,35460.386253,0, 0, 0, 0,-99.000000,-99.000000,-99.000000,-1,1
68475,566789,152.558958,35460.375731,35460.483330,1, 0, 0, 1,-1.937449,-3.011787,17.085169,-1,2
68475,566790,152.570812,35460.387585,35460.495184,1, 0, 0, 1,-3.510112,-1.765652,-16.541162,-1,2
68475,566791,152.662821,35460.479594,35460.587193,0, 0, 0, 0,-99.000000,-99.000000,-99.000000,-1,0
68475,566792,152.767064,35460.583837,35460.691436,0, 0, 0, 0,-99.000000,-99.000000,-99.000000,-1,1
68475,566793,152.918150,35460.734923,35460.842522,1, 0, 0, 1,-3.386069,-0.897424,-6.559373,-1,2
68475,566794,152.989109,35460.805881,35460.913481,0, 0, 0, 0,-99.000000,-99.000000,-99.000000,-1,0
68475,566795,153.068676,35460.885448,35460.993048,1, 0, 0, 1,6.762106,-1.263024,-10.663514,-1,2
68475,566796,153.073204,35460.889976,35460.997575,0, 0, 0, 0,-99.000000,-99.000000,-99.000000,-1,1
68475,566797,153.480472,35461.297243,35461.404843,1, 0, 0, 1,-1.538730,-6.240688,-13.588630,-1,2
68475,566798,153.562561,35461.379332,35461.486933,1, 0, 0, 1,-8.015388,-0.065124,12.537229,-1,2
68475,566799,153.770875,35461.587646,35461.695247,1, 0, 0, 1,-1.453856,-9.417477,-16.448725,-1,2
68475,566800,153.837077,35461.653847,35461.761449,0, 0, 0, 0,-99.000000,-99.000000,-99.000000,-1,0
68475,566801,153.981691,35461.798461,35461.906063,1, 0, 0, 1,-6.153168,3.000473,-13.167688,-1,2
68475,566802,154.338977,35462.155746,35462.263349,0, 0, 0, 0,-99.000000,-99.000000,-99.000000,-1,1
68475,566803,154.403721,35462.220490,35462.328093,1, 0, 0, 1,3.934136,0.308678,-2.500546,-1,2
68475,566804,154.542048,35462.358817,35462.466420,1, 0, 0, 1,8.251869,0.422011,-6.132648,-1,2
68475,566805,154.705067,35462.521836,35462.629439,1, 0, 0, 1,-7.367577,2.950070,-2.886858,-1,2
68475,566806,154.780059,35462.596828,35462.704431,1, 0, 0, 1,-10.198040,-16.885747,3.714565,-1,2
68475,566807,154.963850,35462.780618,35462.888222,1, 0, 0, 1,-7.531921,-6.276110,6.335795,-1,2
68475,566808,155.154665,35462.971433,35463.079037,1, 0, 0, 1,-7.691806,0.427540,-5.703376,-1,2
68475,566809,155.183404,35463.000172,35463.107776,1, 0, 0, 1,-3.675797,5.581396,-1.272617,-1,2
68475,566810,155.234672,35463.051440,35463.159044,1, 0, 0, 1,5.428354,1.335862,-12.530121,-1,2
68475,566811,155.240377,35463.057144,35463.164749,0, 0, 0, 0,-99.000000,-99.000000,-99.000000,-1,1
68475,566812,155.327682,35463.144449,35463.252053,1, 0, 0, 1,6.523399,4.490603,11.913495,-1,2
68475,566813,155.953971,35463.770737,35463.878343,0, 0, 0, 0,-99.000000,-99.000000,-99.000000,-1,0
68475,566814,156.278999,35464.095765,35464.203371,0, 0, 0, 0,-99.000000,-99.000000,-99.000000,-1,1
68475,566815,156.372210,35464.188975,35464.296582,1, 0, 0, 1,4.777363,2.634020,-7.844470,-1,2
68475,566816,156.456594,35464.273359,35464.380966,1, 0, 0, 1,-1.212273,0.115477,-4.984356,-1,2
68475,566817,156.479959,35464.296724,35464.404331,0, 0, 0, 0,-99.000000,-99.000000,-99.000000,-1,1
68475,566818,156.642222,35464.458987,35464.566594,1, 0, 0, 1,-4.430429,-4.528644,-7.045799,-1,2
68475,566819,156.835011,35464.651775,35464.759383,0, 0, 0, 0,-99.000000,-99.000000,-99.000000,-1,1
68475,566820,156.955720,35464.772484,35464.880092,1, 0, 0, 1,4.964826,0.735091,12.714525,-1,3
68475,566821,157.114235,35464.930999,35465.038607,1, 0, 0, 1,6.507893,4.712718,-18.729018,-1,2
68475,566822,157.117233,35464.933997,35465.041605,1, 0, 0, 1,6.193846,-1.518022,-13.597014,-1,2
68475,566823,157.129101,35464.945864,35465.053473,0, 0, 0, 0,-99.000000,-99.000000,-99.000000,-1,0
68475,566824,157.251334,35465.068097,35465.175706,0, 0, 0, 0,-99.000000,-99.000000,-99.000000,-1,1
68475,566825,157.279928,35465.096691,35465.204300,1, 0, 0, 1,-1.899524,-0.369350,18.519850,-1,3
68475,566826,157.365330,35465.182093,35465.289702,0, 0, 0, 0,-99.000000,-99.000000,-99.000000,-1,0
68475,566827,157.442137,35465.258900,35465.366509,1, 0, 0, 1,6.459723,-3.524085,-7.540769,-1,2
68475,566828,157.459115,35465.275878,35465.383487,0, 0, 0, 0,-99.000000,-99.000000,-99.000000,-1,0
68475,566829,157.602437,35465.419200,35465.526809,1, 0, 0, 1,0.857689,-3.139257,11.272158,-1,2
68475,566830,157.638893,35465.455656,35465.563265,1, 0, 0, 1,0.996151,-9.800650,7.200912,-1,2
68475,566831,157.842031,35465.658793,35465.766403,1, 0, 0, 1,3.977693,-2.814095,-4.970705,-1,2
68475,566832,157.872545,35465.689307,35465.796917,1, 0, 0, 1,4.956492,0.231175,-0.043040,-1,2
68475,566833,157.954455,35465.771217,35465.878827,1, 0, 0, 1,-1.409478,-3.840191,14.878281,-1,2
68475,566834,158.060251,35465.877013,35465.984623,0, 0, 0, 0,-99.000000,-99.000000,-99.000000,-1,1
68475,566835,158.073711,35465.890473,35465.998083,1, 0, 0, 1,4.450845,5.404385,17.244135,-1,2
68475,566836,158.179086,35465.995848,35466.103458,0, 0, 0, 0,-99.000000,-99.000000,-99.000000,-1,1
68475,566837,158.186537,35466.003298,35466.110909,0, 0, 0, 0,-99.000000,-99.000000,-99.000000,-1,0
68475,566838,158.187675,35466.004436,35466.112046,0, 0, 0, 0,-99.000000,-99.000000,-99.000000,-1,1
68475,566839,158.279539,35466.096300,35466.203911,1, 0, 0, 1,5.327986,-2.841738,-10.705024,-1,2
68475,566840,158.464714,35466.281475,35466.389086,1, 0, 0, 1,4.175528,-1.070169,-3.363316,-1,2
68475,566841,158.481460,35466.298221,35466.405832,0, 0, 0, 0,-99.000000,-99.000000,-99.000000,-1,1
68475,566842,158.545437,35466.362198,35466.469809,1, 0, 0, 1,9.004297,1.059283,-4.062916,-1,2
68475,566843,158.569418,35466.386178,35466.493789,1, 0, 0, 1,-6.843975,5.251960,-4.121306,-1,2
68475,566844,158.594804,35466.411565,35466.519176,1, 0, 0, 1,6.205332,4.794912,9.328326,-1,2
68475,566845,158.752277,35466.569038,35466.676649,0, 0, 0, 0,-99.000000,-99.000000,-99.000000,-1,1
68475,566846,158.848291,35466.665051,35466.772663,0, 0, 0, 0,-99.000000,-99.000000,-99.000000,-1,0
68475,566847,159.058463,35466.875223,35466.982835,1, 0, 0, 1,-6.236818,1.998084,5.342346,-1,2
68475,566848,159.170518,35466.987278,35467.094890,0, 0, 0, 0,-99.000000,-99.000000,-99.000000,-1,1
68475,566849,159.186704,35467.003463,35467.111076,1, 0, 0, 1,-2.066370,8.992945,14.284270,-1,2
68475,566850,159.191906,35467.008665,35467.116278,0, 0, 0, 0,-99.000000,-99.000000,-99.000000,-1,0
68475,566851,159.198925,35467.015684,35467.123296,1, 0, 0, 1,-0.348431,2.957800,-11.980826,-1,2
68475,566852,159.259965,35467.076725,35467.184337,1, 0, 0, 1,2.068294,-0.099152,-19.921787,-1,2
68475,566853,159.400170,35467.216929,35467.324542,0, 0, 0, 0,-99.000000,-99.000000,-99.000000,-1,1
68475,566854,159.453511,35467.270270,35467.377883,0, 0, 0, 0,-99.000000,-99.000000,-99.000000,-1,1
68475,566855,159.650433,35467.467192,35467.574805,0, 0, 0, 0,-99.000000,-99.000000,-99.000000,-1,0
68475,566856,159.971447,35467.788205,35467.895819,1, 0, 0, 1,7.729656,3.291298,16.192368,-1,2
68475,566857,160.036538,35467.853296,35467.960910,1, 0, 0, 1,-4.564947,2.394976,-15.087528,-1,2
68475,566858,160.063996,35467.880754,35467.988368,0, 0, 0, 0,-99.000000,-99.000000,-99.000000,-1,0
68475,566859,160.273617,35468.090375,35468.197989,1, 0, 0, 1,1.353533,-6.393258,-8.267834,-1,2
68475,566860,160.383855,35468.200613,35468.308227,1, 0, 0, 1,-3.563588,7.469152,10.788419,-1,2
68475,566861,160.424086,35468.240843,35468.348458,0, 0, 0, 0,-99.000000,-99.000000,-99.000000,-1,1
68475,566862,160.525874,35468.342631,35468.450246,1, 0, 0, 1,3.702385,-3.494068,-18.407504,-1,2
68475,566863,160.807586,35468.624343,35468.731958,0, 0, 0, 0,-99.000000,-99.000000,-99.000000,-1,1
68475,566864,160.959430,35468.776186,35468.883801,0, 0, 0, 0,-99.000000,-99.000000,-99.000000,-1,1
68475,566865,160.985620,35468.802376,35468.909992,1, 0, 0, 1,8.262642,-5.781104,12.752392,-1,2
68475,566866,160.992763,35468.809519,35468.917135,1, 0, 0, 1,-2.438167,-8.835000,18.362011,-1,2
68475,566867,161.063263,35468.880019,35468.987635,0, 0, 0, 0,-99.000000,-99.000000,-99.000000,-1,1
68475,566868,161.112741,35468.929497,35469.037113,1, 0, 0, 1,-5.605171,4.594967,3.557975,-1,2
68475,566869,161.120437,35468.937193,35469.044809,1, 0, 0, 1,-1.488422,7.659673,18.249974,-1,2
68475,566870,161.253664,35469.070420,35469.178036,1, 0, 0, 1,-3.128230,-3.552241,-9.207901,-1,2
68475,566871,161.255143,35469.071898,35469.179515,1, 0, 0, 1,-0.870063,-3.421716,4.397352,-1,2
68475,566872,161.272877,35469.089633,35469.197249,1, 0, 0, 1,0.779030,-4.794528,-1.430726,-1,2
68475,566873,161.280028,35469.096783,35469.204400,1, 0, 0, 1,-4.413041,-0.475158,-4.890213,-1,2
68475,566874,161.321423,35469.138179,35469.245795,0, 0, 0, 0,-99.000000,-99.000000,-99.000000,-1,1
68475,566875,161.589205,35469.405959,35469.513577,1, 0, 0, 1,-2.873000,0.417561,0.236549,-1,3
68475,566876,161.635177,35469.451932,35469.559549,1, 0, 0, 1,-7.994970,1.321202,3.933208,-1,2
68475,566877,161.659003,35469.475758,35469.583375,1, 0, 0, 1,-4.458371,-7.444192,14.176965,-1,2
68475,566878,161.749619,35469.566373,35469.673991,1, 0, 0, 1,-2.213603,7.036799,-7.562096,-1,2
68475,566879,161.860703,35469.677458,35469.785075,1, 0, 0, 1,1.721997,-4.369510,2.675293,-1,2
68475,566880,162.041276,35469.858030,35469.965648,0, 0, 0, 0,-99.000000,-99.000000,-99.000000,-1,1
68475,566881,162.070482,35469.887236,35469.994854,1, 0, 0, 1,-3.300934,5.309298,-14.971852,-1,2
68475,566882,162.088108,35469.904862,35470.012480,0, 0, 0, 0,-99.000000,-99.000000,-99.000000,-1,0
68475,566883,163.068829,35470.885581,35470.993201,0, 0, 0, 0,-99.000000,-99.000000,-99.000000,-1,1
68475,566884,163.079772,35470.896523,35471.004143,0, 0, 0, 0,-99.000000,-99.000000,-99.000000,-1,1
68475,566885,163.256101,35471.072852,35471.180473,1, 0, 0, 1,-5.443566,5.815989,-9.762950,-1,2
68475,566886,163.463445,35471.280196,35471.387817,1, 0, 0, 1,-3.948739,-3.777159,7.874359,-1,2
68475,566887,163.490384,35471.307135,35471.414756,1, 0, 0, 1,0.611612,-3.671610,15.348736,-1,2
68475,566888,163.616892,35471.433643,35471.541264,1, 0, 0, 1,-3.986760,-1.992293,-0.889790,-1,2
68475,566889,163.714928,35471.531678,35471.639300,1, 0, 0, 1,7.069471,-0.632245,-4.633547,-1,2
68475,566890,163.861092,35471.677842,35471.785464,0, 0, 0, 0,-99.000000,-99.000000,-99.000000,-1,1
68475,566891,163.942868,35471.759618,35471.867240,1, 0, 0, 1,3.800435,-4.019770,-17.051638,-1,2
68475,566892,164.006916,35471.823665,35471.931288,1, 0, 0, 1,-7.040881,-3.570903,-5.603424,-1,2
68475,566893,164.039600,35471.856349,35471.963972,1, 0, 0, 1,-2.520332,6.325275,10.852887,-1,2
68475,566894,164.049492,35471.866241,35471.973864,1, 0, 0, 1,-5.487342,1.018936,-8.024467,-1,2
68475,566895,164.066007,35471.882757,35471.990379,1, 0, 0, 1,6.640231,-1.236345,-3.727536,-1,2
68475,566896,164.119128,35471.935878,35472.043500,1, 0, 0, 1,2.873627,-2.855563,-12.257924,-1,2
68475,566897,164.539965,35472.356714,35472.464337,0, 0, 0, 0,-99.000000,-99.000000,-99.000000,-1,1
68475,566898,164.615481,35472.432230,35472.539853,1, 0, 0, 1,-5.730369,-4.402213,0.966939,-1,3
68475,566899,164.687770,35472.504518,35472.612142,1, 0, 0, 1,-0.977901,5.875722,-3.103533,-1,2
68475,566900,164.708146,35472.524894,35472.632518,0, 0, 0, 0,-99.000000,-99.000000,-99.000000,-1,0
68475,566901,164.709114,35472.525862,35472.633486,0, 0, 0, 0,-99.000000,-99.000000,-99.000000,-1,1
68475,566902,164.771597,35472.588346,35472.695969,1, 0, 0, 1,-2.732156,-2.859153,-21.225094,-1,2
68475,566903,164.828465,35472.645213,35472.752837,1, 0, 0, 1,3.951020,0.390448,-8.808350,-1,2
68475,566904,164.943808,35472.760556,35472.868180,1, 0, 0, 1,3.147948,-0.176919,-17.321906,-1,2
68475,566905,165.014256,35472.831003,35472.938627,1, 0, 0, 1,-3.579359,-2.826290,-8.073315,-1,2
68475,566906,165.145717,35472.962465,35473.070089,1, 0, 0, 1,8.495697,0.843177,-14.256069,-1,2
68475,566907,165.171722,35472.988469,35473.096094,0, 0, 0, 0,-99.000000,-99.000000,-99.000000,-1,1
68475,566908,165.447434,35473.264181,35473.371806,1, 0, 0, 1,2.761828,3.820209,20.089753,-1,2
68475,566909,165.543861,35473.360607,35473.468233,0, 0, 0, 0,-99.000000,-99.000000,-99.000000,-1,0
68475,566910,166.225775,35474.042520,35474.150147,1, 0, 0, 1,5.973040,-9.109248,6.484030,-1,2
68475,566911,166.295912,35474.112657,35474.220284,1, 0, 0, 1,-3.199379,7.936241,14.990165,-1,2
68475,566912,166.397551,35474.214296,35474.321923,0, 0, 0, 0,-99.000000,-99.000000,-99.000000,-1,0
68475,566913,166.419976,35474.236721,35474.344348,1, 0, 0, 1,-1.119297,-8.228459,17.686460,-1,2
68475,566914,166.446380,35474.263125,35474.370752,0, 0, 0, 0,-99.000000,-99.000000,-99.000000,-1,1
68475,566915,166.529269,35474.346014,35474.453641,0, 0, 0, 0,-99.000000,-99.000000,-99.000000,-1,1
68475,566916,166.605563,35474.422308,35474.529935,1, 0, 0, 1,6.222009,1.326020,14.978015,-1,2
68475,566917,166.636093,35474.452837,35474.560464,0, 0, 0, 0,-99.000000,-99.000000,-99.000000,-1,1
68475,566918,166.727464,35474.544208,35474.651836,0, 0, 0, 0,-99.000000,-99.000000,-99.000000,-1,1
68475,566919,166.980132,35474.796875,35474.904503,1, 0, 0, 1,-5.363156,3.556285,15.968924,-1,2
68475,566920,166.990223,35474.806967,35474.914595,1, 0, 0, 1,-4.331673,-3.864598,-4.733425,-1,2
68475,566921,167.046220,35474.862963,35474.970592,0, 0, 0, 0,-99.000000,-99.000000,-99.000000,-1,1
68475,566922,167.226556,35475.043299,35475.150928,0, 0, 0, 0,-99.000000,-99.000000,-99.000000,-1,0
68475,566923,167.233977,35475.050720,35475.158349,1, 0, 0, 1,-6.632236,4.373971,6.917025,-1,2
68475,566924,167.330005,35475.146748,35475.254377,0, 0, 0, 0,-99.000000,-99.000000,-99.000000,-1,1
68475,566925,167.410822,35475.227564,35475.335194,0, 0, 0, 0,-99.000000,-99.000000,-99.000000,-1,1
68475,566926,167.433037,35475.249780,35475.357409,1, 0, 0, 1,-2.536555,7.019392,-2.397274,-1,2
68475,566927,167.543441,35475.360184,35475.467813,0, 0, 0, 0,-99.000000,-99.000000,-99.000000,-1,1
68475,566928,167.615602,35475.432344,35475.539974,1, 0, 0, 1,5.728191,4.131015,-12.531966,-1,2
68475,566929,167.725118,35475.541860,35475.649489,1, 0, 0, 1,-4.975432,2.212239,7.912260,-1,2
68475,566930,167.865208,35475.681950,35475.789580,1, 0, 0, 1,-2.775775,-3.359795,-13.940251,-1,2
68475,566931,167.895755,35475.712497,35475.820127,0, 0, 0, 0,-99.000000,-99.000000,-99.000000,-1,1
68475,566932,167.959252,35475.775994,35475.883624,0, 0, 0, 0,-99.000000,-99.000000,-99.000000,-1,1
68475,566933,168.020437,35475.837179,35475.944809,0, 0, 0, 0,-99.000000,-99.000000,-99.000000,-1,0
68475,566934,168.250091,35476.066832,35476.174463,0, 0, 0, 0,-99.000000,-99.000000,-99.000000,-1,1
68475,566935,168.493906,35476.310646,35476.418277,1, 0, 0, 1,9.028398,2.719803,-11.538602,-1,2
68475,566936,168.510954,35476.327694,35476.435326,1, 0, 0, 1,0.184421,-9.619162,5.508612,-1,2
68475,566937,168.518181,35476.334921,35476.442553,0, 0, 0, 0,-99.000000,-99.000000,-99.000000,-1,1
68475,566938,168.625808,35476.442548,35476.550180,1, 0, 0, 1,8.476807,0.034433,-1.296589,-1,2
68475,566939,168.765990,35476.582730,35476.690362,1, 0, 0, 1,-1.840688,-0.207636,-13.443013,-1,2
68475,566940,168.792905,35476.609645,35476.717277,1, 0, 0, 1,5.747793,-7.681187,9.828222,-1,2
68475,566941,168.813157,35476.629897,35476.737529,0, 0, 0, 0,-99.000000,-99.000000,-99.000000,-1,1
68475,566942,168.943144,35476.759883,35476.867516,0, 0, 0, 0,-99.000000,-99.000000,-99.000000,-1,1
68475,566943,168.991240,35476.807980,35476.915612,1, 0, 0, 1,-2.514154,8.869029,-12.899386,-1,2
68475,566944,169.071349,35476.888089,35476.995721,1, 0, 0, 1,-4.147544,-9.386029,0.884963,-1,2
68475,566945,169.160811,35476.977550,35477.085183,1, 0, 0, 1,3.197423,-4.080565,7.416089,-1,2
68475,566946,169.186037,35477.002776,35477.110409,0, 0, 0, 0,-99.000000,-99.000000,-99.000000,-1,1
68475,566947,169.204400,35477.021139,35477.128771,0, 0, 0, 0,-99.000000,-99.000000,-99.000000,-1,1
68475,566948,169.220880,35477.037619,35477.145251,1, 0, 0, 1,-3.384238,8.028248,-6.409632,-1,2
68475,566949,169.268699,35477.085438,35477.193071,1, 0, 0, 1,3.164808,-5.280069,-15.701132,-1,2
68475,566950,169.274728,35477.091467,35477.199100,0, 0, 0, 0,-99.000000,-99.000000,-99.000000,-1,1
68475,566951,169.398996,35477.215735,35477.323368,0, 0, 0, 0,-99.000000,-99.000000,-99.000000,-1,1
68475,566952,169.453007,35477.269745,35477.377379,0, 0, 0, 0,-99.000000,-99.000000,-99.000000,-1,1
68475,566953,169.484243,35477.300981,35477.408615,0, 0, 0, 0,-99.000000,-99.000000,-99.000000,-1,1
68475,566954,169.580255,35477.396993,35477.504627,1, 0, 0, 1,5.706073,1.086358,-13.440346,-1,2
68475,566955,169.711082,35477.527820,35477.635454,0, 0, 0, 0,-99.000000,-99.000000,-99.000000,-1,1
68475,566956,169.810522,35477.627260,35477.734894,0, 0, 0, 0,-99.000000,-99.000000,-99.000000,-1,1
68475,566957,169.874884,35477.691622,35477.799256,0, 0, 0, 0,-99.000000,-99.000000,-99.000000,-1,1
68475,566958,170.028473,35477.845211,35477.952845,0, 0, 0, 0,-99.000000,-99.000000,-99.000000,-1,0
68475,566959,170.058922,35477.875660,35477.983294,0, 0, 0, 0,-99.000000,-99.000000,-99.000000,-1,1
68475,566960,170.126076,35477.942813,35478.050448,0, 0, 0, 0,-99.000000,-99.000000,-99.000000,-1,0
68475,566961,170.375349,35478.192086,35478.299721,1, 0, 0, 1,7.534341,-1.615277,-0.829301,-1,2
68475,566962,170.396319,35478.213055,35478.320691,1, 0, 0, 1,-4.920513,-5.048228,7.857289,-1,2
68475,566963,170.422902,35478.239639,35478.347274,0, 0, 0, 0,-99.000000,-99.000000,-99.000000,-1,1
68475,566964,170.442749,35478.259486,35478.367121,1, 0, 0, 1,6.160596,2.163413,-14.797089,-1,2
68475,566965,170.489370,35478.306107,35478.413742,1, 0, 0, 1,-4.561958,9.109383,-13.676219,-1,2
68475,566966,170.546359,35478.363095,35478.470731,1, 0, 0, 1,-8.572543,-0.609626,-14.843962,-1,2
68475,566967,170.549542,35478.366279,35478.473914,1, 0, 0, 1,-2.936186,5.894631,-18.549753,-1,2
68475,566968,170.688996,35478.505732,35478.613368,0, 0, 0, 0,-99.000000,-99.000000,-99.000000,-1,1
68475,566969,170.776237,35478.592973,35478.700609,1, 0, 0, 1,-7.095585,1.958155,-9.334793,-1,2
68475,566970,170.778547,35478.595283,35478.702919,1, 0, 0, 1,-1.121758,6.017500,-12.234494,-1,2
68475,566971,170.789350,35478.606086,35478.713722,1, 0, 0, 1,-0.122138,1.850913,-13.306089,-1,2
68475,566972,170.974313,35478.791049,35478.898685,0, 0, 0, 0,-99.000000,-99.000000,-99.000000,-1,0
68475,566973,171.073152,35478.889887,35478.997524,0, 0, 0, 0,-99.000000,-99.000000,-99.000000,-1,1
68475,566974,171.245342,35479.062077,35479.169713,0, 0, 0, 0,-99.000000,-99.000000,-99.000000,-1,1
68475,566975,171.291920,35479.108655,35479.216291,0, 0, 0, 0,-99.000000,-99.000000,-99.000000,-1,1
68475,566976,171.426813,35479.243548,35479.351185,1, 0, 0, 1,-0.184648,1.100846,7.826566,-1,2
68475,566977,171.505736,35479.322470,35479.430108,0, 0, 0, 0,-99.000000,-99.000000,-99.000000,-1,0
68475,566978,171.533347,35479.350081,35479.457719,1, 0, 0, 1,4.640781,-4.304043,15.563737,-1,2
68475,566979,171.631559,35479.448293,35479.555930,0, 0, 0, 0,-99.000000,-99.000000,-99.000000,-1,1
68475,566980,171.673987,35479.490721,35479.598359,1, 0, 0, 1,2.280630,2.426082,-14.048714,-1,2
68475,566981,171.715547,35479.532281,35479.639919,0, 0, 0, 0,-99.000000,-99.000000,-99.000000,-1,1
68475,566982,171.770232,35479.586966,35479.694604,0, 0, 0, 0,-99.000000,-99.000000,-99.000000,-1,1
68475,566983,171.989647,35479.806380,35479.914019,1, 0, 0, 1,0.545289,6.663132,18.221409,-1,2
68475,566984,172.008586,35479.825320,35479.932958,1, 0, 0, 1,8.024286,3.547896,7.228613,-1,2
68475,566985,172.013045,35479.829779,35479.937417,0, 0, 0, 0,-99.000000,-99.000000,-99.000000,-1,0
68475,566986,172.347449,35480.164182,35480.271821,0, 0, 0, 0,-99.000000,-99.000000,-99.000000,-1,1
68475,566987,172.523152,35480.339885,35480.447524,1, 0, 0, 1,7.800747,14.223468,-0.254054,-1,2
68475,566988,173.140347,35480.957079,35481.064719,1, 0, 0, 1,3.693620,-0.572196,-3.024863,-1,2
68475,566989,173.340431,35481.157162,35481.264803,0, 0, 0, 0,-99.000000,-99.000000,-99.000000,-1,0
68475,566990,173.436882,35481.253612,35481.361254,1, 0, 0, 1,0.067388,-2.474352,-0.077774,-1,2
68475,566991,173.546483,35481.363213,35481.470855,1, 0, 0, 1,1.426935,1.768586,-3.789810,-1,2
68475,566992,173.641713,35481.458444,35481.566085,1, 0, 0, 1,-0.698891,4.838572,5.241110,-1,2
68475,566993,173.867832,35481.684561,35481.792204,1, 0, 0, 1,-0.361512,0.835872,-8.055304,-1,2
68475,566994,173.965059,35481.781788,35481.889431,1, 0, 0, 1,0.645677,-9.868883,-13.277829,-1,2
68475,566995,174.020723,35481.837452,35481.945095,1, 0, 0, 1,7.615449,11.258742,-1.456811,-1,2
68475,566996,174.042418,35481.859147,35481.966790,0, 0, 0, 0,-99.000000,-99.000000,-99.000000,-1,1
68475,566997,174.157418,35481.974147,35482.081790,1, 0, 0, 1,-3.283292,2.376704,7.579170,-1,2
68475,566998,174.248221,35482.064950,35482.172593,1, 0, 0, 1,-9.210443,-1.350743,14.161285,-1,2
68475,566999,174.378925,35482.195653,35482.303297,0, 0, 0, 0,-99.000000,-99.000000,-99.000000,-1,1
68475,567000,174.584913,35482.401641,35482.509285,1, 0, 0, 1,6.333806,-3.207283,-6.970905,-1,2
68475,567001,174.705363,35482.522091,35482.629735,1, 0, 0, 1,3.238760,6.759492,-16.368140,-1,2
68475,567002,174.716380,35482.533108,35482.640752,1, 0, 0, 1,-6.184323,-5.208319,3.028761,-1,2
68475,567003,174.810102,35482.626830,35482.734474,1, 0, 0, 1,-8.477712,-0.935005,-12.851762,-1,2
68475,567004,174.811355,35482.628083,35482.735727,0, 0, 0, 0,-99.000000,-99.000000,-99.000000,-1,0
68475,567005,174.831995,35482.648723,35482.756367,1, 0, 0, 1,2.669025,-4.201561,3.489165,-1,2
68475,567006,174.853971,35482.670698,35482.778343,1, 0, 0, 1,1.511844,-1.368348,0.449632,-1,2
68475,567007,175.088072,35482.904799,35483.012444,1, 0, 0, 1,-1.238169,-4.110299,12.582254,-1,2
68475,567008,175.104235,35482.920962,35483.028607,1, 0, 0, 1,-3.225811,1.959616,-0.564519,-1,2
68475,567009,175.131207,35482.947934,35483.055578,0, 0, 0, 0,-99.000000,-99.000000,-99.000000,-1,1
68475,567010,175.189255,35483.005982,35483.113627,0, 0, 0, 0,-99.000000,-99.000000,-99.000000,-1,0
68475,567011,175.206032,35483.022759,35483.130404,1, 0, 0, 1,1.410648,1.039969,-6.017029,-1,2
68475,567012,175.416368,35483.233094,35483.340740,0, 0, 0, 0,-99.000000,-99.000000,-99.000000,-1,0
68475,567013,175.718060,35483.534786,35483.642432,1, 0, 0, 1,-0.104475,-7.987443,2.866843,-1,8
68475,567014,175.718444,35483.535170,35483.642816,1, 0, 0, 1,7.207128,0.055406,1.852051,-1,2
68475,567015,175.832093,35483.648819,35483.756465,1, 0, 0, 1,-6.642265,2.162414,11.207762,-1,2
68475,567016,175.860198,35483.676923,35483.784570,1, 0, 0, 1,-3.808904,1.394162,-11.883597,-1,2
68475,567017,175.919453,35483.736179,35483.843825,1, 0, 0, 1,-4.532002,6.818385,15.099287,-1,2
68475,567018,175.966707,35483.783432,35483.891078,0, 0, 0, 0,-99.000000,-99.000000,-99.000000,-1,1
68475,567019,176.011350,35483.828076,35483.935722,0, 0, 0, 0,-99.000000,-99.000000,-99.000000,-1,0
68475,567020,176.059847,35483.876572,35483.984219,1, 0, 0, 1,1.113449,-3.321496,-1.401371,-1,2
68475,567021,176.110191,35483.926916,35484.034563,0, 0, 0, 0,-99.000000,-99.000000,-99.000000,-1,1
68475,567022,176.199179,35484.015904,35484.123550,1, 0, 0, 1,0.474808,-5.373051,-1.144045,-1,2
68475,567023,176.317236,35484.133961,35484.241608,0, 0, 0, 0,-99.000000,-99.000000,-99.000000,-1,1
68475,567024,176.472470,35484.289194,35484.396841,1, 0, 0, 1,-6.488422,5.244198,5.078494,-1,2
68475,567025,176.497044,35484.313768,35484.421416,0, 0, 0, 0,-99.000000,-99.000000,-99.000000,-1,1
68475,567026,176.522405,35484.339129,35484.446777,1, 0, 0, 1,-8.590716,6.098995,16.247827,-1,2
68475,567027,176.613381,35484.430105,35484.537753,1, 0, 0, 1,1.084111,1.852321,-11.546601,-1,2
68475,567028,176.850287,35484.667011,35484.774659,1, 0, 0, 1,0.134422,-2.373910,-9.267938,-1,2
68475,567029,177.004699,35484.821422,35484.929070,1, 0, 0, 1,-7.209364,1.605649,21.484142,-1,2
68475,567030,177.104504,35484.921227,35485.028876,0, 0, 0, 0,-99.000000,-99.000000,-99.000000,-1,1
68475,567031,177.123104,35484.939826,35485.047475,0, 0, 0, 0,-99.000000,-99.000000,-99.000000,-1,0
68475,567032,177.143681,35484.960404,35485.068053,1, 0, 0, 1,-2.839196,-7.393893,8.671261,-1,2
68475,567033,177.209242,35485.025965,35485.133614,1, 0, 0, 1,-10.766112,13.634202,21.145005,-1,2
68475,567034,177.507539,35485.324262,35485.431911,1, 0, 0, 1,0.026205,0.356646,-11.117654,-1,2
68475,567035,177.723377,35485.540098,35485.647749,1, 0, 0, 1,-4.164189,10.209431,20.258657,-1,2
68475,567036,177.727152,35485.543874,35485.651524,1, 0, 0, 1,7.596995,3.497516,11.141856,-1,2
68475,567037,177.760231,35485.576952,35485.684602,0, 0, 0, 0,-99.000000,-99.000000,-99.000000,-1,1
68475,567038,177.926765,35485.743486,35485.851137,1, 0, 0, 1,5.338497,0.052186,-18.630106,-1,2
68475,567039,177.944938,35485.761659,35485.869310,1, 0, 0, 1,4.233922,-0.786621,2.824170,-1,2
68475,567040,178.231862,35486.048582,35486.156234,1, 0, 0, 1,-3.072467,0.675349,12.976928,-1,2
68475,567041,178.246217,35486.062938,35486.170589,1, 0, 0, 1,-0.847618,2.455632,12.860704,-1,2
68475,567042,178.293649,35486.110370,35486.218021,1, 0, 0, 1,-9.686811,9.269799,-0.700299,-1,2
68475,567043,178.351713,35486.168434,35486.276085,0, 0, 0, 0,-99.000000,-99.000000,-99.000000,-1,1
68475,567044,178.373939,35486.190660,35486.298311,1, 0, 0, 1,-4.973499,4.837672,-1.565884,-1,2
68475,567045,178.424503,35486.241223,35486.348875,1, 0, 0, 1,-4.509828,1.350947,9.910219,-1,2
68475,567046,178.591932,35486.408652,35486.516304,0, 0, 0, 0,-99.000000,-99.000000,-99.000000,-1,0
68475,567047,178.872470,35486.689189,35486.796842,0, 0, 0, 0,-99.000000,-99.000000,-99.000000,-1,0
68475,567048,178.875454,35486.692174,35486.799826,1, 0, 0, 1,-4.553385,-6.373046,6.560499,-1,2
68475,567049,178.951956,35486.768675,35486.876328,1, 0, 0, 1,6.481624,-3.041341,-2.139681,-1,2
68475,567050,179.056335,35486.873054,35486.980706,1, 0, 0, 1,9.021376,1.864893,-14.819409,-1,2
68475,567051,179.118692,35486.935411,35487.043064,0, 0, 0, 0,-99.000000,-99.000000,-99.000000,-1,0
68475,567052,179.356054,35487.172773,35487.280426,1, 1, 0, 1,1.531161,-1.491964,4.231733,-1,3
68475,567053,179.529294,35487.346012,35487.453666,0, 0, 0, 0,-99.000000,-99.000000,-99.000000,-1,1
68475,567054,179.654149,35487.470867,35487.578521,1, 0, 0, 1,-3.373883,3.566862,-8.108537,-1,2
68475,567055,179.854216,35487.670934,35487.778588,1, 0, 0, 1,5.151081,-7.049089,-16.053797,-1,2
68475,567056,180.024109,35487.840826,35487.948481,0, 0, 0, 0,-99.000000,-99.000000,-99.000000,-1,1
68475,567057,180.173758,35487.990475,35488.098130,1, 0, 0, 1,-4.152104,-0.966405,0.614980,-1,2
68475,567058,180.317137,35488.133854,35488.241509,1, 0, 0, 1,0.802610,0.687308,-13.171177,-1,2
68475,567059,180.601963,35488.418679,35488.526335,1, 0, 0, 1,-3.758472,5.917582,-10.241750,-1,2
68475,567060,180.611686,35488.428402,35488.536058,1, 0, 0, 1,2.002778,-2.025211,14.667362,-1,2
68475,567061,180.667555,35488.484271,35488.591927,1, 0, 0, 1,4.885729,-0.377276,-6.828024,-1,2
68475,567062,180.890252,35488.706968,35488.814624,1, 0, 0, 1,11.989703,10.820084,-7.656097,-1,2
68475,567063,181.004254,35488.820969,35488.928626,0, 0, 0, 0,-99.000000,-99.000000,-99.000000,-1,1
68475,567064,181.187066,35489.003780,35489.111438,1, 0, 0, 1,2.953619,4.913155,0.524076,-1,2
68475,567065,181.196067,35489.012781,35489.120439,0, 0, 0, 0,-99.000000,-99.000000,-99.000000,-1,1
68475,567066,181.384485,35489.201200,35489.308857,1, 0, 0, 1,-3.583832,7.338623,5.544430,-1,2
68475,567067,181.576814,35489.393528,35489.501186,1, 0, 0, 1,-1.392358,-6.483944,7.847885,-1,2
68475,567068,181.666253,35489.482967,35489.590625,1, 0, 0, 1,3.534338,-6.603733,2.550885,-1,2
68475,567069,181.673120,35489.489834,35489.597492,1, 0, 0, 1,-5.101007,-2.224001,-11.611566,-1,2
68475,567070,181.694918,35489.511632,35489.619290,1, 0, 0, 1,-0.465905,8.054911,-5.103588,-1,2
68475,567071,181.856305,35489.673018,35489.780677,1, 0, 0, 1,3.156665,4.426862,3.145413,-1,2
68475,567072,181.858873,35489.675586,35489.783244,1, 0, 0, 1,-2.945433,4.807898,-3.826415,-1,2
68475,567073,181.859929,35489.676643,35489.784301,1, 0, 0, 1,1.521445,-4.901809,-8.530128,-1,2
68475,567074,181.893478,35489.710192,35489.817850,1, 0, 0, 1,-2.646916,0.102687,-15.614506,-1,2
68475,567075,182.160554,35489.977267,35490.084926,1, 0, 0, 1,-5.454694,5.913675,-10.344417,-1,2
68475,567076,182.199320,35490.016033,35490.123692,0, 0, 0, 0,-99.000000,-99.000000,-99.000000,-1,1
68475,567077,182.283379,35490.100092,35490.207751,0, 0, 0, 0,-99.000000,-99.000000,-99.000000,-1,1
68475,567078,182.412564,35490.229276,35490.336936,0, 0, 0, 0,-99.000000,-99.000000,-99.000000,-1,0
68475,567079,182.428360,35490.245072,35490.352732,1, 0, 0, 1,2.478245,-9.498536,7.664112,-1,2
68475,567080,182.444155,35490.260867,35490.368527,0, 0, 0, 0,-99.000000,-99.000000,-99.000000,-1,1
68475,567081,182.557081,35490.373793,35490.481452,0, 0, 0, 0,-99.000000,-99.000000,-99.000000,-1,1
68475,567082,182.603964,35490.420676,35490.528336,1, 0, 0, 1,-9.086669,3.217637,7.937486,-1,2
68475,567083,182.678586,35490.495298,35490.602958,1, 0, 0, 1,7.056487,-2.444689,-1.576616,-1,2
68475,567084,182.744596,35490.561308,35490.668968,0, 0, 0, 0,-99.000000,-99.000000,-99.000000,-1,1
68475,567085,182.797205,35490.613917,35490.721577,1, 0, 0, 1,6.983963,-10.855636,-9.724824,-1,2
68475,567086,182.805397,35490.622109,35490.729769,0, 0, 0, 0,-99.000000,-99.000000,-99.000000,-1,1
68475,567087,182.912839,35490.729550,35490.837211,1, 0, 0, 1,6.108855,12.167370,-21.088613,-1,2
68475,567088,182.940722,35490.757433,35490.865094,1, 0, 0, 1,2.706850,-1.344193,12.036497,-1,2
68475,567089,182.949088,35490.765800,35490.873460,0, 0, 0, 0,-99.000000,-99.000000,-99.000000,-1,0
68475,567090,182.962162,35490.778873,35490.886534,1, 0, 0, 1,1.214634,5.095503,18.806513,-1,2
68475,567091,182.967659,35490.784370,35490.892031,1, 0, 0, 1,2.934987,0.713107,-16.147005,-1,2
68475,567092,183.155749,35490.972460,35491.080121,1, 0, 0, 1,5.471502,13.187643,7.341097,-1,2
68475,567093,183.209712,35491.026422,35491.134084,0, 0, 0, 0,-99.000000,-99.000000,-99.000000,-1,1
68475,567094,183.355036,35491.171746,35491.279408,1, 0, 0, 1,-7.633221,1.944475,-0.645992,-1,2
68475,567095,183.392897,35491.209607,35491.317269,1, 0, 0, 1,5.400375,-1.495025,14.063404,-1,2
68475,567096,183.655424,35491.472134,35491.579796,1, 0, 0, 1,-2.640507,-6.483271,-6.014050,-1,2
68475,567097,183.765776,35491.582485,35491.690148,1, 0, 0, 1,-0.032049,-0.516427,-1.871674,-1,2
68475,567098,183.785013,35491.601722,35491.709385,1, 0, 0, 1,3.890704,-2.684104,-6.148299,-1,2
68475,567099,183.902609,35491.719319,35491.826981,1, 0, 0, 1,-9.747799,-2.958155,3.949765,-1,2
68475,567100,183.924037,35491.740746,35491.848408,0, 0, 0, 0,-99.000000,-99.000000,-99.000000,-1,1
68475,567101,184.020396,35491.837105,35491.944768,0, 0, 0, 0,-99.000000,-99.000000,-99.000000,-1,1
68475,567102,184.196060,35492.012768,35492.120432,0, 0, 0, 0,-99.000000,-99.000000,-99.000000,-1,1
68475,567103,184.227498,35492.044207,35492.151870,1, 0, 0, 1,-0.348100,7.416853,-21.782014,-1,2
68475,567104,184.370568,35492.187276,35492.294940,0, 0, 0, 0,-99.000000,-99.000000,-99.000000,-1,0
68475,567105,184.611579,35492.428286,35492.535950,0, 0, 0, 0,-99.000000,-99.000000,-99.000000,-1,1
68475,567106,184.673965,35492.490672,35492.598337,1, 0, 0, 1,5.559789,-0.349003,7.458057,-1,2
68475,567107,184.683056,35492.499764,35492.607428,0, 0, 0, 0,-99.000000,-99.000000,-99.000000,-1,1
68475,567108,184.729799,35492.546507,35492.654171,0, 0, 0, 0,-99.000000,-99.000000,-99.000000,-1,1
68475,567109,184.894129,35492.710836,35492.818501,0, 0, 0, 0,-99.000000,-99.000000,-99.000000,-1,0
68475,567110,185.146788,35492.963494,35493.071160,1, 0, 0, 1,-3.857071,-8.110006,0.449056,-1,2
68475,567111,185.155379,35492.972086,35493.079751,1, 0, 0, 1,6.527997,-3.338664,-12.198980,-1,2
68475,567112,185.161142,35492.977849,35493.085514,1, 0, 0, 1,-2.635453,-2.082812,4.005766,-1,2
68475,567113,185.169987,35492.986694,35493.094359,0, 0, 0, 0,-99.000000,-99.000000,-99.000000,-1,0
68475,567114,185.195826,35493.012532,35493.120198,1, 0, 0, 1,2.303327,5.335781,13.880953,-1,2
68475,567115,185.229617,35493.046323,35493.153989,1, 1, 0, 1,3.222083,1.799905,-11.788004,-1,12
68475,567116,185.292270,35493.108976,35493.216642,0, 0, 0, 0,-99.000000,-99.000000,-99.000000,-1,0
68475,567117,185.397611,35493.214317,35493.321983,1, 0, 0, 1,4.281946,-7.110546,-13.100649,-1,2
68475,567118,185.430716,35493.247422,35493.355088,1, 0, 0, 1,-4.712732,-8.972051,-2.205656,-1,2
68475,567119,185.511569,35493.328275,35493.435941,1, 0, 0, 1,6.335842,3.098735,5.497694,-1,2
68475,567120,185.532349,35493.349054,35493.456720,1, 0, 0, 1,-3.284410,0.971999,18.491491,-1,2
68475,567121,185.680479,35493.497185,35493.604851,0, 0, 0, 0,-99.000000,-99.000000,-99.000000,-1,1
68475,567122,185.692174,35493.508880,35493.616546,0, 0, 0, 0,-99.000000,-99.000000,-99.000000,-1,0
68475,567123,185.720679,35493.537384,35493.645051,1, 0, 0, 1,-16.580950,-1.785358,9.465477,-1,2
68475,567124,185.763014,35493.579719,35493.687386,1, 0, 0, 1,1.529976,-0.969647,-11.346796,-1,2
68475,567125,185.825090,35493.641795,35493.749461,0, 0, 0, 0,-99.000000,-99.000000,-99.000000,-1,0
68475,567126,185.948586,35493.765291,35493.872958,1, 0, 0, 1,-7.179059,-0.212364,0.012098,-1,2
68475,567127,185.990331,35493.807036,35493.914703,0, 0, 0, 0,-99.000000,-99.000000,-99.000000,-1,1
68475,567128,185.991121,35493.807826,35493.915493,0, 0, 0, 0,-99.000000,-99.000000,-99.000000,-1,1
68475,567129,186.035338,35493.852043,35493.959710,0, 0, 0, 0,-99.000000,-99.000000,-99.000000,-1,0
68475,567130,186.061350,35493.878055,35493.985722,1, 0, 0, 1,6.500160,2.380659,-8.879101,-1,2
68475,567131,186.109682,35493.926387,35494.034054,1, 0, 0, 1,6.977688,2.772029,-11.255952,-1,2
68475,567132,186.158206,35493.974910,35494.082578,1, 0, 0, 1,7.615193,2.774723,8.384455,-1,2
68475,567133,186.277583,35494.094288,35494.201955,0, 0, 0, 0,-99.000000,-99.000000,-99.000000,-1,0
68475,567134,186.902494,35494.719197,35494.826865,0, 0, 0, 0,-99.000000,-99.000000,-99.000000,-1,1
68475,567135,186.982341,35494.799044,35494.906713,1, 0, 0, 1,-7.854686,0.101214,16.125142,-1,2
68475,567136,187.315723,35495.132425,35495.240095,1, 0, 0, 1,-1.220867,-2.872624,6.218293,-1,2
68475,567137,187.442740,35495.259442,35495.367111,1, 0, 0, 1,2.609460,-9.400616,-9.951459,-1,2
68475,567138,187.452003,35495.268705,35495.376375,0, 0, 0, 0,-99.000000,-99.000000,-99.000000,-1,0
68475,567139,187.783129,35495.599830,35495.707501,0, 0, 0, 0,-99.000000,-99.000000,-99.000000,-1,0
68475,567140,187.840631,35495.657333,35495.765003,0, 0, 0, 0,-99.000000,-99.000000,-99.000000,-1,0
68475,567141,187.864611,35495.681313,35495.788983,0, 0, 0, 0,-99.000000,-99.000000,-99.000000,-1,1
68475,567142,187.971216,35495.787917,35495.895588,1, 0, 0, 1,-0.674045,-7.910915,-14.910914,-1,2
68475,567143,188.228307,35496.045008,35496.152679,0, 0, 0, 0,-99.000000,-99.000000,-99.000000,-1,1
68475,567144,188.545436,35496.362135,35496.469808,1, 0, 0, 1,3.283451,-6.706816,-8.089239,-1,2
68475,567145,188.640104,35496.456803,35496.564476,1, 0, 0, 1,2.294170,-0.613078,14.228231,-1,2
68475,567146,188.690932,35496.507632,35496.615304,1, 0, 0, 1,0.554341,1.592366,7.123410,-1,2
68475,567147,188.768075,35496.584774,35496.692447,1, 0, 0, 1,-6.294120,3.921160,-7.346467,-1,2
68475,567148,188.971766,35496.788465,35496.896138,0, 0, 0, 0,-99.000000,-99.000000,-99.000000,-1,1
68475,567149,189.163814,35496.980513,35497.088186,1, 0, 0, 1,-15.000258,6.821667,-6.715753,-1,2
68475,567150,189.298409,35497.115107,35497.222780,1, 0, 0, 1,7.740986,-0.631736,3.941766,-1,2
68475,567151,189.335590,35497.152288,35497.259962,0, 0, 0, 0,-99.000000,-99.000000,-99.000000,-1,1
68475,567152,189.364169,35497.180867,35497.288541,1, 0, 0, 1,-1.645059,3.718411,1.555790,-1,2
68475,567153,189.399633,35497.216331,35497.324005,1, 0, 0, 1,6.616206,-3.020990,-17.248047,-1,2
68475,567154,189.400237,35497.216935,35497.324609,1, 0, 0, 1,-4.645010,-6.476190,21.371055,-1,2
68475,567155,189.728840,35497.545537,35497.653212,1, 0, 0, 1,5.018555,4.147215,18.128840,-1,2
68475,567156,189.831917,35497.648614,35497.756289,1, 0, 0, 1,4.543579,-5.810962,-9.887658,-1,2
68475,567157,189.841848,35497.658545,35497.766220,1, 0, 0, 1,-4.910061,-0.815126,-10.140355,-1,2
68475,567158,189.885684,35497.702381,35497.810056,1, 0, 0, 1,-3.199611,2.661112,0.598177,-1,2
68475,567159,189.887267,35497.703964,35497.811639,0, 0, 0, 0,-99.000000,-99.000000,-99.000000,-1,0
68475,567160,189.887876,35497.704573,35497.812248,0, 0, 0, 0,-99.000000,-99.000000,-99.000000,-1,0
68475,567161,189.932199,35497.748896,35497.856571,1, 0, 0, 1,6.792708,-5.475751,-7.700931,-1,2
68475,567162,189.956487,35497.773184,35497.880859,1, 0, 0, 1,6.393413,4.210618,2.110906,-1,2
68475,567163,189.959614,35497.776311,35497.883986,0, 0, 0, 0,-99.000000,-99.000000,-99.000000,-1,0
68475,567164,190.029035,35497.845732,35497.953407,0, 0, 0, 0,-99.000000,-99.000000,-99.000000,-1,1
68475,567165,190.087837,35497.904533,35498.012208,1, 0, 0, 1,3.882870,-6.063297,0.606923,-1,2
68475,567166,190.121444,35497.938140,35498.045816,1, 0, 0, 1,-0.920527,2.875480,-12.943561,-1,2
68475,567167,190.222023,35498.038719,35498.146395,1, 0, 0, 1,-1.593245,1.504726,-2.883653,-1,2
68475,567168,190.322281,35498.138977,35498.246653,0, 0, 0, 0,-99.000000,-99.000000,-99.000000,-1,0
68475,567169,190.525897,35498.342592,35498.450269,0, 0, 0, 0,-99.000000,-99.000000,-99.000000,-1,1
68475,567170,191.231830,35499.048524,35499.156202,0, 0, 0, 0,-99.000000,-99.000000,-99.000000,-1,0
68475,567171,191.372038,35499.188732,35499.296410,0, 0, 0, 0,-99.000000,-99.000000,-99.000000,-1,1
68475,567172,191.424609,35499.241303,35499.348981,0, 0, 0, 0,-99.000000,-99.000000,-99.000000,-1,1
68475,567173,191.584139,35499.400832,35499.508511,0, 0, 0, 0,-99.000000,-99.000000,-99.000000,-1,1
68475,567174,191.616319,35499.433012,35499.540691,1, 0, 0, 1,-3.782237,7.217596,-9.797243,-1,2
68475,567175,191.869545,35499.686238,35499.793917,1, 0, 0, 1,-5.396244,9.122410,-2.817622,-1,2
68475,567176,191.913269,35499.729962,35499.837641,1, 0, 0, 1,8.015073,1.357268,12.523158,-1,2
68475,567177,191.967802,35499.784495,35499.892174,1, 0, 0, 1,-4.285674,0.232283,8.522923,-1,2
68475,567178,192.015781,35499.832474,35499.940153,0, 0, 0, 0,-99.000000,-99.000000,-99.000000,-1,1
68475,567179,192.058881,35499.875574,35499.983253,0, 0, 0, 0,-99.000000,-99.000000,-99.000000,-1,0
68475,567180,192.170670,35499.987362,35500.095042,1, 0, 0, 1,-1.137880,0.749223,12.721962,-1,2
68475,567181,192.300236,35500.116928,35500.224608,0, 0, 0, 0,-99.000000,-99.000000,-99.000000,-1,1
68475,567182,192.353900,35500.170592,35500.278272,1, 0, 0, 1,-1.124135,0.807259,-19.965331,-1,2
68475,567183,192.371614,35500.188306,35500.295986,1, 0, 0, 1,-0.967121,-9.511253,-3.963396,-1,2
68475,567184,192.375075,35500.191767,35500.299447,0, 0, 0, 0,-99.000000,-99.000000,-99.000000,-1,1
68475,567185,192.424199,35500.240891,35500.348571,0, 0, 0, 0,-99.000000,-99.000000,-99.000000,-1,1
68475,567186,192.572254,35500.388945,35500.496626,0, 0, 0, 0,-99.000000,-99.000000,-99.000000,-1,1
68475,567187,192.652053,35500.468744,35500.576425,1, 0, 0, 1,5.332752,0.975907,-19.949887,-1,2
68475,567188,192.653838,35500.470529,35500.578210,0, 0, 0, 0,-99.000000,-99.000000,-99.000000,-1,1
68475,567189,192.775696,35500.592387,35500.700068,1, 0, 0, 1,3.988292,2.055879,16.291316,-1,2
68475,567190,192.837610,35500.654301,35500.761981,0, 0, 0, 0,-99.000000,-99.000000,-99.000000,-1,0
68475,567191,192.850918,35500.667609,35500.775289,1, 0, 0, 1,-1.586044,6.759194,-19.885106,-1,2
68475,567192,192.854625,35500.671316,35500.778997,0, 0, 0, 0,-99.000000,-99.000000,-99.000000,-1,1
68475,567193,193.031450,35500.848140,35500.955822,1, 0, 0, 1,1.067185,-9.111937,8.407432,-1,2
68475,567194,193.179192,35500.995882,35501.103564,1, 0, 0, 1,6.951129,-5.526339,18.418356,-1,2
68475,567195,193.186445,35501.003135,35501.110817,1, 0, 0, 1,-4.953944,-1.995930,13.790738,-1,2
68475,567196,193.348706,35501.165396,35501.273078,1, 0, 0, 1,-3.476957,0.907968,12.025818,-1,2
68475,567197,193.394006,35501.210696,35501.318378,0, 0, 0, 0,-99.000000,-99.000000,-99.000000,-1,1
68475,567198,193.398294,35501.214984,35501.322666,1, 0, 0, 1,0.038421,-2.018949,4.702805,-1,2
68475,567199,193.863280,35501.679969,35501.787652,1, 0, 0, 1,6.945744,-7.502158,18.241545,-1,2
68475,567200,193.886532,35501.703221,35501.810904,0, 0, 0, 0,-99.000000,-99.000000,-99.000000,-1,1
68475,567201,193.970386,35501.787075,35501.894758,1, 0, 0, 1,-5.979870,-3.639597,-20.359163,-1,3
68475,567202,194.040430,35501.857119,35501.964802,1, 0, 0, 1,4.670146,-1.319617,-17.502512,-1,2
68475,567203,194.198002,35502.014690,35502.122374,1, 0, 0, 1,-7.787096,-0.442506,18.564892,-1,2
68475,567204,194.208356,35502.025044,35502.132728,1, 0, 0, 1,3.463950,9.493987,-11.093426,-1,2
68475,567205,194.265926,35502.082614,35502.190298,1, 0, 0, 1,-1.318671,-0.729570,-7.210117,-1,2
68475,567206,194.381684,35502.198372,35502.306056,0, 0, 0, 0,-99.000000,-99.000000,-99.000000,-1,1
68475,567207,194.552896,35502.369583,35502.477267,1, 0, 0, 1,3.048211,4.188781,12.134735,-1,2
68475,567208,194.650813,35502.467500,35502.575184,0, 0, 0, 0,-99.000000,-99.000000,-99.000000,-1,1
68475,567209,194.669025,35502.485712,35502.593397,1, 0, 0, 1,-3.178894,0.200699,10.850546,-1,3
68475,567210,194.673660,35502.490347,35502.598032,1, 0, 0, 1,-5.502575,-5.058643,17.585682,-1,2
68475,567211,194.729030,35502.545717,35502.653402,1, 0, 0, 1,-4.808491,-0.532441,-2.853121,-1,2
68475,567212,195.200933,35503.017619,35503.125305,1, 0, 0, 1,7.978141,4.281968,9.087100,-1,2
68475,567213,195.224771,35503.041457,35503.149142,1, 0, 0, 1,6.447740,-1.357727,-1.132105,-1,2
68475,567214,195.340295,35503.156981,35503.264667,1, 0, 0, 1,7.384584,5.617085,-13.138999,-1,2
68475,567215,195.404059,35503.220745,35503.328431,0, 0, 0, 0,-99.000000,-99.000000,-99.000000,-1,0
68475,567216,195.473548,35503.290234,35503.397920,1, 0, 0, 1,-3.315976,10.489242,-14.596981,-1,2
68475,567217,195.582651,35503.399337,35503.507023,1, 0, 0, 1,-0.676911,-8.420414,-8.097104,-1,2
68475,567218,195.642286,35503.458971,35503.566657,0, 0, 0, 0,-99.000000,-99.000000,-99.000000,-1,0
68475,567219,195.647011,35503.463697,35503.571383,0, 0, 0, 0,-99.000000,-99.000000,-99.000000,-1,1
68475,567220,195.655548,35503.472233,35503.579920,1, 0, 0, 1,0.021565,5.514404,6.908862,-1,2
68475,567221,195.966325,35503.783010,35503.890697,0, 0, 0, 0,-99.000000,-99.000000,-99.000000,-1,0
68475,567222,196.136578,35503.953262,35504.060949,1, 0, 0, 1,5.103213,0.396378,-18.585539,-1,2
68475,567223,196.380029,35504.196712,35504.304400,0, 0, 0, 0,-99.000000,-99.000000,-99.000000,-1,0
68475,567224,196.411987,35504.228671,35504.336359,1, 0, 0, 1,0.705544,4.720648,-1.900301,-1,2
68475,567225,196.512407,35504.329091,35504.436779,1, 0, 0, 1,2.749951,-8.692289,-15.376510,-1,2
68475,567226,196.675385,35504.492068,35504.599757,0, 0, 0, 0,-99.000000,-99.000000,-99.000000,-1,1
68475,567227,196.742560,35504.559243,35504.666932,0, 0, 0, 0,-99.000000,-99.000000,-99.000000,-1,1
68475,567228,196.830146,35504.646829,35504.754518,0, 0, 0, 0,-99.000000,-99.000000,-99.000000,-1,0
68475,567229,196.854905,35504.671588,35504.779277,0, 0, 0, 0,-99.000000,-99.000000,-99.000000,-1,0
68475,567230,196.910842,35504.727525,35504.835214,1, 0, 0, 1,2.048572,-1.008924,10.563260,-1,2
68475,567231,196.993856,35504.810539,35504.918228,0, 0, 0, 0,-99.000000,-99.000000,-99.000000,-1,0
68475,567232,197.252152,35505.068834,35505.176524,1, 0, 0, 1,-4.300400,7.198986,-9.033372,-1,2
68475,567233,197.282933,35505.099615,35505.207305,1, 0, 0, 1,-2.766378,8.709108,-10.020575,-1,2
68475,567234,197.326462,35505.143143,35505.250833,1, 0, 0, 1,-8.092723,2.390048,-19.341493,-1,2
68475,567235,197.433379,35505.250061,35505.357751,1, 0, 0, 1,4.903687,4.697189,0.420507,-1,2
68475,567236,197.709009,35505.525691,35505.633381,1, 0, 0, 1,5.613256,-8.841119,-2.285858,-1,6
68475,567237,197.831593,35505.648274,35505.755965,0, 0, 0, 0,-99.000000,-99.000000,-99.000000,-1,1
68475,567238,197.852787,35505.669468,35505.777159,0, 0, 0, 0,-99.000000,-99.000000,-99.000000,-1,1
68475,567239,197.903196,35505.719876,35505.827568,1, 0, 0, 1,-1.439087,-7.010971,-16.973744,-1,2
68475,567240,197.990919,35505.807599,35505.915290,1, 0, 0, 1,0.244228,2.919797,14.845060,-1,2
68475,567241,198.285684,35506.102364,35506.210056,0, 0, 0, 0,-99.000000,-99.000000,-99.000000,-1,1
68475,567242,198.315185,35506.131864,35506.239557,0, 0, 0, 0,-99.000000,-99.000000,-99.000000,-1,1
68475,567243,198.374055,35506.190734,35506.298426,1, 0, 0, 1,5.012153,3.811538,-13.082005,-1,2
68475,567244,198.548354,35506.365033,35506.472726,1, 0, 0, 1,-3.750948,-1.913702,17.283426,-1,2
68475,567245,198.636005,35506.452684,35506.560377,0, 0, 0, 0,-99.000000,-99.000000,-99.000000,-1,1
68475,567246,198.736581,35506.553260,35506.660953,1, 0, 0, 1,5.253934,-3.686373,13.771882,-1,2
68475,567247,198.837713,35506.654391,35506.762085,0, 0, 0, 0,-99.000000,-99.000000,-99.000000,-1,1
68475,567248,198.936177,35506.752856,35506.860549,1, 0, 0, 1,1.886033,-5.588291,-9.449487,-1,2
68475,567249,198.969987,35506.786666,35506.894359,0, 0, 0, 0,-99.000000,-99.000000,-99.000000,-1,0
68475,567250,199.009027,35506.825706,35506.933399,1, 0, 0, 1,7.802559,5.754336,-3.333865,-1,3
68475,567251,199.142477,35506.959155,35507.066849,1, 0, 0, 1,5.160125,1.517962,-6.108579,-1,2
68475,567252,199.216138,35507.032816,35507.140509,0, 0, 0, 0,-99.000000,-99.000000,-99.000000,-1,1
68475,567253,199.367552,35507.184229,35507.291924,1, 0, 0, 1,1.261808,-1.454294,-12.697126,-1,2
68475,567254,199.447725,35507.264402,35507.372097,1, 0, 0, 1,-6.860135,0.084590,7.667540,-1,2
68475,567255,199.493002,35507.309679,35507.417374,1, 0, 0, 1,3.606356,-6.308420,-15.484589,-1,4
68475,567256,199.502172,35507.318850,35507.426544,0, 0, 0, 0,-99.000000,-99.000000,-99.000000,-1,1
68475,567257,199.551486,35507.368163,35507.475858,1, 0, 0, 1,4.449573,-4.351261,0.529831,-1,2
68475,567258,199.603753,35507.420430,35507.528125,0, 0, 0, 0,-99.000000,-99.000000,-99.000000,-1,1
68475,567259,199.676061,35507.492738,35507.600433,0, 0, 0, 0,-99.000000,-99.000000,-99.000000,-1,1
68475,567260,199.796255,35507.612932,35507.720627,0, 0, 0, 0,-99.000000,-99.000000,-99.000000,-1,1
68475,567261,199.864254,35507.680931,35507.788626,0, 0, 0, 0,-99.000000,-99.000000,-99.000000,-1,1
68475,567262,199.871933,35507.688609,35507.796305,0, 0, 0, 0,-99.000000,-99.000000,-99.000000,-1,1
68475,567263,199.886125,35507.702802,35507.810497,1, 0, 0, 1,-1.578896,-7.801470,15.017576,-1,2
68475,567264,199.928430,35507.745107,35507.852802,1, 0, 0, 1,-1.594160,3.718481,-12.556352,-1,2
68475,567265,199.970667,35507.787343,35507.895039,1, 0, 0, 1,0.049564,-2.087822,11.239859,-1,2
68475,567266,200.078086,35507.894762,35508.002458,0, 0, 0, 0,-99.000000,-99.000000,-99.000000,-1,1
68475,567267,200.279548,35508.096224,35508.203920,0, 0, 0, 0,-99.000000,-99.000000,-99.000000,-1,0
68475,567268,200.308030,35508.124706,35508.232402,1, 0, 0, 1,2.676046,-3.822515,10.384895,-1,2
68475,567269,200.344764,35508.161440,35508.269136,0, 0, 0, 0,-99.000000,-99.000000,-99.000000,-1,0
68475,567270,200.385210,35508.201886,35508.309582,1, 0, 0, 1,-8.840380,4.732071,-17.983017,-1,2
68475,567271,200.425005,35508.241681,35508.349377,0, 0, 0, 0,-99.000000,-99.000000,-99.000000,-1,1
68475,567272,200.590459,35508.407134,35508.514831,0, 0, 0, 0,-99.000000,-99.000000,-99.000000,-1,1
68475,567273,200.684628,35508.501303,35508.609000,0, 0, 0, 0,-99.000000,-99.000000,-99.000000,-1,0
68475,567274,200.700050,35508.516725,35508.624422,0, 0, 0, 0,-99.000000,-99.000000,-99.000000,-1,1
68475,567275,200.726545,35508.543220,35508.650917,1, 0, 0, 1,-7.732019,0.514152,7.000526,-1,2
68475,567276,200.891892,35508.708566,35508.816264,0, 0, 0, 0,-99.000000,-99.000000,-99.000000,-1,1
68475,567277,200.982110,35508.798784,35508.906482,0, 0, 0, 0,-99.000000,-99.000000,-99.000000,-1,1
68475,567278,201.013500,35508.830175,35508.937872,1, 0, 0, 1,-5.982805,-0.459776,-0.258411,-1,2
68475,567279,201.088714,35508.905388,35509.013086,1, 0, 0, 1,10.523532,-5.565517,4.876118,-1,2
68475,567280,201.144314,35508.960988,35509.068686,0, 0, 0, 0,-99.000000,-99.000000,-99.000000,-1,0
68475,567281,201.146606,35508.963280,35509.070978,0, 0, 0, 0,-99.000000,-99.000000,-99.000000,-1,0
68475,567282,201.298820,35509.115494,35509.223192,1, 0, 0, 1,-4.823868,-5.729527,6.140361,-1,2
68475,567283,201.376566,35509.193240,35509.300938,0, 0, 0, 0,-99.000000,-99.000000,-99.000000,-1,0
68475,567284,201.472535,35509.289208,35509.396906,1, 0, 0, 1,5.771315,-2.940956,20.297110,-1,2
68475,567285,201.484245,35509.300919,35509.408617,1, 0, 0, 1,-2.293205,-8.769140,8.190349,-1,2
68475,567286,201.550493,35509.367166,35509.474865,0, 0, 0, 0,-99.000000,-99.000000,-99.000000,-1,1
68475,567287,201.719114,35509.535787,35509.643486,0, 0, 0, 0,-99.000000,-99.000000,-99.000000,-1,0
68475,567288,201.960775,35509.777448,35509.885147,0, 0, 0, 0,-99.000000,-99.000000,-99.000000,-1,1
68475,567289,202.024893,35509.841565,35509.949264,0, 0, 0, 0,-99.000000,-99.000000,-99.000000,-1,0
68475,567290,202.032933,35509.849605,35509.957305,0, 0, 0, 0,-99.000000,-99.000000,-99.000000,-1,1
68475,567291,202.134157,35509.950829,35510.058529,1, 0, 0, 1,-8.418036,0.467847,6.648213,-1,2
68475,567292,202.136235,35509.952907,35510.060607,0, 0, 0, 0,-99.000000,-99.000000,-99.000000,-1,0
68475,567293,202.221521,35510.038193,35510.145893,0, 0, 0, 0,-99.000000,-99.000000,-99.000000,-1,0
68475,567294,202.234343,35510.051015,35510.158715,1, 0, 0, 1,-2.462489,8.314073,-11.523624,-1,2
68475,567295,202.394541,35510.211212,35510.318913,1, 0, 0, 1,-1.748194,-6.402367,4.642085,-1,2
68475,567296,202.693907,35510.510578,35510.618279,0, 0, 0, 0,-99.000000,-99.000000,-99.000000,-1,0
68475,567297,202.894033,35510.710703,35510.818405,1, 0, 0, 1,3.883337,-0.446547,7.048351,-1,2
68475,567298,202.961697,35510.778367,35510.886069,0, 0, 0, 0,-99.000000,-99.000000,-99.000000,-1,0
68475,567299,202.963325,35510.779996,35510.887697,1, 0, 0, 1,3.779801,0.909834,-2.146552,-1,2
68475,567300,202.971317,35510.787987,35510.895689,0, 0, 0, 0,-99.000000,-99.000000,-99.000000,-1,1
68475,567301,202.988044,35510.804714,35510.912416,0, 0, 0, 0,-99.000000,-99.000000,-99.000000,-1,1
68475,567302,202.995415,35510.812085,35510.919787,0, 0, 0, 0,-99.000000,-99.000000,-99.000000,-1,0
68475,567303,203.080558,35510.897228,35511.004930,1, 0, 0, 1,-7.881854,0.981430,-13.517495,-1,2
68475,567304,203.175857,35510.992527,35511.100229,1, 0, 0, 1,-2.036756,-1.392367,10.689820,-1,2
68475,567305,203.351634,35511.168303,35511.276005,0, 0, 0, 0,-99.000000,-99.000000,-99.000000,-1,1
68475,567306,203.401012,35511.217682,35511.325384,1, 0, 0, 1,-2.962052,0.420236,-2.121686,-1,2
68475,567307,203.457908,35511.274578,35511.382280,1, 0, 0, 1,-8.599110,1.750173,-1.163427,-1,2
68475,567308,203.465688,35511.282357,35511.390060,1, 0, 0, 1,-0.909928,3.986813,-28.515716,-1,2
68475,567309,203.498328,35511.314997,35511.422700,1, 0, 0, 1,1.448034,0.618728,-12.536195,-1,2
68475,567310,203.577554,35511.394223,35511.501926,1, 0, 0, 1,1.051509,-2.249137,-1.106081,-1,2
68475,567311,203.839232,35511.655900,35511.763604,0, 0, 0, 0,-99.000000,-99.000000,-99.000000,-1,1
68475,567312,203.843840,35511.660509,35511.768212,0, 0, 0, 0,-99.000000,-99.000000,-99.000000,-1,1
68475,567313,204.027483,35511.844151,35511.951855,0, 0, 0, 0,-99.000000,-99.000000,-99.000000,-1,1
68475,567314,204.089605,35511.906273,35512.013977,0, 0, 0, 0,-99.000000,-99.000000,-99.000000,-1,1
68475,567315,204.106154,35511.922822,35512.030526,1, 0, 0, 1,-1.568114,-1.185566,20.116971,-1,2
68475,567316,204.114754,35511.931423,35512.039126,1, 0, 0, 1,-7.469891,-6.281518,-19.142673,-1,12
68475,567317,204.205384,35512.022052,35512.129756,1, 0, 0, 1,-0.158147,9.923750,-7.783433,-1,2
68475,567318,204.240384,35512.057052,35512.164756,1, 0, 0, 1,5.682407,3.686758,5.895338,-1,2
68475,567319,204.277307,35512.093975,35512.201679,1, 0, 0, 1,3.354007,2.630123,10.655760,-1,2
68475,567320,204.334734,35512.151402,35512.259106,1, 0, 0, 1,-5.073224,-2.536734,-12.768127,-1,2
68475,567321,204.503960,35512.320628,35512.428332,0, 0, 0, 0,-99.000000,-99.000000,-99.000000,-1,1
68475,567322,204.725713,35512.542380,35512.650085,1, 0, 0, 1,-2.768692,7.637084,15.848735,-1,2
68475,567323,204.970551,35512.787217,35512.894923,1, 0, 0, 1,-0.248533,-2.887767,4.297977,-1,2
68475,567324,204.983198,35512.799864,35512.907569,0, 0, 0, 0,-99.000000,-99.000000,-99.000000,-1,0
68475,567325,205.084239,35512.900905,35513.008611,1, 0, 0, 1,2.937621,-5.753877,15.712649,-1,2
68475,567326,205.426419,35513.243084,35513.350791,0, 0, 0, 0,-99.000000,-99.000000,-99.000000,-1,0
68475,567327,205.521064,35513.337729,35513.445436,0, 0, 0, 0,-99.000000,-99.000000,-99.000000,-1,0
68475,567328,205.720365,35513.537030,35513.644737,1, 0, 0, 1,-1.116021,8.379436,18.852524,-1,2
68475,567329,205.733741,35513.550406,35513.658113,1, 0, 0, 1,-5.689373,-0.785280,14.068767,-1,2
68475,567330,205.891457,35513.708121,35513.815829,1, 0, 0, 1,-10.669916,-4.164037,9.660177,-1,2
68475,567331,206.106625,35513.923289,35514.030997,1, 0, 0, 1,-3.281933,-9.999981,15.079227,-1,3
68475,567332,206.309543,35514.126207,35514.233915,1, 0, 0, 1,-6.382237,-1.114451,6.175117,-1,3
68475,567333,206.354845,35514.171509,35514.279217,1, 0, 0, 1,-5.829547,2.919907,0.293380,-1,2
68475,567334,206.482143,35514.298806,35514.406515,1, 0, 0, 1,3.053085,2.268958,6.540948,-1,2
68475,567335,206.536781,35514.353444,35514.461153,1, 0, 0, 1,-3.022415,6.414041,10.155106,-1,2
68475,567336,206.618680,35514.435343,35514.543052,1, 0, 0, 1,3.910276,-2.072792,-13.696520,-1,2
68475,567337,206.668208,35514.484870,35514.592579,0, 0, 0, 0,-99.000000,-99.000000,-99.000000,-1,0
68475,567338,206.670255,35514.486918,35514.594627,0, 0, 0, 0,-99.000000,-99.000000,-99.000000,-1,1
68475,567339,206.703411,35514.520074,35514.627783,1, 0, 0, 1,6.656576,0.098582,-10.965578,-1,2
68475,567340,206.832970,35514.649633,35514.757342,1, 0, 0, 1,-1.553684,0.360806,-0.788815,-1,2
68475,567341,207.005101,35514.821763,35514.929472,0, 0, 0, 0,-99.000000,-99.000000,-99.000000,-1,1
68475,567342,207.057563,35514.874225,35514.981934,0, 0, 0, 0,-99.000000,-99.000000,-99.000000,-1,1
68475,567343,207.252770,35515.069432,35515.177142,0, 0, 0, 0,-99.000000,-99.000000,-99.000000,-1,1
68475,567344,207.456887,35515.273548,35515.381259,0, 0, 0, 0,-99.000000,-99.000000,-99.000000,-1,1
68475,567345,207.593869,35515.410530,35515.518241,1, 0, 0, 1,-1.862407,-2.837380,9.125766,-1,2
68475,568068,0.015942,35592.513749,35592.621617,1, 0, 0, 1,1.422936,5.037909,8.181774,-1,2
68475,568069,0.241881,35592.739687,35592.847556,1, 0, 0, 1,4.400648,-5.178091,13.245422,-1,2
68475,568070,0.329620,35592.827426,35592.935295,0, 0, 0, 0,-99.000000,-99.000000,-99.000000,-1,1
68475,568071,0.481587,35592.979393,35593.087262,1, 0, 0, 1,-4.324828,7.024093,-22.094252,-1,2
68475,568072,0.501644,35592.999450,35593.107319,1, 0, 0, 1,-0.094349,3.709449,-16.844858,-1,2
68475,568073,0.572696,35593.070502,35593.178371,0, 0, 0, 0,-99.000000,-99.000000,-99.000000,-1,1
68475,568074,0.596146,35593.093952,35593.201821,0, 0, 0, 0,-99.000000,-99.000000,-99.000000,-1,1
68475,568075,0.727356,35593.225161,35593.333031,1, 0, 0, 1,-0.838478,-5.122950,17.750979,-1,2
68475,568076,0.757978,35593.255783,35593.363652,0, 0, 0, 0,-99.000000,-99.000000,-99.000000,-1,0
68475,568077,0.913960,35593.411764,35593.519634,1, 0, 0, 1,-5.515836,-2.402498,-7.518999,-1,2
68475,568078,0.981814,35593.479619,35593.587489,0, 0, 0, 0,-99.000000,-99.000000,-99.000000,-1,0
68475,568079,1.013600,35593.511405,35593.619275,0, 0, 0, 0,-99.000000,-99.000000,-99.000000,-1,1
68475,568080,1.024457,35593.522262,35593.630132,1, 0, 0, 1,-5.628992,-0.642354,8.914117,-1,2
68475,568081,1.254470,35593.752275,35593.860145,0, 0, 0, 0,-99.000000,-99.000000,-99.000000,-1,1
68475,568082,1.676382,35594.174185,35594.282057,1, 0, 0, 1,3.153285,-5.552606,-2.708095,-1,2
68475,568083,1.711687,35594.209490,35594.317362,1, 0, 0, 1,-8.742853,2.237741,-0.378722,-1,2
68475,568084,1.756712,35594.254515,35594.362387,1, 0, 0, 1,6.036875,-3.063011,-7.392968,-1,2
68475,568085,1.913176,35594.410979,35594.518851,1, 0, 0, 1,-5.783896,3.064109,-2.185548,-1,2
68475,568086,1.991215,35594.489018,35594.596890,1, 0, 0, 1,9.824695,-2.238054,-7.585751,-1,2
68475,568087,2.091800,35594.589602,35594.697475,1, 0, 0, 1,-4.541809,0.976156,7.646366,-1,2
68475,568088,2.107425,35594.605228,35594.713100,0, 0, 0, 0,-99.000000,-99.000000,-99.000000,-1,0
68475,568089,2.426665,35594.924466,35595.032340,1, 0, 0, 1,-5.605803,1.062702,-18.236795,-1,2
68475,568090,2.613683,35595.111485,35595.219358,1, 0, 0, 1,5.710655,9.852423,-7.488401,-1,3
68475,568091,2.749020,35595.246821,35595.354695,1, 0, 0, 1,4.349820,5.284169,1.906383,-1,2
68475,568092,2.773070,35595.270871,35595.378745,1, 0, 0, 1,-1.945693,9.300651,9.140644,-1,2
68475,568093,2.892506,35595.390307,35595.498181,0, 0, 0, 0,-99.000000,-99.000000,-99.000000,-1,1
68475,568094,3.039580,35595.537380,35595.645254,1, 0, 0, 1,-2.514547,-0.567638,8.739711,-1,3
68475,568095,3.062723,35595.560523,35595.668398,1, 0, 0, 1,7.826068,2.291270,-17.447363,-1,2
68475,568096,3.257101,35595.754901,35595.862776,1, 0, 0, 1,3.129801,-9.214293,20.796909,-1,2
68475,568097,3.305801,35595.803601,35595.911476,0, 0, 0, 0,-99.000000,-99.000000,-99.000000,-1,1
68475,568098,3.420792,35595.918592,35596.026467,1, 0, 0, 1,-3.111330,3.500690,-17.696361,-1,2
68475,568099,3.432306,35595.930105,35596.037981,0, 0, 0, 0,-99.000000,-99.000000,-99.000000,-1,1
68475,568100,3.490472,35595.988271,35596.096146,1, 0, 0, 1,1.611261,-6.102452,-17.119201,-1,2
68475,568101,3.498552,35595.996351,35596.104227,0, 0, 0, 0,-99.000000,-99.000000,-99.000000,-1,1
68475,568102,3.510327,35596.008127,35596.116002,1, 0, 0, 1,2.182817,2.996646,-2.407569,-1,2
68475,568103,3.799943,35596.297742,35596.405618,1, 0, 0, 1,-3.386623,2.413422,5.152018,-1,2
68475,568104,3.821405,35596.319204,35596.427080,1, 0, 0, 1,-2.255079,5.847232,-19.506725,-1,2
68475,568105,3.998606,35596.496405,35596.604281,1, 0, 0, 1,12.139636,-5.625840,9.023526,-1,2
68475,568106,4.068818,35596.566616,35596.674493,1, 0, 0, 1,-5.998329,-1.391531,-14.413618,-1,2
68475,568107,4.076386,35596.574184,35596.682061,0, 0, 0, 0,-99.000000,-99.000000,-99.000000,-1,1
68475,568108,4.097048,35596.594847,35596.702723,0, 0, 0, 0,-99.000000,-99.000000,-99.000000,-1,1
68475,568109,4.171568,35596.669366,35596.777243,1, 0, 0, 1,5.557725,0.591570,-3.107594,-1,2
68475,568110,4.218371,35596.716169,35596.824045,1, 0, 0, 1,-0.010307,-0.831161,7.725631,-1,2
68475,568111,4.248712,35596.746510,35596.854387,0, 0, 0, 0,-99.000000,-99.000000,-99.000000,-1,1
68475,568112,4.344377,35596.842175,35596.950052,0, 0, 0, 0,-99.000000,-99.000000,-99.000000,-1,0
68475,568113,4.436322,35596.934120,35597.041997,1, 0, 0, 1,-1.295914,-7.249937,-11.094378,-1,2
68475,568114,4.453702,35596.951499,35597.059377,0, 0, 0, 0,-99.000000,-99.000000,-99.000000,-1,0
68475,568115,4.570203,35597.068000,35597.175878,0, 0, 0, 0,-99.000000,-99.000000,-99.000000,-1,1
68475,568116,4.590498,35597.088295,35597.196173,0, 0, 0, 0,-99.000000,-99.000000,-99.000000,-1,1
68475,568117,4.685722,35597.183519,35597.291397,1, 0, 0, 1,7.658067,2.112905,-10.235325,-1,2
68475,568118,4.932850,35597.430647,35597.538525,0, 0, 0, 0,-99.000000,-99.000000,-99.000000,-1,1
68475,568119,5.068830,35597.566627,35597.674505,1, 0, 0, 1,3.615932,-1.400540,11.121820,-1,2
68475,568120,5.082044,35597.579840,35597.687719,0, 0, 0, 0,-99.000000,-99.000000,-99.000000,-1,1
68475,568121,5.107715,35597.605511,35597.713390,1, 0, 0, 1,-7.332012,-0.508236,-9.857468,-1,2
68475,568122,5.235448,35597.733244,35597.841122,1, 0, 0, 1,-0.320447,5.764230,18.784484,-1,2
68475,568123,5.249949,35597.747745,35597.855624,1, 0, 0, 1,-4.676615,-1.278583,-6.874227,-1,2
68475,568124,5.347907,35597.845703,35597.953582,1, 0, 0, 1,-1.741567,-4.474842,1.523642,-1,2
68475,568125,5.586929,35598.084724,35598.192603,1, 0, 0, 1,-3.065422,-1.676453,14.715711,-1,2
68475,568126,5.606775,35598.104570,35598.212450,0, 0, 0, 0,-99.000000,-99.000000,-99.000000,-1,0
68475,568127,5.634041,35598.131837,35598.239716,1, 0, 0, 1,3.787897,-3.281109,20.248203,-1,2
68475,568128,5.731265,35598.229060,35598.336940,0, 0, 0, 0,-99.000000,-99.000000,-99.000000,-1,1
68475,568129,5.926018,35598.423813,35598.531693,0, 0, 0, 0,-99.000000,-99.000000,-99.000000,-1,0
68475,568130,5.999886,35598.497680,35598.605561,0, 0, 0, 0,-99.000000,-99.000000,-99.000000,-1,0
68475,568131,6.558955,35599.056748,35599.164630,1, 0, 0, 1,3.704599,2.886867,-5.041526,-1,2
68475,568132,6.561660,35599.059453,35599.167334,1, 0, 0, 1,5.207185,2.762176,14.272440,-1,2
68475,568133,6.591070,35599.088863,35599.196745,1, 0, 0, 1,-4.921527,2.427838,20.821626,-1,4
68475,568134,6.712394,35599.210186,35599.318068,0, 0, 0, 0,-99.000000,-99.000000,-99.000000,-1,0
68475,568135,6.895772,35599.393565,35599.501447,1, 0, 0, 1,6.042785,7.232025,0.631678,-1,2
68475,568136,6.930830,35599.428623,35599.536505,1, 0, 0, 1,-5.835267,-8.211923,5.518537,-1,4
68475,568137,7.011202,35599.508994,35599.616877,0, 0, 0, 0,-99.000000,-99.000000,-99.000000,-1,1
68475,568138,7.181092,35599.678884,35599.786767,0, 0, 0, 0,-99.000000,-99.000000,-99.000000,-1,1
68475,568139,7.373912,35599.871704,35599.979587,0, 0, 0, 0,-99.000000,-99.000000,-99.000000,-1,0
68475,568140,7.393983,35599.891775,35599.999658,1, 0, 0, 1,6.490942,3.186295,4.575859,-1,2
68475,568141,7.555118,35600.052909,35600.160793,1, 0, 0, 1,0.155335,1.328882,14.522192,-1,2
68475,568142,7.910607,35600.408398,35600.516282,0, 0, 0, 0,-99.000000,-99.000000,-99.000000,-1,0
68475,568143,8.221452,35600.719242,35600.827127,0, 0, 0, 0,-99.000000,-99.000000,-99.000000,-1,1
68475,568876,0.137968,35677.968239,35678.076282,1, 0, 0, 1,-0.225985,-0.601113,-16.796998,-1,2
68475,568877,0.221003,35678.051274,35678.159316,1, 0, 0, 1,-2.883884,-0.863175,-10.786057,-1,2
68475,568878,0.373376,35678.203646,35678.311689,0, 0, 0, 0,-99.000000,-99.000000,-99.000000,-1,1
68475,568879,0.421061,35678.251331,35678.359374,1, 0, 0, 1,0.366282,7.793955,18.520635,-1,2
68475,568880,0.611157,35678.441428,35678.549471,0, 0, 0, 0,-99.000000,-99.000000,-99.000000,-1,0
68475,568881,0.611239,35678.441509,35678.549552,0, 0, 0, 0,-99.000000,-99.000000,-99.000000,-1,1
68475,568882,0.925078,35678.755347,35678.863391,1, 0, 0, 1,-6.784041,3.706252,-12.596458,-1,2
68475,568883,0.997453,35678.827722,35678.935766,1, 0, 0, 1,4.015490,-8.638759,6.445690,-1,2
68475,568884,1.360591,35679.190860,35679.298904,0, 0, 0, 0,-99.000000,-99.000000,-99.000000,-1,1
68475,568885,1.829494,35679.659761,35679.767807,0, 0, 0, 0,-99.000000,-99.000000,-99.000000,-1,1
68475,568886,2.071213,35679.901481,35680.009527,0, 0, 0, 0,-99.000000,-99.000000,-99.000000,-1,1
68475,568887,2.167774,35679.998041,35680.106087,0, 0, 0, 0,-99.000000,-99.000000,-99.000000,-1,1
68475,568888,2.174544,35680.004811,35680.112858,1, 0, 0, 1,-1.328359,-9.965368,-16.354332,-1,2
68475,568889,2.218137,35680.048404,35680.156450,1, 0, 0, 1,-6.639672,-4.742623,-3.957584,-1,2
68475,568890,2.240850,35680.071117,35680.179164,0, 0, 0, 0,-99.000000,-99.000000,-99.000000,-1,0
68475,568891,2.246831,35680.077098,35680.185145,1, 0, 0, 1,7.757238,1.383365,-21.895972,-1,2
68475,568892,2.293059,35680.123326,35680.231372,1, 0, 0, 1,-6.294796,1.908247,-8.723472,-1,2
68475,568893,2.690118,35680.520384,35680.628432,1, 0, 0, 1,2.216143,6.444875,-18.478257,-1,2
68475,568894,2.769732,35680.599998,35680.708046,0, 0, 0, 0,-99.000000,-99.000000,-99.000000,-1,1
68475,568895,2.795597,35680.625863,35680.733910,1, 0, 0, 1,-5.838772,1.926574,4.776554,-1,2
68475,568896,2.912680,35680.742945,35680.850993,1, 0, 0, 1,6.905234,4.633403,-9.615831,-1,3
68475,568897,3.067558,35680.897824,35681.005872,1, 0, 0, 1,2.754812,0.319177,11.177588,-1,2
68475,568898,3.146761,35680.977026,35681.085074,1, 0, 0, 1,-3.395756,3.876387,-0.074198,-1,2
68475,568899,3.470655,35681.300920,35681.408969,0, 0, 0, 0,-99.000000,-99.000000,-99.000000,-1,1
68475,568900,3.527140,35681.357405,35681.465454,0, 0, 0, 0,-99.000000,-99.000000,-99.000000,-1,0
68475,568901,3.593135,35681.423400,35681.531449,0, 0, 0, 0,-99.000000,-99.000000,-99.000000,-1,1
68475,568902,3.731804,35681.562067,35681.670117,1, 0, 0, 1,-9.076166,-1.304756,-5.358267,-1,2
68475,568903,3.889815,35681.720078,35681.828128,0, 0, 0, 0,-99.000000,-99.000000,-99.000000,-1,1
68475,568904,4.009623,35681.839886,35681.947936,1, 0, 0, 1,-1.270952,-7.278466,-0.995930,-1,2
68475,568905,4.174708,35682.004971,35682.113021,1, 0, 0, 1,6.245357,-1.500566,10.279702,-1,2
68475,568906,4.282112,35682.112375,35682.220425,1, 0, 0, 1,5.471485,-1.190735,-15.255100,-1,2
68475,568907,4.387414,35682.217676,35682.325727,1, 0, 0, 1,-3.037293,-6.395199,13.603556,-1,3
68475,568908,4.422623,35682.252886,35682.360936,1, 0, 0, 1,2.135979,-8.656417,7.246928,-1,2
68475,568909,4.438286,35682.268548,35682.376599,1, 0, 0, 1,9.042705,-4.790021,20.795608,-1,2
68475,568910,4.725546,35682.555808,35682.663860,1, 0, 0, 1,-2.580868,-4.459634,21.554887,-1,2
68475,568911,4.777867,35682.608128,35682.716180,1, 0, 0, 1,1.759082,4.014291,9.462840,-1,2
68475,568912,4.803902,35682.634164,35682.742216,1, 0, 0, 1,0.373168,-0.090248,-5.217653,-1,2
68475,568913,4.872737,35682.702999,35682.811051,1, 0, 0, 1,-1.310318,8.084558,-11.694419,-1,2
68475,568914,5.060183,35682.890444,35682.998496,0, 0, 0, 0,-99.000000,-99.000000,-99.000000,-1,1
68475,568915,5.315407,35683.145668,35683.253721,0, 0, 0, 0,-99.000000,-99.000000,-99.000000,-1,1
68475,568916,5.319370,35683.149631,35683.257683,0, 0, 0, 0,-99.000000,-99.000000,-99.000000,-1,1
68475,568917,5.734958,35683.565218,35683.673272,0, 0, 0, 0,-99.000000,-99.000000,-99.000000,-1,1
68475,568918,5.763744,35683.594004,35683.702058,1, 0, 0, 1,1.051581,4.719863,-13.473512,-1,2
68475,568919,5.839484,35683.669744,35683.777798,1, 0, 0, 1,-1.308665,0.687991,8.494103,-1,2
68475,568920,5.917372,35683.747632,35683.855686,1, 0, 0, 1,-5.428000,-2.092742,8.899911,-1,5
68475,568921,6.290005,35684.120264,35684.228318,0, 0, 0, 0,-99.000000,-99.000000,-99.000000,-1,1
68475,568922,6.294466,35684.124725,35684.232779,1, 0, 0, 1,7.034930,-0.231181,11.286216,-1,4
68475,568923,6.325566,35684.155825,35684.263880,0, 0, 0, 0,-99.000000,-99.000000,-99.000000,-1,0
68475,568924,6.374245,35684.204504,35684.312559,1, 0, 0, 1,-4.840718,-1.041452,-10.101090,-1,2
68475,568925,6.418978,35684.249237,35684.357292,1, 0, 0, 1,-6.595612,9.713794,6.488191,-1,2
68475,568926,6.507337,35684.337595,35684.445651,1, 0, 0, 1,-2.351155,-6.537474,-11.366151,-1,2
68475,568927,6.514420,35684.344678,35684.452733,0, 0, 0, 0,-99.000000,-99.000000,-99.000000,-1,1
68475,568928,6.616510,35684.446768,35684.554824,1, 0, 0, 1,-5.376510,-5.398431,6.763086,-1,2
68475,568929,6.711191,35684.541449,35684.649505,1, 0, 0, 1,-1.844292,7.917616,7.609093,-1,2
68475,568930,6.758626,35684.588884,35684.696940,1, 0, 0, 1,3.024202,-4.341373,-1.610737,-1,2
68475,568931,6.899931,35684.730189,35684.838245,0, 0, 0, 0,-99.000000,-99.000000,-99.000000,-1,1
68475,568932,6.900377,35684.730635,35684.838691,1, 0, 0, 1,-3.338458,-3.176167,-7.262688,-1,2
68475,568933,7.004673,35684.834930,35684.942986,0, 0, 0, 0,-99.000000,-99.000000,-99.000000,-1,0
68475,568934,7.369508,35685.199765,35685.307821,1, 0, 0, 1,4.109546,-7.491424,-10.840804,-1,2
68475,568935,7.473852,35685.304109,35685.412166,0, 0, 0, 0,-99.000000,-99.000000,-99.000000,-1,1
68475,568936,7.621039,35685.451295,35685.559352,1, 0, 0, 1,-5.077755,-8.207468,16.288290,-1,2
68475,568937,7.700847,35685.531103,35685.639161,0, 0, 0, 0,-99.000000,-99.000000,-99.000000,-1,0
68475,568938,7.780120,35685.610376,35685.718434,1, 0, 0, 1,0.338605,3.462008,20.191483,-1,2
68475,568939,7.820033,35685.650289,35685.758346,1, 0, 0, 1,3.896048,-3.683657,-13.961743,-1,3
68475,568940,7.946479,35685.776734,35685.884792,0, 0, 0, 0,-99.000000,-99.000000,-99.000000,-1,1
68475,568941,8.019389,35685.849644,35685.957702,0, 0, 0, 0,-99.000000,-99.000000,-99.000000,-1,0
68475,568942,8.175601,35686.005856,35686.113915,1, 0, 0, 1,0.364379,2.560454,-13.218944,-1,2
68475,568943,8.571274,35686.401528,35686.509588,1, 0, 0, 1,-0.944274,-6.680037,12.407652,-1,2
68475,568944,8.622067,35686.452321,35686.560381,1, 0, 0, 1,7.338740,8.185368,8.003060,-1,2
68475,568945,8.642666,35686.472920,35686.580980,0, 0, 0, 0,-99.000000,-99.000000,-99.000000,-1,1
68475,568946,8.651571,35686.481825,35686.589885,1, 0, 0, 1,9.403578,0.367655,-4.055773,-1,2
68475,568947,8.655363,35686.485617,35686.593676,0, 0, 0, 0,-99.000000,-99.000000,-99.000000,-1,1
68475,568948,8.793813,35686.624067,35686.732127,0, 0, 0, 0,-99.000000,-99.000000,-99.000000,-1,0
68475,568949,8.809285,35686.639538,35686.747598,0, 0, 0, 0,-99.000000,-99.000000,-99.000000,-1,1
68475,568950,9.028569,35686.858822,35686.966882,1, 0, 0, 1,3.177449,14.571805,18.992941,-1,2
68475,568951,9.046212,35686.876465,35686.984526,0, 0, 0, 0,-99.000000,-99.000000,-99.000000,-1,1
68475,568952,9.081220,35686.911473,35687.019533,1, 0, 0, 1,-1.128518,-3.511973,17.204776,-1,2
68475,568953,9.105313,35686.935566,35687.043627,1, 0, 0, 1,-1.897336,8.179871,7.463523,-1,2
68475,568954,9.127447,35686.957700,35687.065760,0, 0, 0, 0,-99.000000,-99.000000,-99.000000,-1,1
68475,568955,9.160107,35686.990360,35687.098421,1, 0, 0, 1,-5.633786,3.145838,2.131416,-1,2
68475,568956,9.272949,35687.103202,35687.211263,1, 0, 0, 1,0.918188,5.263425,-11.292073,-1,2
68475,568957,9.397841,35687.228094,35687.336155,1, 0, 0, 1,5.720097,2.749583,7.941413,-1,2
68475,568958,9.471679,35687.301932,35687.409993,0, 0, 0, 0,-99.000000,-99.000000,-99.000000,-1,1
68475,568959,9.483281,35687.313534,35687.421595,1, 0, 0, 1,4.274382,1.353275,10.451943,-1,2
68475,568960,9.535915,35687.366167,35687.474228,1, 0, 0, 1,4.756205,4.671920,6.897096,-1,2
68475,568961,9.553653,35687.383905,35687.491967,1, 0, 0, 1,4.116169,-2.173483,11.497080,-1,2
68475,568962,9.571702,35687.401954,35687.510015,1, 0, 0, 1,-1.569269,-1.700593,-7.521701,-1,2
68475,568963,9.609158,35687.439410,35687.547472,1, 0, 0, 1,-6.306157,4.951452,-17.938081,-1,2
68475,568964,9.611515,35687.441767,35687.549828,0, 0, 0, 0,-99.000000,-99.000000,-99.000000,-1,1
68475,568965,9.628453,35687.458705,35687.566766,1, 0, 0, 1,2.146290,6.048649,-13.337558,-1,2
68475,568966,9.769269,35687.599521,35687.707583,1, 0, 0, 1,-1.419110,5.426726,18.164098,-1,2
68475,568967,9.837677,35687.667929,35687.775991,1, 0, 0, 1,8.239420,1.456078,-14.892011,-1,2
68475,568968,9.878515,35687.708766,35687.816828,0, 0, 0, 0,-99.000000,-99.000000,-99.000000,-1,0
68475,568969,10.098704,35687.928955,35688.037017,1, 0, 0, 1,6.507570,2.000741,-19.045868,-1,2
68475,568970,10.129410,35687.959661,35688.067723,0, 0, 0, 0,-99.000000,-99.000000,-99.000000,-1,0
68475,568971,10.131013,35687.961264,35688.069327,1, 0, 0, 1,2.201425,5.976477,20.584274,-1,2
68475,568972,10.239631,35688.069882,35688.177945,1, 0, 0, 1,7.521914,0.617748,12.796626,-1,2
68475,568973,10.318727,35688.148978,35688.257041,1, 0, 0, 1,3.381008,-6.973176,-4.400471,-1,2
68475,568974,10.324834,35688.155085,35688.263148,1, 0, 0, 1,-1.222056,-9.097019,-9.613105,-1,2
68475,568975,10.727948,35688.558198,35688.666262,1, 0, 0, 1,1.038079,1.537434,-11.309557,-1,2
68475,568976,10.771144,35688.601394,35688.709458,0, 0, 0, 0,-99.000000,-99.000000,-99.000000,-1,0
68475,568977,10.774447,35688.604697,35688.712760,0, 0, 0, 0,-99.000000,-99.000000,-99.000000,-1,1
68475,568978,10.966076,35688.796325,35688.904389,1, 0, 0, 1,7.441535,4.502885,-3.284063,-1,2
68475,568979,11.026340,35688.856589,35688.964654,1, 0, 0, 1,2.971008,-8.400205,-6.270063,-1,2
68475,568980,11.051354,35688.881603,35688.989668,0, 0, 0, 0,-99.000000,-99.000000,-99.000000,-1,1
68475,568981,11.109312,35688.939561,35689.047625,0, 0, 0, 0,-99.000000,-99.000000,-99.000000,-1,0
68475,568982,11.131538,35688.961787,35689.069851,0, 0, 0, 0,-99.000000,-99.000000,-99.000000,-1,1
68475,568983,11.143383,35688.973632,35689.081697,0, 0, 0, 0,-99.000000,-99.000000,-99.000000,-1,1
68475,568984,11.254777,35689.085025,35689.193090,0, 0, 0, 0,-99.000000,-99.000000,-99.000000,-1,0
68475,568985,11.383310,35689.213558,35689.321623,1, 0, 0, 1,5.656773,0.015470,16.987591,-1,2
68475,568986,11.441487,35689.271736,35689.379801,1, 0, 0, 1,-1.953166,-7.978998,-14.272865,-1,2
68475,568987,11.503595,35689.333843,35689.441908,1, 0, 0, 1,-3.401800,-1.746219,7.644417,-1,2
68475,568988,11.551423,35689.381671,35689.489737,0, 0, 0, 0,-99.000000,-99.000000,-99.000000,-1,0
68475,568989,11.603332,35689.433580,35689.541645,0, 0, 0, 0,-99.000000,-99.000000,-99.000000,-1,1
68475,568990,11.686608,35689.516856,35689.624921,0, 0, 0, 0,-99.000000,-99.000000,-99.000000,-1,0
68475,568991,11.699314,35689.529562,35689.637628,1, 0, 0, 1,4.724239,2.097172,9.507680,-1,2
68475,568992,11.776912,35689.607159,35689.715225,0, 0, 0, 0,-99.000000,-99.000000,-99.000000,-1,0
68475,568993,11.805883,35689.636130,35689.744196,1, 0, 0, 1,-4.818005,-2.548568,-12.698216,-1,2
68475,568994,12.317385,35690.147631,35690.255698,1, 0, 0, 1,-0.594782,2.204383,-9.478540,-1,2
68475,568995,12.364538,35690.194784,35690.302851,0, 0, 0, 0,-99.000000,-99.000000,-99.000000,-1,0
68475,568996,12.382922,35690.213168,35690.321236,1, 0, 0, 1,-2.684943,-5.013941,20.237401,-1,2
68475,568997,12.584194,35690.414440,35690.522507,1, 0, 0, 1,8.152991,3.169760,15.802838,-1,2
68475,568998,12.972815,35690.803060,35690.911129,1, 0, 0, 1,3.191371,-4.517157,3.963853,-1,2
68475,568999,13.001807,35690.832052,35690.940120,1, 0, 0, 1,3.855425,-3.205250,-2.329699,-1,2
68475,569000,13.191853,35691.022098,35691.130167,0, 0, 0, 0,-99.000000,-99.000000,-99.000000,-1,1
68475,569001,13.195367,35691.025612,35691.133681,0, 0, 0, 0,-99.000000,-99.000000,-99.000000,-1,1
68475,569002,13.198020,35691.028264,35691.136333,1, 0, 0, 1,1.333662,2.538430,3.746378,-1,2
68475,569003,13.513450,35691.343694,35691.451763,0, 0, 0, 0,-99.000000,-99.000000,-99.000000,-1,1
68475,569004,13.554850,35691.385095,35691.493164,1, 0, 0, 1,5.887394,-4.111778,-17.259279,-1,2
68475,569005,13.598336,35691.428580,35691.536650,0, 0, 0, 0,-99.000000,-99.000000,-99.000000,-1,0
68475,569006,13.599666,35691.429910,35691.537979,1, 0, 0, 1,5.793158,5.350977,-10.917024,-1,2
68475,569007,13.770154,35691.600398,35691.708468,1, 0, 0, 1,-3.739375,-0.426344,13.838362,-1,2
68475,569008,13.790453,35691.620697,35691.728767,0, 0, 0, 0,-99.000000,-99.000000,-99.000000,-1,1
68475,569009,14.024670,35691.854913,35691.962984,0, 0, 0, 0,-99.000000,-99.000000,-99.000000,-1,0
68475,569010,14.138874,35691.969117,35692.077188,0, 0, 0, 0,-99.000000,-99.000000,-99.000000,-1,0
68475,569011,14.261506,35692.091749,35692.199820,0, 0, 0, 0,-99.000000,-99.000000,-99.000000,-1,1
68475,569012,14.571221,35692.401463,35692.509534,1, 0, 0, 1,-1.922585,1.427687,1.462898,-1,3
68475,569013,14.611936,35692.442178,35692.550250,1, 0, 0, 1,-4.170969,-6.486716,-7.995580,-1,2
68475,569014,14.697528,35692.527769,35692.635841,0, 0, 0, 0,-99.000000,-99.000000,-99.000000,-1,1
68475,569015,14.699918,35692.530160,35692.638232,0, 0, 0, 0,-99.000000,-99.000000,-99.000000,-1,0
68475,569016,14.716858,35692.547099,35692.655171,0, 0, 0, 0,-99.000000,-99.000000,-99.000000,-1,0
68475,569017,14.778806,35692.609048,35692.717120,0, 0, 0, 0,-99.000000,-99.000000,-99.000000,-1,1
68475,569018,14.905228,35692.735470,35692.843542,1, 0, 0, 1,-2.947610,-3.609738,-9.909384,-1,3
68475,569019,15.006993,35692.837235,35692.945307,1, 0, 0, 1,1.433229,-5.725968,7.127830,-1,2
68475,569020,15.219399,35693.049640,35693.157713,0, 0, 0, 0,-99.000000,-99.000000,-99.000000,-1,1
68475,569021,15.291899,35693.122139,35693.230212,0, 0, 0, 0,-99.000000,-99.000000,-99.000000,-1,0
68475,569022,15.344418,35693.174658,35693.282731,1, 0, 0, 1,-5.679350,1.500476,-5.881488,-1,2
68475,569023,15.349010,35693.179251,35693.287324,1, 0, 0, 1,3.300596,7.369035,-14.330365,-1,2
68475,569024,15.374326,35693.204566,35693.312639,1, 0, 0, 1,5.963619,-0.297330,-13.266363,-1,2
68475,569025,15.422100,35693.252340,35693.360413,1, 0, 0, 1,0.758542,5.479753,11.627593,-1,2
68475,569026,15.461303,35693.291543,35693.399616,1, 0, 0, 1,-7.855160,-0.624759,-9.479317,-1,2
68475,569027,15.606384,35693.436624,35693.544698,1, 0, 0, 1,-5.021966,4.684052,2.081276,-1,2
68475,569028,15.883629,35693.713868,35693.821943,0, 0, 0, 0,-99.000000,-99.000000,-99.000000,-1,1
68475,569029,15.921010,35693.751250,35693.859324,1, 0, 0, 1,-2.300141,-3.935084,-1.585335,-1,2
68475,569030,15.992432,35693.822671,35693.930745,1, 0, 0, 1,4.526771,-0.892210,-18.153265,-1,2
68475,569031,15.994386,35693.824625,35693.932700,1, 0, 0, 1,0.522879,-0.175912,4.778857,-1,2
68475,569032,16.101388,35693.931627,35694.039702,1, 0, 0, 1,2.035419,-7.510147,-14.556074,-1,2
68475,569033,16.155190,35693.985429,35694.093504,1, 0, 0, 1,-3.285326,5.398543,8.463935,-1,2
68475,569034,16.205985,35694.036224,35694.144299,0, 0, 0, 0,-99.000000,-99.000000,-99.000000,-1,1
68475,569035,16.297916,35694.128155,35694.236230,1, 0, 0, 1,-7.172826,1.778284,18.051243,-1,2
68475,569036,16.345802,35694.176040,35694.284115,0, 0, 0, 0,-99.000000,-99.000000,-99.000000,-1,1
68475,569037,16.358174,35694.188412,35694.296487,0, 0, 0, 0,-99.000000,-99.000000,-99.000000,-1,1
68475,569038,16.552376,35694.382614,35694.490689,0, 0, 0, 0,-99.000000,-99.000000,-99.000000,-1,0
68475,569039,16.610461,35694.440699,35694.548774,1, 0, 0, 1,6.830427,-0.585787,-5.360025,-1,2
68475,569040,16.622566,35694.452804,35694.560879,1, 0, 0, 1,-4.192492,-1.976173,13.663123,-1,2
68475,569041,16.756306,35694.586543,35694.694619,1, 0, 0, 1,-6.770787,-2.783460,-13.765035,-1,2
68475,569042,16.826610,35694.656848,35694.764924,0, 0, 0, 0,-99.000000,-99.000000,-99.000000,-1,1
68475,569043,17.253443,35695.083679,35695.191756,0, 0, 0, 0,-99.000000,-99.000000,-99.000000,-1,0
68475,569044,17.256463,35695.086700,35695.194777,1, 0, 0, 1,5.226030,5.120358,-4.053795,-1,2
68475,569045,17.359312,35695.189549,35695.297626,1, 0, 0, 1,2.942620,0.088803,1.380014,-1,2
68475,569046,17.466983,35695.297219,35695.405296,0, 0, 0, 0,-99.000000,-99.000000,-99.000000,-1,0
68475,569047,17.624442,35695.454678,35695.562755,1, 0, 0, 1,-5.029104,-2.247385,10.943048,-1,2
68475,569048,17.630054,35695.460290,35695.568367,1, 0, 0, 1,0.341085,-0.576497,-6.879822,-1,2
68475,569049,17.663345,35695.493580,35695.601658,1, 0, 0, 1,4.954263,-0.804568,8.001451,-1,2
68475,569050,18.014212,35695.844447,35695.952525,0, 0, 0, 0,-99.000000,-99.000000,-99.000000,-1,0
68475,569051,18.068133,35695.898368,35696.006447,0, 0, 0, 0,-99.000000,-99.000000,-99.000000,-1,1
68475,569052,18.148581,35695.978816,35696.086895,0, 0, 0, 0,-99.000000,-99.000000,-99.000000,-1,0
68475,569053,18.150709,35695.980944,35696.089023,0, 0, 0, 0,-99.000000,-99.000000,-99.000000,-1,0
68475,569054,18.154812,35695.985047,35696.093126,1, 0, 0, 1,3.814036,-4.272763,3.747149,-1,3
68475,569055,18.237543,35696.067778,35696.175857,0, 0, 0, 0,-99.000000,-99.000000,-99.000000,-1,0
68475,569056,18.271994,35696.102229,35696.210308,1, 0, 0, 1,-3.857833,1.889186,16.620550,-1,2
68475,569057,18.291777,35696.122012,35696.230091,1, 0, 0, 1,2.763416,5.917196,-6.479226,-1,2
68475,569058,18.557763,35696.387996,35696.496076,0, 0, 0, 0,-99.000000,-99.000000,-99.000000,-1,0
68475,569059,18.749937,35696.580170,35696.688250,0, 0, 0, 0,-99.000000,-99.000000,-99.000000,-1,1
68475,569060,18.818398,35696.648631,35696.756712,0, 0, 0, 0,-99.000000,-99.000000,-99.000000,-1,0
68475,569061,18.856689,35696.686922,35696.795002,0, 0, 0, 0,-99.000000,-99.000000,-99.000000,-1,1
68475,569062,18.880268,35696.710501,35696.818582,1, 0, 0, 1,0.118629,-5.056894,6.276528,-1,2
68475,569063,18.909487,35696.739720,35696.847801,1, 0, 0, 1,5.499848,-0.839693,-15.912833,-1,2
68475,569064,18.927590,35696.757823,35696.865903,1, 0, 0, 1,-10.514392,15.053909,-22.046966,-1,2
68475,569065,19.058840,35696.889073,35696.997153,0, 0, 0, 0,-99.000000,-99.000000,-99.000000,-1,1
68475,569066,19.168902,35696.999135,35697.107216,0, 0, 0, 0,-99.000000,-99.000000,-99.000000,-1,1
68475,569067,19.244992,35697.075224,35697.183305,1, 0, 0, 1,-5.042250,0.967247,-4.042870,-1,2
68475,569068,19.263445,35697.093677,35697.201758,0, 0, 0, 0,-99.000000,-99.000000,-99.000000,-1,1
68475,569069,19.324458,35697.154691,35697.262772,0, 0, 0, 0,-99.000000,-99.000000,-99.000000,-1,1
68475,569070,19.616132,35697.446363,35697.554445,1, 0, 0, 1,3.776269,-4.597644,-0.145277,-1,2
68475,569071,19.903648,35697.733879,35697.841961,1, 0, 0, 1,-4.113765,-5.310605,4.287203,-1,2
68475,569072,19.965121,35697.795352,35697.903434,1, 0, 0, 1,6.240985,-1.792916,-19.240304,-1,2
68475,569073,20.097886,35697.928117,35698.036199,0, 0, 0, 0,-99.000000,-99.000000,-99.000000,-1,1
68475,569074,20.160984,35697.991214,35698.099297,0, 0, 0, 0,-99.000000,-99.000000,-99.000000,-1,1
68475,569075,20.270994,35698.101224,35698.209307,1, 0, 0, 1,2.269210,3.636418,1.037570,-1,2
68475,569076,20.339994,35698.170224,35698.278307,0, 0, 0, 0,-99.000000,-99.000000,-99.000000,-1,1
68475,569077,20.341544,35698.171774,35698.279857,1, 0, 0, 1,4.704597,-3.478662,3.454030,-1,2
68475,569078,20.472892,35698.303122,35698.411205,1, 0, 0, 1,-0.039393,6.099571,-3.730254,-1,2
68475,569079,20.733133,35698.563363,35698.671447,1, 0, 0, 1,-0.549465,3.449845,-15.021045,-1,2
68475,569080,20.852907,35698.683137,35698.791221,1, 0, 0, 1,-0.937205,-3.124885,-10.086598,-1,2
68475,569081,20.969994,35698.800223,35698.908308,1, 0, 0, 1,3.636090,4.605306,11.483400,-1,2
68475,569082,21.172162,35699.002391,35699.110476,1, 0, 0, 1,-5.733668,1.805727,10.848866,-1,2
68475,569083,21.201226,35699.031454,35699.139539,1, 0, 0, 1,1.160493,-8.162032,16.815790,-1,2
68475,569084,21.289226,35699.119454,35699.227539,1, 0, 0, 1,3.515219,-6.969109,20.072658,-1,2
68475,569085,21.301954,35699.132183,35699.240268,1, 0, 0, 1,7.291962,5.605137,-1.572182,-1,2
68475,569086,21.347329,35699.177557,35699.285643,0, 0, 0, 0,-99.000000,-99.000000,-99.000000,-1,1
68475,569087,21.459695,35699.289923,35699.398009,0, 0, 0, 0,-99.000000,-99.000000,-99.000000,-1,0
68475,569088,21.478167,35699.308395,35699.416481,0, 0, 0, 0,-99.000000,-99.000000,-99.000000,-1,1
68475,569089,21.634652,35699.464880,35699.572965,0, 0, 0, 0,-99.000000,-99.000000,-99.000000,-1,1
68475,569090,21.734209,35699.564436,35699.672522,1, 0, 0, 1,-2.591961,4.632212,11.443717,-1,2
68475,569091,21.741465,35699.571693,35699.679779,1, 0, 0, 1,-2.050819,8.078971,12.497169,-1,2
68475,569092,21.899359,35699.729586,35699.837673,0, 0, 0, 0,-99.000000,-99.000000,-99.000000,-1,0
68475,569093,21.915615,35699.745842,35699.853928,1, 0, 0, 1,3.118584,-4.377137,18.318798,-1,2
68475,569094,21.919134,35699.749361,35699.857447,1, 0, 0, 1,-4.325124,1.710623,-2.495043,-1,2
68475,569095,22.000899,35699.831126,35699.939212,1, 0, 0, 1,3.804573,-5.236658,-17.749565,-1,2
68475,569096,22.015947,35699.846174,35699.954261,1, 0, 0, 1,6.734558,4.979875,2.027440,-1,2
68475,569097,22.126610,35699.956837,35700.064923,1, 0, 0, 1,5.883436,-2.645250,-5.024637,-1,2
68475,569098,22.170312,35700.000538,35700.108625,1, 0, 0, 1,3.240558,-5.962946,7.356104,-1,2
68475,569099,22.252478,35700.082704,35700.190791,0, 0, 0, 0,-99.000000,-99.000000,-99.000000,-1,0
68475,569100,22.268137,35700.098364,35700.206451,1, 0, 0, 1,-0.797000,-3.012821,-5.779682,-1,2
68475,569101,22.536049,35700.366275,35700.474363,0, 0, 0, 0,-99.000000,-99.000000,-99.000000,-1,1
68475,569102,22.761825,35700.592051,35700.700139,1, 0, 0, 1,4.263137,3.808290,-13.998603,-1,2
68475,569103,22.804448,35700.634673,35700.742761,1, 0, 0, 1,-4.813696,1.452653,-5.979068,-1,2
68475,569104,22.932880,35700.763105,35700.871193,0, 0, 0, 0,-99.000000,-99.000000,-99.000000,-1,1
68475,569105,23.001594,35700.831819,35700.939907,1, 0, 0, 1,-5.364987,4.950062,-11.077702,-1,6
68475,569106,23.043031,35700.873256,35700.981344,1, 0, 0, 1,2.519487,5.356169,4.360986,-1,2
68475,569107,23.112592,35700.942816,35701.050905,0, 0, 0, 0,-99.000000,-99.000000,-99.000000,-1,1
68475,569108,23.119524,35700.949749,35701.057838,1, 0, 0, 1,6.340771,9.999998,-14.832020,-1,3
68475,569109,23.306037,35701.136261,35701.244351,0, 0, 0, 0,-99.000000,-99.000000,-99.000000,-1,0
68475,569110,23.340320,35701.170544,35701.278633,1, 0, 0, 1,6.620855,1.089444,8.266812,-1,2
68475,569111,23.417152,35701.247376,35701.355465,1, 0, 0, 1,7.311841,2.980758,8.068500,-1,2
68475,569112,23.652148,35701.482372,35701.590462,1, 0, 0, 1,7.914820,-0.972901,3.807040,-1,2
68475,569113,23.656484,35701.486708,35701.594798,1, 0, 0, 1,3.551333,-3.581864,10.122619,-1,2
68475,569114,23.818696,35701.648919,35701.757009,0, 0, 0, 0,-99.000000,-99.000000,-99.000000,-1,0
68475,569115,23.846988,35701.677211,35701.785301,1, 0, 0, 1,3.732764,1.427409,-18.390038,-1,2
68475,569116,23.876550,35701.706773,35701.814863,0, 0, 0, 0,-99.000000,-99.000000,-99.000000,-1,1
68475,569117,23.994511,35701.824734,35701.932825,1, 0, 0, 1,-6.413956,2.593898,4.945675,-1,2
68475,569118,24.098886,35701.929109,35702.037200,0, 0, 0, 0,-99.000000,-99.000000,-99.000000,-1,1
68475,569119,24.250973,35702.081195,35702.189286,1, 0, 0, 1,-2.736987,2.281259,-9.430980,-1,2
68475,569120,24.447149,35702.277371,35702.385463,0, 0, 0, 0,-99.000000,-99.000000,-99.000000,-1,1
68475,569121,24.600317,35702.430539,35702.538631,0, 0, 0, 0,-99.000000,-99.000000,-99.000000,-1,0
68475,569122,24.609244,35702.439466,35702.547558,1, 0, 0, 1,1.943462,7.366781,-6.646043,-1,2
68475,569123,24.770742,35702.600963,35702.709056,1, 0, 0, 1,7.377212,-2.098498,19.990463,-1,2
68475,569124,24.792402,35702.622623,35702.730715,1, 0, 0, 1,1.527798,7.997516,6.205485,-1,2
68475,569125,24.817468,35702.647689,35702.755782,1, 0, 0, 1,7.426663,4.066438,6.065285,-1,2
68475,569126,25.127701,35702.957922,35703.066015,1, 0, 0, 1,3.800921,2.349169,0.724826,-1,2
68475,569127,25.171681,35703.001902,35703.109995,0, 0, 0, 0,-99.000000,-99.000000,-99.000000,-1,0
68475,569128,25.181990,35703.012210,35703.120303,0, 0, 0, 0,-99.000000,-99.000000,-99.000000,-1,1
68475,569129,25.461951,35703.292171,35703.400265,0, 0, 0, 0,-99.000000,-99.000000,-99.000000,-1,1
68475,569130,25.462181,35703.292400,35703.400494,0, 0, 0, 0,-99.000000,-99.000000,-99.000000,-1,1
68475,569131,25.592636,35703.422855,35703.530949,0, 0, 0, 0,-99.000000,-99.000000,-99.000000,-1,0
68475,569132,25.686926,35703.517145,35703.625239,1, 0, 0, 1,2.868129,-7.199771,-4.947054,-1,2
68475,569133,25.725498,35703.555718,35703.663812,1, 0, 0, 1,5.098964,5.279717,-17.386217,-1,2
68475,569134,25.802228,35703.632448,35703.740542,0, 0, 0, 0,-99.000000,-99.000000,-99.000000,-1,1
68475,569135,26.126700,35703.956919,35704.065014,1, 0, 0, 1,6.290324,5.992469,3.613419,-1,2
68475,569136,26.182227,35704.012445,35704.120540,0, 0, 0, 0,-99.000000,-99.000000,-99.000000,-1,1
68475,569137,26.226752,35704.056971,35704.165066,0, 0, 0, 0,-99.000000,-99.000000,-99.000000,-1,0
68475,569138,26.278533,35704.108751,35704.216846,1, 0, 0, 1,-0.041192,5.839926,-11.218564,-1,2
68475,569139,26.421985,35704.252203,35704.360298,1, 0, 0, 1,-4.127886,2.478184,-3.574296,-1,2
68475,569140,26.599233,35704.429450,35704.537546,1, 0, 0, 1,-4.947657,4.259901,1.843486,-1,2
68475,569141,26.651021,35704.481238,35704.589334,0, 0, 0, 0,-99.000000,-99.000000,-99.000000,-1,1
68475,569142,26.798161,35704.628378,35704.736474,1, 0, 0, 1,1.297675,-0.076733,-13.638569,-1,2
68475,569143,26.924191,35704.754408,35704.862504,1, 0, 0, 1,-4.778009,-6.895532,-21.244176,-1,2
68475,569144,26.927698,35704.757915,35704.866012,0, 0, 0, 0,-99.000000,-99.000000,-99.000000,-1,1
68475,569145,27.016092,35704.846309,35704.954406,1, 0, 0, 1,-6.114538,-6.487609,-12.024036,-1,2
68475,569146,27.046152,35704.876369,35704.984466,0, 0, 0, 0,-99.000000,-99.000000,-99.000000,-1,1
68475,569147,27.096897,35704.927113,35705.035210,1, 0, 0, 1,0.090797,2.403386,-0.338911,-1,2
68475,569148,27.110089,35704.940306,35705.048402,1, 0, 0, 1,0.471618,-6.989788,6.049211,-1,2
68475,569149,27.137763,35704.967979,35705.076076,1, 0, 0, 1,-6.188260,1.954048,-14.146179,-1,2
68475,569150,27.290886,35705.121102,35705.229200,1, 0, 0, 1,-5.398217,-2.243683,5.442035,-1,2
68475,569151,27.574838,35705.405054,35705.513152,1, 1, 0, 1,3.025332,-2.470179,0.110500,-1,2
68475,569152,27.611507,35705.441723,35705.549821,1, 0, 0, 1,7.640045,-1.878358,16.218368,-1,2
68475,569153,27.888270,35705.718485,35705.826583,0, 0, 0, 0,-99.000000,-99.000000,-99.000000,-1,0
68475,569154,27.964218,35705.794433,35705.902532,1, 0, 0, 1,-9.423833,6.563059,-13.276252,-1,2
68475,569155,28.008467,35705.838682,35705.946781,1, 0, 0, 1,2.791792,8.059949,-9.820127,-1,2
68475,569156,28.013472,35705.843686,35705.951785,1, 0, 0, 1,-3.921523,-6.742624,19.857463,-1,2
68475,569157,28.033905,35705.864119,35705.972218,0, 0, 0, 0,-99.000000,-99.000000,-99.000000,-1,0
68475,569158,28.213207,35706.043422,35706.151521,0, 0, 0, 0,-99.000000,-99.000000,-99.000000,-1,1
68475,569159,28.362715,35706.192929,35706.301028,0, 0, 0, 0,-99.000000,-99.000000,-99.000000,-1,1
68475,569160,28.446167,35706.276381,35706.384480,1, 0, 0, 1,1.589475,-3.074230,14.514664,-1,2
68475,569161,28.536803,35706.367016,35706.475116,1, 0, 0, 1,1.499048,-2.155030,-16.632921,-1,2
68475,569162,28.552723,35706.382937,35706.491037,0, 0, 0, 0,-99.000000,-99.000000,-99.000000,-1,1
68475,569163,28.607533,35706.437747,35706.545847,0, 0, 0, 0,-99.000000,-99.000000,-99.000000,-1,1
68475,569164,28.651430,35706.481644,35706.589744,1, 0, 0, 1,11.940328,2.407784,-10.477236,-1,2
68475,569165,28.658895,35706.489108,35706.597208,0, 0, 0, 0,-99.000000,-99.000000,-99.000000,-1,1
68475,569166,28.666841,35706.497054,35706.605154,0, 0, 0, 0,-99.000000,-99.000000,-99.000000,-1,0
68475,569167,28.808501,35706.638714,35706.746815,1, 0, 0, 1,-5.718829,-1.955491,0.871602,-1,2
68475,569168,29.045709,35706.875922,35706.984023,0, 0, 0, 0,-99.000000,-99.000000,-99.000000,-1,1
68475,569169,29.071562,35706.901775,35707.009876,1, 0, 0, 1,-4.846990,-4.018724,-4.062263,-1,2
68475,569170,29.081836,35706.912049,35707.020150,0, 0, 0, 0,-99.000000,-99.000000,-99.000000,-1,0
68475,569171,29.200044,35707.030256,35707.138357,0, 0, 0, 0,-99.000000,-99.000000,-99.000000,-1,0
68475,569172,29.262825,35707.093037,35707.201138,0, 0, 0, 0,-99.000000,-99.000000,-99.000000,-1,1
68475,569173,29.383425,35707.213637,35707.321739,1, 0, 0, 1,-8.760342,1.788863,-8.671208,-1,2
68475,569174,29.393909,35707.224121,35707.332222,1, 0, 0, 1,6.717399,2.468286,-16.983282,-1,2
68475,569175,29.600550,35707.430762,35707.538864,0, 0, 0, 0,-99.000000,-99.000000,-99.000000,-1,0
68475,569176,29.601540,35707.431751,35707.539853,1, 0, 0, 1,7.938024,-5.096716,2.890426,-1,2
68475,569177,29.629336,35707.459548,35707.567650,0, 0, 0, 0,-99.000000,-99.000000,-99.000000,-1,0
68475,569178,30.010872,35707.841082,35707.949185,1, 0, 0, 1,-7.148312,3.312885,-16.062201,-1,2
68475,569179,30.070351,35707.900562,35708.008665,1, 0, 0, 1,-0.339385,1.513030,-12.432650,-1,2
68475,569180,30.085498,35707.915709,35708.023811,0, 0, 0, 0,-99.000000,-99.000000,-99.000000,-1,1
68475,569181,30.105060,35707.935270,35708.043373,1, 0, 0, 1,-0.192301,-4.352497,-11.671553,-1,2
68475,569182,30.222061,35708.052271,35708.160375,0, 0, 0, 0,-99.000000,-99.000000,-99.000000,-1,1
68475,569183,30.506574,35708.336784,35708.444887,0, 0, 0, 0,-99.000000,-99.000000,-99.000000,-1,1
68475,569184,30.622461,35708.452670,35708.560775,1, 0, 0, 1,-1.367795,-9.605858,-6.808095,-1,5
68475,569185,30.641710,35708.471920,35708.580024,0, 0, 0, 0,-99.000000,-99.000000,-99.000000,-1,0
68475,569186,30.648536,35708.478745,35708.586849,1, 0, 0, 1,1.695614,4.888793,19.890612,-1,2
68475,569187,30.796433,35708.626642,35708.734746,0, 0, 0, 0,-99.000000,-99.000000,-99.000000,-1,1
68475,569188,30.939678,35708.769887,35708.877992,1, 0, 0, 1,9.335438,1.471113,-6.875519,-1,2
68475,569189,30.962278,35708.792487,35708.900592,0, 0, 0, 0,-99.000000,-99.000000,-99.000000,-1,1
68475,569190,31.015423,35708.845632,35708.953736,0, 0, 0, 0,-99.000000,-99.000000,-99.000000,-1,1
68475,569191,31.105788,35708.935996,35709.044101,0, 0, 0, 0,-99.000000,-99.000000,-99.000000,-1,0
68475,569192,31.111530,35708.941738,35709.049843,1, 0, 0, 1,6.309669,-2.783789,9.554339,-1,2
68475,569193,31.269113,35709.099321,35709.207426,1, 0, 0, 1,6.345804,-2.349859,-12.522391,-1,2
68475,569194,31.392969,35709.223177,35709.331282,1, 0, 0, 1,-1.742753,8.508623,9.259018,-1,2
68475,569195,31.548638,35709.378846,35709.486952,1, 0, 0, 1,9.531170,10.039634,8.641769,-1,2
68475,569196,31.588526,35709.418734,35709.526840,1, 0, 0, 1,-2.944462,5.962709,13.421038,-1,2
68475,569197,31.658388,35709.488595,35709.596702,0, 0, 0, 0,-99.000000,-99.000000,-99.000000,-1,1
68475,569198,31.814367,35709.644574,35709.752681,1, 0, 0, 1,-8.007882,1.000622,21.272859,-1,2
68475,569199,31.841286,35709.671493,35709.779600,0, 0, 0, 0,-99.000000,-99.000000,-99.000000,-1,1
68475,569200,31.901271,35709.731478,35709.839585,1, 0, 0, 1,3.012171,1.735525,-13.977657,-1,2
68475,569201,32.386796,35710.217002,35710.325109,1, 0, 0, 1,1.141928,-4.455492,-7.320351,-1,2
68475,569202,32.515611,35710.345817,35710.453925,0, 0, 0, 0,-99.000000,-99.000000,-99.000000,-1,0
68475,569203,32.544504,35710.374709,35710.482817,0, 0, 0, 0,-99.000000,-99.000000,-99.000000,-1,1
68475,569204,32.814866,35710.645071,35710.753179,0, 0, 0, 0,-99.000000,-99.000000,-99.000000,-1,0
68475,569205,32.865883,35710.696088,35710.804197,0, 0, 0, 0,-99.000000,-99.000000,-99.000000,-1,1
68475,569206,32.939076,35710.769281,35710.877389,0, 0, 0, 0,-99.000000,-99.000000,-99.000000,-1,0
68475,569207,32.965137,35710.795341,35710.903450,1, 0, 0, 1,-2.176318,3.614099,-12.544885,-1,2
68475,569208,33.006837,35710.837041,35710.945150,0, 0, 0, 0,-99.000000,-99.000000,-99.000000,-1,1
68475,569209,33.028010,35710.858214,35710.966323,0, 0, 0, 0,-99.000000,-99.000000,-99.000000,-1,1
68475,569210,33.107987,35710.938192,35711.046301,1, 0, 0, 1,-6.233918,-1.108112,19.148846,-1,2
68475,569211,33.266348,35711.096552,35711.204661,0, 0, 0, 0,-99.000000,-99.000000,-99.000000,-1,1
68475,569212,33.335976,35711.166180,35711.274289,1, 0, 0, 1,-7.573565,1.507938,-22.649185,-1,2
68475,569213,33.367353,35711.197557,35711.305666,1, 0, 0, 1,-0.071514,3.620574,-12.444381,-1,2
68475,569214,33.385360,35711.215564,35711.323673,0, 0, 0, 0,-99.000000,-99.000000,-99.000000,-1,1
68475,569215,33.524668,35711.354871,35711.462981,1, 0, 0, 1,7.167880,-3.496962,-12.338945,-1,2
68475,569216,33.591911,35711.422114,35711.530224,0, 0, 0, 0,-99.000000,-99.000000,-99.000000,-1,0
68475,569217,33.595437,35711.425641,35711.533751,0, 0, 0, 0,-99.000000,-99.000000,-99.000000,-1,1
68475,569218,33.717231,35711.547434,35711.655544,1, 0, 0, 1,-1.674314,-6.586080,14.952356,-1,2
68475,569219,33.816520,35711.646723,35711.754834,1, 0, 0, 1,-6.228412,2.999002,5.685918,-1,2
68475,569220,33.876543,35711.706746,35711.814856,1, 0, 0, 1,2.500513,1.926138,-6.560604,-1,2
68475,569221,33.880160,35711.710363,35711.818473,1, 0, 0, 1,-2.127588,7.833925,-16.311074,-1,2
68475,569222,33.950169,35711.780371,35711.888482,1, 0, 0, 1,-5.923879,4.170822,-18.429300,-1,3
68475,569223,33.983798,35711.814001,35711.922112,1, 0, 0, 1,3.403354,0.946828,-1.659841,-1,2
68475,569224,34.196223,35712.026425,35712.134536,1, 0, 0, 1,-1.207435,-3.723121,-14.713324,-1,2
68475,569225,34.208001,35712.038203,35712.146314,1, 0, 0, 1,-5.412000,-5.597390,-15.858470,-1,2
68475,569226,34.237984,35712.068186,35712.176297,1, 0, 0, 1,-4.051870,6.094841,14.430811,-1,2
68475,569227,34.322205,35712.152407,35712.260519,1, 0, 0, 1,-3.909694,6.309636,-1.438954,-1,2
68475,569228,34.399343,35712.229545,35712.337657,0, 0, 0, 0,-99.000000,-99.000000,-99.000000,-1,1
68475,569229,34.400310,35712.230511,35712.338623,1, 0, 0, 1,-4.992451,4.767512,-4.220199,-1,2
68475,569230,34.421051,35712.251253,35712.359365,0, 0, 0, 0,-99.000000,-99.000000,-99.000000,-1,1
68475,569231,34.499500,35712.329701,35712.437813,0, 0, 0, 0,-99.000000,-99.000000,-99.000000,-1,1
68475,569232,34.632554,35712.462756,35712.570868,1, 0, 0, 1,5.270040,-3.806874,21.786515,-1,2
68475,569233,34.677686,35712.507887,35712.615999,1, 0, 0, 1,6.818754,-0.083500,-7.102902,-1,2
68475,569234,35.090661,35712.920862,35713.028975,1, 0, 0, 1,1.031205,-4.376016,10.756230,-1,2
68475,569235,35.101130,35712.931330,35713.039443,1, 0, 0, 1,-1.217528,5.603459,-2.782465,-1,2
68475,569236,35.230507,35713.060707,35713.168821,1, 0, 0, 1,7.368081,5.117840,8.146932,-1,2
68475,569237,35.296175,35713.126375,35713.234488,0, 0, 0, 0,-99.000000,-99.000000,-99.000000,-1,1
68475,569238,35.535632,35713.365831,35713.473945,1, 0, 0, 1,-3.236652,2.453236,3.980176,-1,2
68475,569239,35.643788,35713.473987,35713.582101,1, 0, 0, 1,-5.035856,2.967542,13.147892,-1,2
68475,569240,35.685225,35713.515424,35713.623538,1, 0, 0, 1,-5.886517,3.524335,12.398334,-1,2
68475,569241,35.805177,35713.635376,35713.743491,1, 0, 0, 1,6.385447,-0.997686,1.433445,-1,2
68475,569242,35.820576,35713.650775,35713.758890,1, 0, 0, 1,7.456031,3.798184,16.116385,-1,2
68475,569243,35.895720,35713.725919,35713.834033,0, 0, 0, 0,-99.000000,-99.000000,-99.000000,-1,1
68475,569244,35.909687,35713.739886,35713.848000,0, 0, 0, 0,-99.000000,-99.000000,-99.000000,-1,1
68475,569245,36.053569,35713.883768,35713.991883,0, 0, 0, 0,-99.000000,-99.000000,-99.000000,-1,0
68475,569246,36.207142,35714.037341,35714.145456,0, 0, 0, 0,-99.000000,-99.000000,-99.000000,-1,1
68475,569247,36.230563,35714.060761,35714.168877,0, 0, 0, 0,-99.000000,-99.000000,-99.000000,-1,0
68475,569248,36.509642,35714.339840,35714.447956,1, 0, 0, 1,-7.212419,3.338596,-14.164140,-1,2
68475,569249,36.606505,35714.436702,35714.544819,1, 0, 0, 1,8.149249,-2.773589,-16.872272,-1,2
68475,569250,36.676505,35714.506702,35714.614818,1, 0, 0, 1,3.352726,-4.024096,-4.823300,-1,2
68475,569251,36.817273,35714.647470,35714.755586,0, 0, 0, 0,-99.000000,-99.000000,-99.000000,-1,0
68475,569252,36.890902,35714.721099,35714.829216,1, 0, 0, 1,-2.440566,-8.260904,-2.167235,-1,2
68475,569253,36.896929,35714.727126,35714.835243,1, 0, 0, 1,-3.932392,-2.498669,-9.497134,-1,2
68475,569254,37.014145,35714.844342,35714.952459,0, 0, 0, 0,-99.000000,-99.000000,-99.000000,-1,1
68475,569255,37.420795,35715.250991,35715.359109,1, 0, 0, 1,-2.145526,-1.948370,10.044701,-1,2
68475,569256,37.479860,35715.310055,35715.418173,1, 0, 0, 1,-2.714080,-7.557145,14.900741,-1,2
68475,569257,37.520722,35715.350917,35715.459035,0, 0, 0, 0,-99.000000,-99.000000,-99.000000,-1,0
68475,569258,37.569599,35715.399794,35715.507913,1, 0, 0, 1,-6.587860,-8.212547,-9.009464,-1,2
68475,569259,37.585678,35715.415873,35715.523991,0, 0, 0, 0,-99.000000,-99.000000,-99.000000,-1,0
68475,569260,37.611897,35715.442093,35715.550211,0, 0, 0, 0,-99.000000,-99.000000,-99.000000,-1,1
68475,569261,37.620494,35715.450689,35715.558807,1, 0, 0, 1,5.382528,0.909314,10.580481,-1,2
68475,569262,37.635261,35715.465457,35715.573575,1, 0, 0, 1,4.706502,4.351052,-11.716667,-1,2
68475,569263,37.673053,35715.503248,35715.611366,1, 0, 0, 1,2.615763,9.577389,12.824007,-1,2
68475,569264,37.707393,35715.537588,35715.645706,0, 0, 0, 0,-99.000000,-99.000000,-99.000000,-1,1
68475,569265,37.757235,35715.587430,35715.695548,0, 0, 0, 0,-99.000000,-99.000000,-99.000000,-1,1
68475,569266,37.864097,35715.694292,35715.802410,0, 0, 0, 0,-99.000000,-99.000000,-99.000000,-1,1
68475,569267,37.955978,35715.786172,35715.894291,1, 0, 0, 1,-7.478843,0.105482,6.851055,-1,2
68475,569268,37.996204,35715.826398,35715.934518,1, 0, 0, 1,7.559047,-4.596491,-2.919014,-1,2
68475,569269,38.023823,35715.854018,35715.962137,1, 0, 0, 1,-2.647273,-7.349087,21.997655,-1,2
68475,569270,38.026843,35715.857038,35715.965157,1, 0, 0, 1,-6.213397,-1.415250,-4.497742,-1,2
68475,569271,38.046413,35715.876608,35715.984727,0, 0, 0, 0,-99.000000,-99.000000,-99.000000,-1,0
68475,569272,38.047268,35715.877463,35715.985582,0, 0, 0, 0,-99.000000,-99.000000,-99.000000,-1,1
68475,569273,38.095490,35715.925684,35716.033804,1, 0, 0, 1,-2.478509,2.719316,4.205543,-1,2
68475,569274,38.204547,35716.034741,35716.142860,1, 0, 0, 1,7.367288,1.311766,-0.778763,-1,2
68475,569275,38.501205,35716.331399,35716.439519,0, 0, 0, 0,-99.000000,-99.000000,-99.000000,-1,1
68475,569276,38.534777,35716.364970,35716.473091,0, 0, 0, 0,-99.000000,-99.000000,-99.000000,-1,1
68475,569277,38.577933,35716.408126,35716.516247,0, 0, 0, 0,-99.000000,-99.000000,-99.000000,-1,1
68475,569278,38.700610,35716.530804,35716.638924,1, 1, 0, 1,2.369501,2.600983,-16.058598,-1,6
68475,569279,38.728681,35716.558874,35716.666994,0, 0, 0, 0,-99.000000,-99.000000,-99.000000,-1,1
68475,569280,39.223701,35717.053893,35717.162014,1, 0, 0, 1,2.030246,5.891626,-15.600256,-1,2
68475,569281,39.258630,35717.088822,35717.196944,1, 0, 0, 1,-1.049271,4.765227,2.775538,-1,2
68475,569282,39.446672,35717.276864,35717.384986,0, 0, 0, 0,-99.000000,-99.000000,-99.000000,-1,1
68475,569283,39.882977,35717.713168,35717.821291,1, 0, 0, 1,7.026588,2.549449,0.996815,-1,2
68475,569284,39.952036,35717.782226,35717.890349,1, 0, 0, 1,5.412678,-3.738747,-11.860224,-1,2
68475,569285,40.062039,35717.892229,35718.000353,0, 0, 0, 0,-99.000000,-99.000000,-99.000000,-1,1
68475,569286,40.109582,35717.939773,35718.047896,0, 0, 0, 0,-99.000000,-99.000000,-99.000000,-1,1
68475,569287,40.118014,35717.948204,35718.056327,0, 0, 0, 0,-99.000000,-99.000000,-99.000000,-1,1
68475,569288,40.254285,35718.084475,35718.192598,1, 0, 0, 1,6.955501,3.574730,15.254145,-1,2
68475,569289,40.258434,35718.088624,35718.196748,1, 0, 0, 1,2.503543,-0.905268,-12.224029,-1,2
68475,569290,40.498574,35718.328764,35718.436888,1, 0, 0, 1,3.277800,7.285114,-6.984426,-1,2
68475,569291,40.570634,35718.400823,35718.508947,1, 0, 0, 1,0.065471,-7.397561,2.728769,-1,2
68475,569292,40.649762,35718.479951,35718.588075,1, 0, 0, 1,-2.317671,-3.411057,8.376645,-1,2
68475,569293,40.699197,35718.529386,35718.637510,1, 0, 0, 1,-6.250595,-3.389916,-2.978694,-1,2
68475,569294,40.826424,35718.656612,35718.764737,0, 0, 0, 0,-99.000000,-99.000000,-99.000000,-1,1
68475,569295,40.889646,35718.719834,35718.827959,1, 0, 0, 1,-7.443920,8.722379,14.499058,-1,2
68475,569296,40.951990,35718.782178,35718.890303,0, 0, 0, 0,-99.000000,-99.000000,-99.000000,-1,1
68475,569297,41.036826,35718.867014,35718.975139,0, 0, 0, 0,-99.000000,-99.000000,-99.000000,-1,0
68475,569298,41.140767,35718.970956,35719.079081,1, 0, 0, 1,-1.533963,2.859430,6.400986,-1,2
68475,569299,41.236067,35719.066255,35719.174381,1, 0, 0, 1,1.287607,15.761683,15.633854,-1,2
68475,569300,41.274698,35719.104886,35719.213012,0, 0, 0, 0,-99.000000,-99.000000,-99.000000,-1,1
68475,569301,41.443339,35719.273526,35719.381652,1, 0, 0, 1,-5.335692,-3.706082,19.031131,-1,3
68475,569302,41.609520,35719.439707,35719.547834,1, 0, 0, 1,1.486046,-4.125416,18.076322,-1,2
68475,569303,41.735205,35719.565392,35719.673519,0, 0, 0, 0,-99.000000,-99.000000,-99.000000,-1,1
68475,569304,41.780013,35719.610200,35719.718327,0, 0, 0, 0,-99.000000,-99.000000,-99.000000,-1,1
68475,569305,41.792045,35719.622232,35719.730359,0, 0, 0, 0,-99.000000,-99.000000,-99.000000,-1,1
68475,569306,41.810005,35719.640192,35719.748319,0, 0, 0, 0,-99.000000,-99.000000,-99.000000,-1,0
68475,569307,41.811426,35719.641613,35719.749739,0, 0, 0, 0,-99.000000,-99.000000,-99.000000,-1,0
68475,569308,42.024113,35719.854299,35719.962426,0, 0, 0, 0,-99.000000,-99.000000,-99.000000,-1,1
68475,569309,42.067339,35719.897525,35720.005652,1, 0, 0, 1,-5.792745,3.503183,-7.945838,-1,2
68475,569310,42.072416,35719.902602,35720.010729,0, 0, 0, 0,-99.000000,-99.000000,-99.000000,-1,0
68475,569311,42.112645,35719.942831,35720.050959,1, 0, 0, 1,3.641210,1.296428,2.921911,-1,2
68475,569312,42.419435,35720.249620,35720.357748,0, 0, 0, 0,-99.000000,-99.000000,-99.000000,-1,1
68475,569313,42.639822,35720.470007,35720.578136,0, 0, 0, 0,-99.000000,-99.000000,-99.000000,-1,0
68475,569314,42.688337,35720.518522,35720.626650,1, 0, 0, 1,6.079523,-2.003114,-10.527880,-1,2
68475,569315,42.862958,35720.693143,35720.801272,1, 0, 0, 1,1.697988,-2.557873,11.202198,-1,2
68475,569316,42.882076,35720.712260,35720.820389,1, 0, 0, 1,0.390138,-5.278209,-17.339361,-1,2
68475,569317,42.904009,35720.734193,35720.842322,1, 0, 0, 1,-4.849825,2.051895,15.170847,-1,2
68475,569318,42.927612,35720.757797,35720.865926,1, 0, 0, 1,-6.036848,1.883721,-1.805084,-1,3
68475,569319,43.013187,35720.843371,35720.951501,1, 0, 0, 1,2.301464,-8.546794,-11.371038,-1,2
68475,569320,43.079894,35720.910079,35721.018208,0, 0, 0, 0,-99.000000,-99.000000,-99.000000,-1,1
68475,569321,43.153969,35720.984153,35721.092283,1, 0, 0, 1,-5.274520,4.689578,10.409168,-1,2
68475,569322,43.303944,35721.134128,35721.242258,0, 0, 0, 0,-99.000000,-99.000000,-99.000000,-1,0
68475,569323,43.342450,35721.172634,35721.280764,0, 0, 0, 0,-99.000000,-99.000000,-99.000000,-1,1
68475,569324,43.345646,35721.175830,35721.283960,0, 0, 0, 0,-99.000000,-99.000000,-99.000000,-1,0
68475,569325,43.495218,35721.325401,35721.433531,1, 0, 0, 1,3.707394,2.754439,-13.896472,-1,2
68475,569326,43.544211,35721.374395,35721.482525,1, 0, 0, 1,2.776970,3.496819,2.017725,-1,2
68475,569327,43.597324,35721.427507,35721.535638,1, 0, 0, 1,-6.989105,0.751022,-2.698356,-1,2
68475,569328,43.809856,35721.640039,35721.748169,1, 0, 0, 1,-0.250640,-2.887425,-9.497783,-1,2
68475,569329,43.883711,35721.713893,35721.822024,1, 0, 0, 1,-2.428345,-6.818822,-0.570802,-1,3
68475,569330,43.931690,35721.761872,35721.870003,1, 0, 0, 1,8.800205,-1.730134,-14.650718,-1,3
68475,569331,43.970384,35721.800566,35721.908697,1, 0, 0, 1,1.291975,-2.520666,10.752135,-1,2
68475,569332,43.977005,35721.807188,35721.915319,0, 0, 0, 0,-99.000000,-99.000000,-99.000000,-1,1
68475,569333,44.013516,35721.843698,35721.951830,0, 0, 0, 0,-99.000000,-99.000000,-99.000000,-1,0
68475,569334,44.060059,35721.890241,35721.998373,1, 0, 0, 1,-7.709566,6.355049,16.760026,-1,2
68475,569335,44.171714,35722.001896,35722.110028,1, 0, 0, 1,-1.550321,5.626408,5.928345,-1,2
68475,569336,44.201422,35722.031604,35722.139736,1, 0, 0, 1,0.144388,6.233378,14.011387,-1,2
68475,569337,44.292526,35722.122708,35722.230840,0, 0, 0, 0,-99.000000,-99.000000,-99.000000,-1,1
68475,569338,44.493017,35722.323198,35722.431330,1, 0, 0, 1,4.211125,2.760412,13.359615,-1,2
68475,569339,44.702760,35722.532940,35722.641073,1, 0, 0, 1,-7.572822,-0.716519,3.345130,-1,2
68475,569340,44.722761,35722.552942,35722.661075,1, 0, 0, 1,0.719663,3.022616,0.369341,-1,2
68475,569341,44.801142,35722.631322,35722.739455,0, 0, 0, 0,-99.000000,-99.000000,-99.000000,-1,0
68475,569342,44.809568,35722.639748,35722.747881,1, 0, 0, 1,6.172199,6.774222,14.269714,-1,2
68475,569343,44.820278,35722.650459,35722.758591,1, 0, 0, 1,-0.674889,-1.665178,-6.354869,-1,2
68475,569344,44.858697,35722.688877,35722.797010,0, 0, 0, 0,-99.000000,-99.000000,-99.000000,-1,1
68475,569345,44.890081,35722.720262,35722.828395,1, 0, 0, 1,9.068852,4.161273,-12.026314,-1,2
68475,569346,44.996013,35722.826193,35722.934326,1, 0, 0, 1,-3.250277,-2.946621,-1.941922,-1,2
68475,569347,45.015790,35722.845970,35722.954103,1, 0, 0, 1,0.476232,-0.681196,4.468062,-1,2
68475,569348,45.169278,35722.999458,35723.107592,1, 0, 0, 1,0.600975,-1.807196,-18.229384,-1,2
68475,569349,45.230872,35723.061052,35723.169185,0, 0, 0, 0,-99.000000,-99.000000,-99.000000,-1,1
68475,569350,45.291651,35723.121831,35723.229965,0, 0, 0, 0,-99.000000,-99.000000,-99.000000,-1,0
68475,569351,45.366701,35723.196881,35723.305015,1, 0, 0, 1,0.851823,-3.082475,-8.690240,-1,2
68475,569352,45.441851,35723.272031,35723.380165,1, 0, 0, 1,-5.299645,-0.900199,-18.187364,-1,2
68475,569353,45.651089,35723.481268,35723.589402,0, 0, 0, 0,-99.000000,-99.000000,-99.000000,-1,0
68475,569354,45.668909,35723.499088,35723.607223,1, 0, 0, 1,-0.573713,-7.476409,20.419835,-1,2
68475,569355,45.714595,35723.544774,35723.652909,1, 0, 0, 1,-1.591949,0.728261,10.737193,-1,2
68475,569356,45.737303,35723.567482,35723.675617,1, 0, 0, 1,-1.948300,-1.044838,-11.249404,-1,2
68475,569357,46.095991,35723.926169,35724.034305,1, 1, 0, 1,-3.063386,0.072863,15.162058,-1,2
68475,569358,46.109947,35723.940125,35724.048261,0, 0, 0, 0,-99.000000,-99.000000,-99.000000,-1,1
68475,569359,46.136160,35723.966338,35724.074473,0, 0, 0, 0,-99.000000,-99.000000,-99.000000,-1,1
68475,569360,46.189353,35724.019531,35724.127666,0, 0, 0, 0,-99.000000,-99.000000,-99.000000,-1,1
68475,569361,46.318439,35724.148616,35724.256752,1, 0, 0, 1,5.942928,2.375738,-4.156051,-1,2
68475,569362,46.394753,35724.224930,35724.333066,0, 0, 0, 0,-99.000000,-99.000000,-99.000000,-1,0
68475,569363,46.476275,35724.306452,35724.414589,1, 0, 0, 1,-0.672907,-0.123261,-18.761933,-1,2
68475,569364,46.686166,35724.516343,35724.624479,1, 0, 0, 1,6.659827,-1.993110,-13.939951,-1,2
68475,569365,46.848178,35724.678354,35724.786491,1, 0, 0, 1,7.849581,7.345926,14.001463,-1,5
68475,569366,46.890115,35724.720291,35724.828428,1, 0, 0, 1,1.078793,-2.908872,-1.447902,-1,2
68475,569367,46.970589,35724.800765,35724.908903,1, 0, 0, 1,5.580396,-2.649023,13.787819,-1,2
68475,569368,47.028856,35724.859032,35724.967169,1, 0, 0, 1,-3.591901,7.016119,-17.065640,-1,2
68475,569369,47.316643,35725.146819,35725.254957,0, 0, 0, 0,-99.000000,-99.000000,-99.000000,-1,0
68475,569370,47.348764,35725.178940,35725.287078,1, 0, 0, 1,-0.797210,-5.438670,14.950850,-1,2
68475,569371,47.514231,35725.344406,35725.452544,1, 0, 0, 1,3.868050,-6.063514,-14.975348,-1,2
68475,569372,47.550840,35725.381015,35725.489153,1, 0, 0, 1,-2.033685,-5.474338,-1.433556,-1,2
68475,569373,47.719517,35725.549692,35725.657830,1, 0, 0, 1,-3.773821,4.261829,9.256817,-1,2
68475,569374,47.752579,35725.582753,35725.690892,1, 0, 0, 1,4.701177,5.777569,-11.867253,-1,2
68475,569375,47.779661,35725.609836,35725.717975,0, 0, 0, 0,-99.000000,-99.000000,-99.000000,-1,1
68475,569376,47.783925,35725.614099,35725.722238,1, 0, 0, 1,1.535064,-1.107382,-14.036419,-1,2
68475,569377,47.791729,35725.621904,35725.730043,1, 0, 0, 1,-1.014472,3.665640,-17.061156,-1,2
68475,569378,48.256417,35726.086590,35726.194730,0, 0, 0, 0,-99.000000,-99.000000,-99.000000,-1,1
68475,569379,48.389407,35726.219581,35726.327721,1, 0, 0, 1,1.548656,1.337474,-0.006773,-1,2
68475,569380,48.541534,35726.371708,35726.479848,1, 0, 0, 1,3.691788,3.078473,-4.372023,-1,2
68475,569381,48.564215,35726.394388,35726.502529,1, 0, 0, 1,6.469030,5.566498,14.269427,-1,2
68475,569382,48.719503,35726.549676,35726.657817,1, 0, 0, 1,-7.136145,-4.403631,-7.005177,-1,2
68475,569383,48.882214,35726.712387,35726.820528,1, 0, 0, 1,2.226877,8.401589,16.878327,-1,2
68475,569384,49.149228,35726.979400,35727.087542,0, 0, 0, 0,-99.000000,-99.000000,-99.000000,-1,0
68475,569385,49.161438,35726.991610,35727.099752,1, 0, 0, 1,-0.030715,-0.776970,-16.645773,-1,2
68475,569386,49.201374,35727.031546,35727.139688,1, 0, 0, 1,0.374319,7.445046,2.755167,-1,2
68475,569387,49.352586,35727.182758,35727.290900,1, 0, 0, 1,-0.279481,-2.107109,-0.337916,-1,2
68475,569388,49.520162,35727.350333,35727.458476,1, 1, 0, 1,-0.078992,0.530710,-4.502152,-1,3
68475,569389,49.562181,35727.392352,35727.500495,1, 0, 0, 1,0.737478,-7.248189,6.274597,-1,2
68475,569390,49.744057,35727.574228,35727.682371,1, 0, 0, 1,1.986020,0.509027,-15.814186,-1,2
68475,569391,50.115724,35727.945894,35728.054037,1, 0, 0, 1,-1.239463,8.169249,-16.944226,-1,2
68475,569392,50.118615,35727.948785,35728.056928,0, 0, 0, 0,-99.000000,-99.000000,-99.000000,-1,1
68475,569393,50.405766,35728.235936,35728.344080,1, 0, 0, 1,-3.834032,0.394517,8.238824,-1,2
68475,569394,50.518839,35728.349008,35728.457153,1, 0, 0, 1,-3.187970,1.871943,4.034764,-1,2
68475,569395,50.653661,35728.483830,35728.591975,1, 0, 0, 1,8.081923,-1.253201,-12.917106,-1,2
68475,569396,50.733553,35728.563721,35728.671866,1, 0, 0, 1,0.684642,-1.018595,-17.665354,-1,2
68475,569397,50.761243,35728.591411,35728.699556,1, 0, 0, 1,0.503345,-3.149749,6.158012,-1,2
68475,569398,50.764988,35728.595156,35728.703301,1, 0, 0, 1,5.469795,6.120499,-19.703211,-1,2
68475,569399,50.999147,35728.829315,35728.937460,0, 0, 0, 0,-99.000000,-99.000000,-99.000000,-1,1
68475,569400,51.008139,35728.838307,35728.946452,1, 0, 0, 1,4.544960,-5.058732,-11.187694,-1,2
68475,569401,51.254309,35729.084477,35729.192623,1, 0, 0, 1,-1.835489,1.914870,3.428841,-1,2
68475,569402,51.292880,35729.123048,35729.231194,0, 0, 0, 0,-99.000000,-99.000000,-99.000000,-1,0
68475,569403,51.353187,35729.183355,35729.291501,0, 0, 0, 0,-99.000000,-99.000000,-99.000000,-1,1
68475,569404,51.569280,35729.399447,35729.507594,1, 0, 0, 1,3.316645,-2.044429,12.265741,-1,2
68475,569405,51.682265,35729.512432,35729.620579,1, 0, 0, 1,-2.344571,9.813937,-6.443329,-1,2
68475,569406,51.720125,35729.550291,35729.658438,1, 0, 0, 1,-3.957704,-0.832641,-18.182923,-1,2
68475,569407,51.857169,35729.687335,35729.795482,1, 0, 0, 1,-1.721683,3.771196,16.335161,-1,2
68475,569408,51.869683,35729.699850,35729.807997,1, 0, 0, 1,0.533292,1.067825,-9.450961,-1,2
68475,569409,51.973128,35729.803294,35729.911441,1, 0, 0, 1,5.035479,4.964005,-13.014184,-1,2
68475,569410,51.974027,35729.804193,35729.912341,0, 0, 0, 0,-99.000000,-99.000000,-99.000000,-1,1
68475,569411,52.170293,35730.000458,35730.108606,0, 0, 0, 0,-99.000000,-99.000000,-99.000000,-1,1
68475,569412,52.182721,35730.012887,35730.121035,1, 0, 0, 1,5.973675,3.303791,19.367928,-1,4
68475,569413,52.236844,35730.067010,35730.175157,1, 0, 0, 1,-3.735020,-0.235239,12.818607,-1,2
68475,569414,52.289009,35730.119175,35730.227323,1, 0, 0, 1,4.491796,1.395498,8.750269,-1,2
68475,569415,52.324081,35730.154247,35730.262395,1, 0, 0, 1,-4.154875,-2.115524,-15.756276,-1,2
68475,569416,52.369007,35730.199173,35730.307321,0, 0, 0, 0,-99.000000,-99.000000,-99.000000,-1,1
68475,569417,52.459680,35730.289845,35730.397994,0, 0, 0, 0,-99.000000,-99.000000,-99.000000,-1,1
68475,569418,52.528495,35730.358660,35730.466808,1, 0, 0, 1,1.589485,-3.023210,-6.554258,-1,2
68475,569419,52.636731,35730.466896,35730.575045,0, 0, 0, 0,-99.000000,-99.000000,-99.000000,-1,0
68475,569420,52.840012,35730.670177,35730.778326,1, 0, 0, 1,-2.412503,0.701835,-16.535202,-1,2
68475,569421,53.064733,35730.894897,35731.003047,1, 0, 0, 1,-2.860581,5.359319,-17.464635,-1,2
68475,569422,53.155410,35730.985574,35731.093724,0, 0, 0, 0,-99.000000,-99.000000,-99.000000,-1,1
68475,569423,53.302386,35731.132549,35731.240699,0, 0, 0, 0,-99.000000,-99.000000,-99.000000,-1,1
68475,569424,53.381180,35731.211343,35731.319493,0, 0, 0, 0,-99.000000,-99.000000,-99.000000,-1,1
68475,569425,53.400582,35731.230745,35731.338896,0, 0, 0, 0,-99.000000,-99.000000,-99.000000,-1,1
68475,569426,53.583016,35731.413179,35731.521330,1, 0, 0, 1,-1.328303,-9.223170,-13.460601,-1,2
68475,569427,53.602571,35731.432734,35731.540884,0, 0, 0, 0,-99.000000,-99.000000,-99.000000,-1,0
68475,569428,53.633178,35731.463341,35731.571492,0, 0, 0, 0,-99.000000,-99.000000,-99.000000,-1,0
68475,569429,53.726230,35731.556392,35731.664543,1, 0, 0, 1,8.335097,0.266107,11.304192,-1,2
68475,569430,53.780475,35731.610637,35731.718788,0, 0, 0, 0,-99.000000,-99.000000,-99.000000,-1,1
68475,569431,53.970261,35731.800423,35731.908575,0, 0, 0, 0,-99.000000,-99.000000,-99.000000,-1,1
68475,569432,54.064827,35731.894989,35732.003141,1, 0, 0, 1,8.695511,0.764731,-2.793521,-1,2
68475,569433,54.083699,35731.913861,35732.022013,0, 0, 0, 0,-99.000000,-99.000000,-99.000000,-1,1
68475,569434,54.175927,35732.006089,35732.114241,1, 0, 0, 1,0.638697,-6.224241,5.785306,-1,2
68475,569435,54.232777,35732.062938,35732.171090,1, 0, 0, 1,0.117849,-6.685900,0.795991,-1,2
68475,569436,54.254255,35732.084417,35732.192569,1, 0, 0, 1,-5.144189,-5.754584,5.325615,-1,2
68475,569437,54.271992,35732.102153,35732.210305,0, 0, 0, 0,-99.000000,-99.000000,-99.000000,-1,1
68475,569438,54.291858,35732.122019,35732.230171,0, 0, 0, 0,-99.000000,-99.000000,-99.000000,-1,1
68475,569439,54.335220,35732.165381,35732.273534,1, 0, 0, 1,8.380488,7.447448,-9.092319,-1,2
68475,569440,54.691048,35732.521208,35732.629361,1, 0, 0, 1,-3.787960,7.049057,-17.156434,-1,2
68475,569441,54.790015,35732.620175,35732.728328,1, 0, 0, 1,-7.250370,-3.317236,-11.296074,-1,2
68475,569442,54.809271,35732.639431,35732.747584,0, 0, 0, 0,-99.000000,-99.000000,-99.000000,-1,0
68475,569443,54.812845,35732.643006,35732.751159,0, 0, 0, 0,-99.000000,-99.000000,-99.000000,-1,0
68475,569444,54.924986,35732.755146,35732.863300,1, 0, 0, 1,8.020594,1.857013,-21.722993,-1,2
68475,569445,55.010528,35732.840688,35732.948842,1, 0, 0, 1,3.239772,5.463081,-1.845789,-1,2
68475,569446,55.297298,35733.127457,35733.235611,1, 0, 0, 1,4.839657,3.370135,-0.870555,-1,2
68475,569447,55.323239,35733.153399,35733.261553,1, 0, 0, 1,4.821069,2.150517,-18.944118,-1,2
68475,569448,55.332567,35733.162726,35733.270880,0, 0, 0, 0,-99.000000,-99.000000,-99.000000,-1,1
68475,569449,55.736913,35733.567071,35733.675226,1, 0, 0, 1,7.607328,5.514040,-1.367029,-1,2
68475,569450,56.238552,35734.068710,35734.176866,1, 0, 0, 1,-2.194261,-0.848364,-9.166211,-1,2
68475,569451,56.265167,35734.095324,35734.203481,1, 0, 0, 1,6.863730,-3.044226,21.103144,-1,2
68475,569452,56.393940,35734.224098,35734.332254,0, 0, 0, 0,-99.000000,-99.000000,-99.000000,-1,1
68475,569453,56.418284,35734.248441,35734.356597,0, 0, 0, 0,-99.000000,-99.000000,-99.000000,-1,0
68475,569454,56.569025,35734.399182,35734.507338,1, 0, 0, 1,7.521512,-4.913463,16.727262,-1,2
68475,569455,56.613472,35734.443629,35734.551785,1, 0, 0, 1,-0.052478,2.662436,4.095549,-1,2
68475,569456,56.628622,35734.458779,35734.566936,0, 0, 0, 0,-99.000000,-99.000000,-99.000000,-1,1
68475,569457,56.744965,35734.575122,35734.683279,1, 0, 0, 1,-6.861973,0.663833,-20.997567,-1,2
68475,569458,56.935548,35734.765704,35734.873861,1, 0, 0, 1,-2.122395,0.651329,12.806765,-1,2
68475,569459,57.295647,35735.125802,35735.233960,1, 0, 0, 1,-0.024898,6.489440,9.249049,-1,2
68475,569460,57.308805,35735.138960,35735.247118,0, 0, 0, 0,-99.000000,-99.000000,-99.000000,-1,1
68475,569461,57.404542,35735.234697,35735.342856,1, 0, 0, 1,4.577383,-5.875844,-9.948215,-1,2
68475,569462,57.757597,35735.587751,35735.695911,0, 0, 0, 0,-99.000000,-99.000000,-99.000000,-1,0
68475,569463,57.872973,35735.703127,35735.811287,1, 0, 0, 1,1.171276,5.845952,-3.956694,-1,2
68475,569464,57.876018,35735.706172,35735.814332,0, 0, 0, 0,-99.000000,-99.000000,-99.000000,-1,1
68475,569465,58.165845,35735.995999,35736.104159,1, 0, 0, 1,8.993843,1.182116,13.902670,-1,2
68475,569466,58.513130,35736.343283,35736.451444,0, 0, 0, 0,-99.000000,-99.000000,-99.000000,-1,0
68475,569467,58.708938,35736.539090,35736.647251,1, 0, 0, 1,1.092196,-7.112152,-14.440599,-1,2
68475,569468,58.782259,35736.612411,35736.720572,1, 0, 0, 1,7.031247,-1.456305,-6.373844,-1,2
68475,569469,58.869126,35736.699278,35736.807439,0, 0, 0, 0,-99.000000,-99.000000,-99.000000,-1,0
68475,569470,58.942001,35736.772153,35736.880315,1, 0, 0, 1,-7.479209,1.333253,-6.453159,-1,2
68475,569471,58.949743,35736.779895,35736.888057,1, 0, 0, 1,0.619131,-3.498642,-9.939095,-1,2
68475,569472,59.165461,35736.995612,35737.103774,0, 0, 0, 0,-99.000000,-99.000000,-99.000000,-1,1
68475,569473,59.235004,35737.065155,35737.173318,1, 0, 0, 1,4.921237,2.296177,-9.668408,-1,2
68475,569474,59.360686,35737.190837,35737.298999,0, 0, 0, 0,-99.000000,-99.000000,-99.000000,-1,1
68475,569475,59.379004,35737.209155,35737.317318,0, 0, 0, 0,-99.000000,-99.000000,-99.000000,-1,1
68475,569476,59.391442,35737.221593,35737.329756,1, 0, 0, 1,4.076128,6.084259,-3.147519,-1,2
68475,569477,59.417380,35737.247531,35737.355693,1, 0, 0, 1,-2.843012,-5.132866,7.301642,-1,2
68475,569478,59.510117,35737.340268,35737.448430,0, 0, 0, 0,-99.000000,-99.000000,-99.000000,-1,1
68475,569479,59.599941,35737.430092,35737.538255,1, 0, 0, 1,-7.571581,-5.612070,4.587471,-1,2
68475,569480,59.823066,35737.653216,35737.761379,1, 0, 0, 1,0.112822,11.339631,21.040195,-1,2
68475,569481,59.893974,35737.724124,35737.832288,1, 0, 0, 1,-4.190407,5.694480,-14.912889,-1,2
68475,569482,59.964019,35737.794169,35737.902333,1, 0, 0, 1,4.420776,0.786993,9.656971,-1,4
68475,569483,59.983555,35737.813705,35737.921869,1, 0, 0, 1,-0.982165,6.965657,19.801699,-1,2
68475,569484,59.998214,35737.828364,35737.936528,0, 0, 0, 0,-99.000000,-99.000000,-99.000000,-1,1
68475,569485,60.121359,35737.951508,35738.059672,0, 0, 0, 0,-99.000000,-99.000000,-99.000000,-1,1
68475,569486,60.166206,35737.996356,35738.104520,1, 0, 0, 1,7.426233,-3.063836,-7.214891,-1,2
68475,569487,60.283205,35738.113355,35738.221519,0, 0, 0, 0,-99.000000,-99.000000,-99.000000,-1,0
68475,569488,60.411973,35738.242122,35738.350286,0, 0, 0, 0,-99.000000,-99.000000,-99.000000,-1,0
68475,569489,60.669926,35738.500075,35738.608240,1, 0, 0, 1,-9.337970,-0.632710,2.118231,-1,2
68475,569490,60.726379,35738.556527,35738.664692,1, 0, 0, 1,3.213728,2.844186,-10.361610,-1,2
68475,569491,60.736917,35738.567065,35738.675231,0, 0, 0, 0,-99.000000,-99.000000,-99.000000,-1,0
68475,569492,60.738195,35738.568343,35738.676508,1, 0, 0, 1,-6.402596,5.076062,-6.954162,-1,2
68475,569493,60.965542,35738.795690,35738.903856,0, 0, 0, 0,-99.000000,-99.000000,-99.000000,-1,1
68475,569494,61.035459,35738.865607,35738.973773,0, 0, 0, 0,-99.000000,-99.000000,-99.000000,-1,1
68475,569495,61.049787,35738.879934,35738.988100,0, 0, 0, 0,-99.000000,-99.000000,-99.000000,-1,0
68475,569496,61.053296,35738.883444,35738.991610,1, 0, 0, 1,4.131737,7.317651,-2.974602,-1,2
68475,569497,61.090420,35738.920567,35739.028733,1, 0, 0, 1,-1.975349,-1.449962,-5.445456,-1,2
68475,569498,61.111853,35738.942001,35739.050167,0, 0, 0, 0,-99.000000,-99.000000,-99.000000,-1,1
68475,569499,61.122648,35738.952796,35739.060962,1, 0, 0, 1,-4.646889,5.884010,-15.148554,-1,2
68475,569500,61.130494,35738.960642,35739.068808,0, 0, 0, 0,-99.000000,-99.000000,-99.000000,-1,0
68475,569501,61.229727,35739.059875,35739.168041,1, 0, 0, 1,7.369444,9.999981,9.645881,-1,4
68475,569502,61.248489,35739.078637,35739.186803,0, 0, 0, 0,-99.000000,-99.000000,-99.000000,-1,1
68475,569503,61.421003,35739.251150,35739.359317,1, 0, 0, 1,0.339342,-12.128442,-14.768519,-1,2
68475,569504,61.701962,35739.532108,35739.640276,0, 0, 0, 0,-99.000000,-99.000000,-99.000000,-1,0
68475,569505,61.788798,35739.618944,35739.727111,1, 0, 0, 1,7.401302,11.424091,-3.880264,-1,2
68475,569506,61.804082,35739.634228,35739.742395,1, 0, 0, 1,1.090451,0.303855,-6.031464,-1,2
68475,569507,61.836124,35739.666270,35739.774438,1, 0, 0, 1,-0.567319,1.927817,-11.857424,-1,2
68475,569508,61.959197,35739.789343,35739.897511,1, 0, 0, 1,5.752946,4.497241,17.588637,-1,2
68475,569509,62.198545,35740.028690,35740.136859,0, 0, 0, 0,-99.000000,-99.000000,-99.000000,-1,1
68475,569510,62.229654,35740.059799,35740.167967,0, 0, 0, 0,-99.000000,-99.000000,-99.000000,-1,1
68475,569511,62.390130,35740.220275,35740.328443,0, 0, 0, 0,-99.000000,-99.000000,-99.000000,-1,1
68475,569512,62.449349,35740.279493,35740.387662,1, 0, 0, 1,5.297069,-3.801436,-3.788434,-1,2
68475,569513,62.461451,35740.291596,35740.399765,0, 0, 0, 0,-99.000000,-99.000000,-99.000000,-1,1
68475,569514,62.704113,35740.534257,35740.642427,0, 0, 0, 0,-99.000000,-99.000000,-99.000000,-1,0
68475,569515,63.108831,35740.938975,35741.047145,1, 0, 0, 1,-6.412341,-2.047213,-5.610830,-1,2
68475,569516,63.299848,35741.129991,35741.238161,1, 0, 0, 1,4.670858,3.427941,5.698736,-1,2
68475,569517,63.359566,35741.189709,35741.297880,1, 0, 0, 1,1.878725,-1.190120,5.138780,-1,2
68475,569518,63.433790,35741.263932,35741.372103,1, 0, 0, 1,-2.741231,5.660514,15.082813,-1,2
68475,569519,63.542094,35741.372237,35741.480408,1, 0, 0, 1,7.431081,0.482794,8.859575,-1,2
68475,569520,63.784493,35741.614635,35741.722806,1, 0, 0, 1,-3.153661,1.937971,-21.052092,-1,2
68475,569521,63.989657,35741.819799,35741.927971,0, 0, 0, 0,-99.000000,-99.000000,-99.000000,-1,1
68475,569522,64.052996,35741.883137,35741.991309,0, 0, 0, 0,-99.000000,-99.000000,-99.000000,-1,1
68475,569523,64.218119,35742.048260,35742.156432,0, 0, 0, 0,-99.000000,-99.000000,-99.000000,-1,1
68475,569524,64.401272,35742.231412,35742.339585,0, 0, 0, 0,-99.000000,-99.000000,-99.000000,-1,0
68475,569525,64.680972,35742.511113,35742.619286,0, 0, 0, 0,-99.000000,-99.000000,-99.000000,-1,1
68475,569526,64.708699,35742.538839,35742.647012,0, 0, 0, 0,-99.000000,-99.000000,-99.000000,-1,0
68475,569527,64.757826,35742.587966,35742.696139,1, 0, 0, 1,5.578577,-0.890796,13.405602,-1,2
68475,569528,64.923771,35742.753911,35742.862084,1, 0, 0, 1,6.745837,5.539581,-15.544676,-1,2
68475,569529,64.945869,35742.776009,35742.884183,1, 0, 0, 1,7.224315,-0.535916,-12.075682,-1,2
68475,569530,65.017677,35742.847817,35742.955990,1, 0, 0, 1,5.499021,3.084687,7.811352,-1,2
68475,569531,65.027207,35742.857347,35742.965521,1, 0, 0, 1,5.501245,-0.008090,2.035880,-1,2
68475,569532,65.408173,35743.238312,35743.346486,0, 0, 0, 0,-99.000000,-99.000000,-99.000000,-1,1
68475,569533,65.435682,35743.265821,35743.373996,0, 0, 0, 0,-99.000000,-99.000000,-99.000000,-1,0
68475,569534,65.523675,35743.353813,35743.461988,0, 0, 0, 0,-99.000000,-99.000000,-99.000000,-1,1
68475,569535,65.525933,35743.356072,35743.464247,0, 0, 0, 0,-99.000000,-99.000000,-99.000000,-1,1
68475,569536,65.568507,35743.398646,35743.506821,1, 0, 0, 1,-2.306185,0.724369,10.844512,-1,2
68475,569537,65.601063,35743.431201,35743.539377,1, 0, 0, 1,6.267898,-3.143239,14.794080,-1,2
68475,569538,65.702701,35743.532839,35743.641014,1, 0, 0, 1,5.177233,-5.413187,16.271431,-1,2
68475,569539,65.732396,35743.562534,35743.670710,0, 0, 0, 0,-99.000000,-99.000000,-99.000000,-1,0
68475,569540,65.917344,35743.747481,35743.855657,0, 0, 0, 0,-99.000000,-99.000000,-99.000000,-1,1
68475,569541,66.223251,35744.053388,35744.161565,0, 0, 0, 0,-99.000000,-99.000000,-99.000000,-1,1
68475,569542,66.270427,35744.100564,35744.208741,0, 0, 0, 0,-99.000000,-99.000000,-99.000000,-1,0
68475,569543,66.423537,35744.253674,35744.361850,0, 0, 0, 0,-99.000000,-99.000000,-99.000000,-1,1
68475,569544,66.541738,35744.371874,35744.480051,1, 0, 0, 1,-10.847747,4.699234,-7.356436,-1,2
68475,569545,66.658749,35744.488885,35744.597062,1, 0, 0, 1,-3.607700,1.404517,19.718173,-1,2
68475,569546,66.658879,35744.489015,35744.597192,1, 0, 0, 1,-0.204374,5.558841,-9.195533,-1,2
68475,569547,66.726585,35744.556721,35744.664899,1, 0, 0, 1,-7.989436,0.417167,-8.536725,-1,2
68475,569548,66.762792,35744.592929,35744.701106,0, 0, 0, 0,-99.000000,-99.000000,-99.000000,-1,1
68475,569549,66.787679,35744.617815,35744.725992,1, 0, 0, 1,2.984266,-3.781939,-15.710412,-1,2
68475,569550,66.939730,35744.769866,35744.878044,1, 0, 0, 1,-1.175905,8.387066,-3.978375,-1,2
68475,569551,67.096266,35744.926401,35745.034579,1, 0, 0, 1,-4.778665,2.585340,15.167041,-1,2
68475,569552,67.100675,35744.930810,35745.038988,1, 0, 0, 1,-1.523040,1.770898,7.158802,-1,2
68475,569553,67.161515,35744.991650,35745.099829,1, 0, 0, 1,7.686836,-4.334920,9.423545,-1,2
68475,569554,67.190827,35745.020962,35745.129140,1, 0, 0, 1,3.436291,-7.365937,14.000177,-1,2
68475,569555,67.288133,35745.118268,35745.226447,1, 0, 0, 1,0.133936,-1.414958,-4.053788,-1,2
68475,569556,67.308553,35745.138687,35745.246866,1, 0, 0, 1,4.776595,-3.274702,11.673714,-1,2
68475,569557,67.699889,35745.530023,35745.638203,1, 0, 0, 1,-1.250260,-7.022461,9.241077,-1,2
68475,569558,67.847766,35745.677899,35745.786079,0, 0, 0, 0,-99.000000,-99.000000,-99.000000,-1,1
68475,569559,67.977270,35745.807404,35745.915584,0, 0, 0, 0,-99.000000,-99.000000,-99.000000,-1,1
68475,569560,68.052772,35745.882905,35745.991085,1, 0, 0, 1,-6.414875,2.240305,21.506361,-1,5
68475,569561,68.090016,35745.920149,35746.028329,1, 0, 0, 1,-5.465708,4.455432,-2.109091,-1,2
68475,569562,68.116749,35745.946883,35746.055063,0, 0, 0, 0,-99.000000,-99.000000,-99.000000,-1,0
68475,569563,68.178225,35746.008358,35746.116539,0, 0, 0, 0,-99.000000,-99.000000,-99.000000,-1,0
68475,569564,68.203491,35746.033624,35746.141805,1, 0, 0, 1,2.470962,0.857935,13.395624,-1,2
68475,569565,68.321046,35746.151179,35746.259359,1, 0, 0, 1,-6.286035,-2.101846,7.151363,-1,2
68475,569566,68.359128,35746.189261,35746.297441,0, 0, 0, 0,-99.000000,-99.000000,-99.000000,-1,1
68475,569567,68.411588,35746.241720,35746.349901,1, 0, 0, 1,5.919507,-0.068775,9.241566,-1,2
68475,569568,68.436087,35746.266219,35746.374400,1, 0, 0, 1,2.205590,-3.533312,0.850079,-1,2
68475,569569,68.613518,35746.443650,35746.551832,1, 0, 0, 1,5.249335,4.523519,-21.395718,-1,2
68475,569570,68.802763,35746.632895,35746.741076,0, 0, 0, 0,-99.000000,-99.000000,-99.000000,-1,1
68475,569571,68.915790,35746.745922,35746.854103,0, 0, 0, 0,-99.000000,-99.000000,-99.000000,-1,1
68475,569572,69.005094,35746.835225,35746.943407,0, 0, 0, 0,-99.000000,-99.000000,-99.000000,-1,1
68475,569573,69.087233,35746.917364,35747.025546,1, 0, 0, 1,-5.240874,-3.956746,7.406862,-1,2
68475,569574,69.138140,35746.968272,35747.076454,0, 0, 0, 0,-99.000000,-99.000000,-99.000000,-1,1
68475,569575,69.224084,35747.054215,35747.162397,1, 0, 0, 1,-4.913025,-6.908199,14.346506,-1,2
68475,569576,69.258308,35747.088439,35747.196622,0, 0, 0, 0,-99.000000,-99.000000,-99.000000,-1,1
68475,569577,69.412652,35747.242783,35747.350966,0, 0, 0, 0,-99.000000,-99.000000,-99.000000,-1,1
68475,569578,69.478192,35747.308323,35747.416506,1, 0, 0, 1,1.837386,2.417469,0.411642,-1,3
68475,569579,69.585929,35747.416059,35747.524242,1, 0, 0, 1,3.320384,-6.876101,-5.805702,-1,3
68475,569580,69.625458,35747.455589,35747.563772,0, 0, 0, 0,-99.000000,-99.000000,-99.000000,-1,1
68475,569581,69.644967,35747.475097,35747.583281,1, 0, 0, 1,7.585046,7.056161,-13.889876,-1,2
68475,569582,69.669029,35747.499159,35747.607342,0, 0, 0, 0,-99.000000,-99.000000,-99.000000,-1,1
68475,569583,69.674466,35747.504596,35747.612780,0, 0, 0, 0,-99.000000,-99.000000,-99.000000,-1,1
68475,569584,69.756950,35747.587080,35747.695264,1, 0, 0, 1,-0.809269,14.195279,22.816075,-1,2
68475,569585,69.764481,35747.594611,35747.702795,0, 0, 0, 0,-99.000000,-99.000000,-99.000000,-1,1
68475,569586,70.017341,35747.847471,35747.955655,0, 0, 0, 0,-99.000000,-99.000000,-99.000000,-1,1
68475,569587,70.069120,35747.899249,35748.007433,1, 0, 0, 1,-2.487492,3.697650,15.852381,-1,2
68475,569588,70.119160,35747.949290,35748.057474,0, 0, 0, 0,-99.000000,-99.000000,-99.000000,-1,0
68475,569589,70.605206,35748.435334,35748.543519,0, 0, 0, 0,-99.000000,-99.000000,-99.000000,-1,1
68475,569590,70.641923,35748.472051,35748.580237,1, 0, 0, 1,4.155603,-7.688311,15.439013,-1,2
68475,569591,70.728645,35748.558773,35748.666959,1, 0, 0, 1,-0.415721,-7.370995,-10.562648,-1,2
68475,569592,70.747149,35748.577277,35748.685463,1, 0, 0, 1,-2.571280,6.022667,16.036533,-1,2
68475,569593,70.760218,35748.590346,35748.698531,0, 0, 0, 0,-99.000000,-99.000000,-99.000000,-1,1
68475,569594,71.179600,35749.009727,35749.117914,0, 0, 0, 0,-99.000000,-99.000000,-99.000000,-1,1
68475,569595,71.296738,35749.126865,35749.235052,1, 0, 0, 1,-3.536976,-2.553643,14.257847,-1,2
68475,569596,71.458789,35749.288915,35749.397102,0, 0, 0, 0,-99.000000,-99.000000,-99.000000,-1,1
68475,569597,71.720850,35749.550976,35749.659163,1, 0, 0, 1,5.456308,-4.414190,-13.014958,-1,2
68475,569598,71.906712,35749.736837,35749.845025,0, 0, 0, 0,-99.000000,-99.000000,-99.000000,-1,1
68475,569599,71.979566,35749.809691,35749.917879,1, 0, 0, 1,-4.438794,-3.293823,-9.786587,-1,2
68475,569600,72.058985,35749.889111,35749.997299,1, 0, 0, 1,3.463846,-5.150056,7.860304,-1,2
68475,569601,72.168423,35749.998548,35750.106736,1, 0, 0, 1,-0.427142,6.420136,-7.193874,-1,2
68475,569602,72.213474,35750.043599,35750.151787,1, 0, 0, 1,-2.002676,-9.057710,21.318466,-1,2
68475,569603,72.415819,35750.245943,35750.354132,0, 0, 0, 0,-99.000000,-99.000000,-99.000000,-1,1
68475,569604,72.420618,35750.250742,35750.358931,1, 0, 0, 1,2.222134,0.852527,4.568088,-1,2
68475,569605,72.461289,35750.291413,35750.399602,1, 0, 0, 1,-6.109011,2.710367,15.155626,-1,2
68475,569606,72.684736,35750.514860,35750.623049,0, 0, 0, 0,-99.000000,-99.000000,-99.000000,-1,1
68475,569607,72.686684,35750.516808,35750.624998,1, 0, 0, 1,-7.813837,4.083618,4.590789,-1,2
68475,569608,72.727988,35750.558112,35750.666302,0, 0, 0, 0,-99.000000,-99.000000,-99.000000,-1,0
68475,569609,72.784005,35750.614129,35750.722318,0, 0, 0, 0,-99.000000,-99.000000,-99.000000,-1,1
68475,569610,72.834046,35750.664169,35750.772359,1, 0, 0, 1,-6.985117,2.130408,-1.149988,-1,2
68475,569611,73.155950,35750.986073,35751.094264,1, 0, 0, 1,-5.082640,1.408301,12.589021,-1,3
68475,569612,73.195623,35751.025746,35751.133937,0, 0, 0, 0,-99.000000,-99.000000,-99.000000,-1,1
68475,569613,73.245756,35751.075879,35751.184069,0, 0, 0, 0,-99.000000,-99.000000,-99.000000,-1,1
68475,569614,73.336521,35751.166643,35751.274834,1, 0, 0, 1,-2.160794,-0.881054,-15.536029,-1,2
68475,569615,73.371604,35751.201727,35751.309918,1, 0, 0, 1,4.975591,-3.555925,-17.622471,-1,2
68475,569616,73.592316,35751.422438,35751.530630,0, 0, 0, 0,-99.000000,-99.000000,-99.000000,-1,1
68475,569617,73.678670,35751.508792,35751.616984,0, 0, 0, 0,-99.000000,-99.000000,-99.000000,-1,1
68475,569618,73.683317,35751.513439,35751.621630,1, 0, 0, 1,-7.316773,3.818646,1.223282,-1,2
68475,569619,73.809725,35751.639847,35751.748039,1, 0, 0, 1,5.410871,2.374367,10.305938,-1,2
68475,569620,73.880470,35751.710591,35751.818783,1, 0, 0, 1,0.155803,-2.963447,-8.933135,-1,2
68475,569621,74.030043,35751.860164,35751.968356,0, 0, 0, 0,-99.000000,-99.000000,-99.000000,-1,1
68475,569622,74.031284,35751.861406,35751.969598,1, 0, 0, 1,-1.409931,-4.971870,1.464889,-1,2
68475,569623,74.130530,35751.960651,35752.068844,0, 0, 0, 0,-99.000000,-99.000000,-99.000000,-1,1
68475,569624,74.148695,35751.978816,35752.087009,0, 0, 0, 0,-99.000000,-99.000000,-99.000000,-1,0
68475,569625,74.371024,35752.201145,35752.309338,1, 0, 0, 1,-6.445037,2.588489,-4.297094,-1,2
68475,569626,74.554643,35752.384763,35752.492956,0, 0, 0, 0,-99.000000,-99.000000,-99.000000,-1,1
68475,569627,74.745671,35752.575791,35752.683984,0, 0, 0, 0,-99.000000,-99.000000,-99.000000,-1,1
68475,569628,74.849122,35752.679241,35752.787435,1, 0, 0, 1,-1.364233,2.055621,8.152979,-1,2
68475,569629,74.937715,35752.767834,35752.876028,0, 0, 0, 0,-99.000000,-99.000000,-99.000000,-1,1
68475,569630,74.963926,35752.794046,35752.902240,1, 0, 0, 1,-7.036780,2.071739,-17.921024,-1,2
68475,569631,74.987675,35752.817795,35752.925989,1, 0, 0, 1,3.009975,-4.206728,-5.863851,-1,2
68475,569632,75.393576,35753.223694,35753.331889,1, 0, 0, 1,-1.981046,-7.658487,13.110952,-1,2
68475,569633,75.958998,35753.789115,35753.897311,1, 0, 0, 1,3.053257,-11.200242,21.333251,-1,2
68475,569634,75.971066,35753.801183,35753.909379,1, 0, 0, 1,-6.828084,-4.483126,15.579875,-1,2
68475,569635,76.104729,35753.934846,35754.043043,0, 0, 0, 0,-99.000000,-99.000000,-99.000000,-1,0
68475,569636,76.105029,35753.935146,35754.043343,1, 0, 0, 1,6.935806,8.533015,-14.953372,-1,2
68475,569637,76.357681,35754.187798,35754.295995,0, 0, 0, 0,-99.000000,-99.000000,-99.000000,-1,1
68475,569638,76.370323,35754.200439,35754.308636,1, 0, 0, 1,-3.756807,-2.294818,-14.684383,-1,2
68475,569639,76.496538,35754.326654,35754.434851,0, 0, 0, 0,-99.000000,-99.000000,-99.000000,-1,1
68475,569640,76.524486,35754.354602,35754.462800,0, 0, 0, 0,-99.000000,-99.000000,-99.000000,-1,1
68475,569641,76.528353,35754.358470,35754.466667,1, 0, 0, 1,-3.300250,-10.399002,6.416225,-1,2
68475,569642,76.549134,35754.379250,35754.487447,0, 0, 0, 0,-99.000000,-99.000000,-99.000000,-1,1
68475,569643,76.739111,35754.569227,35754.677424,1, 0, 0, 1,-7.553527,6.971866,19.627137,-1,2
68475,569644,76.968802,35754.798917,35754.907116,0, 0, 0, 0,-99.000000,-99.000000,-99.000000,-1,1
68475,569645,77.308535,35755.138650,35755.246849,0, 0, 0, 0,-99.000000,-99.000000,-99.000000,-1,0
68475,569646,77.332356,35755.162470,35755.270669,1, 0, 0, 1,3.970592,-1.511063,14.530785,-1,2
68475,569647,77.374058,35755.204172,35755.312371,1, 0, 0, 1,-7.125823,0.055133,-3.845601,-1,2
68475,569648,77.505367,35755.335481,35755.443680,0, 0, 0, 0,-99.000000,-99.000000,-99.000000,-1,1
68475,569649,77.507545,35755.337659,35755.445858,1, 0, 0, 1,0.191870,-6.753806,19.389374,-1,2
68475,569650,77.530022,35755.360136,35755.468336,0, 0, 0, 0,-99.000000,-99.000000,-99.000000,-1,0
68475,569651,77.571019,35755.401133,35755.509332,1, 0, 0, 1,-8.505576,-0.323372,-7.620276,-1,2
68475,569652,77.605534,35755.435648,35755.543847,1, 0, 0, 1,-3.554078,2.425029,8.322355,-1,2
68475,569653,77.615421,35755.445535,35755.553735,1, 0, 0, 1,8.063192,-0.155788,15.750585,-1,2
68475,569654,77.651273,35755.481387,35755.589587,1, 0, 0, 1,-4.667091,-6.878988,13.497630,-1,2
68475,569655,77.736477,35755.566591,35755.674791,1, 0, 0, 1,0.478218,1.188051,1.346210,-1,2
68475,569656,77.984857,35755.814970,35755.923170,0, 0, 0, 0,-99.000000,-99.000000,-99.000000,-1,1
68475,569657,78.060848,35755.890961,35755.999161,1, 0, 0, 1,5.458385,-1.580382,0.886838,-1,2
68475,569658,78.096047,35755.926160,35756.034361,0, 0, 0, 0,-99.000000,-99.000000,-99.000000,-1,1
68475,569659,78.152168,35755.982281,35756.090481,0, 0, 0, 0,-99.000000,-99.000000,-99.000000,-1,1
68475,569660,78.242131,35756.072244,35756.180444,1, 0, 0, 1,1.597560,8.350693,5.917510,-1,2
68475,569661,78.456099,35756.286211,35756.394412,1, 0, 0, 1,6.118134,0.522266,-0.235610,-1,2
68475,569662,78.584161,35756.414273,35756.522475,1, 0, 0, 1,-3.200165,-1.071776,0.741814,-1,3
68475,569663,78.839982,35756.670093,35756.778295,1, 0, 0, 1,-7.165428,-2.537236,0.189853,-1,2
68475,569664,78.923413,35756.753525,35756.861727,1, 0, 0, 1,6.536387,-2.133337,-15.634342,-1,2
68475,569665,79.182042,35757.012153,35757.120355,0, 0, 0, 0,-99.000000,-99.000000,-99.000000,-1,1
68475,569666,79.199186,35757.029297,35757.137500,1, 0, 0, 1,-0.431224,-0.122535,19.376608,-1,2
68475,569667,79.602499,35757.432609,35757.540813,1, 0, 0, 1,-2.809367,-3.286543,11.276854,-1,2
68475,569668,79.657004,35757.487114,35757.595317,0, 0, 0, 0,-99.000000,-99.000000,-99.000000,-1,1
68475,569669,79.699372,35757.529482,35757.637686,1, 0, 0, 1,2.692162,-9.278057,-22.211117,-1,2
68475,569670,79.798838,35757.628948,35757.737152,1, 0, 0, 1,5.649461,5.223296,11.600421,-1,2
68475,569671,79.833804,35757.663913,35757.772117,1, 0, 0, 1,-9.284053,1.107094,-13.371771,-1,2
68475,569672,79.836512,35757.666621,35757.774825,1, 0, 0, 1,5.786917,-1.172184,3.865431,-1,2
68475,569673,80.050180,35757.880289,35757.988494,0, 0, 0, 0,-99.000000,-99.000000,-99.000000,-1,1
68475,569674,80.173393,35758.003502,35758.111706,0, 0, 0, 0,-99.000000,-99.000000,-99.000000,-1,1
68475,569675,80.568549,35758.398657,35758.506862,1, 0, 0, 1,-3.477175,-14.539782,14.914396,-1,2
68475,569676,80.629375,35758.459483,35758.567689,1, 0, 0, 1,3.539494,6.380779,16.226267,-1,2
68475,569677,80.805172,35758.635280,35758.743486,0, 0, 0, 0,-99.000000,-99.000000,-99.000000,-1,1
68475,569678,80.824848,35758.654956,35758.763162,0, 0, 0, 0,-99.000000,-99.000000,-99.000000,-1,1
68475,569679,80.833829,35758.663936,35758.772143,1, 0, 0, 1,-4.198460,-1.396325,-16.029370,-1,2
68475,569680,80.940507,35758.770614,35758.878821,0, 0, 0, 0,-99.000000,-99.000000,-99.000000,-1,0
68475,569681,80.964395,35758.794502,35758.902709,1, 0, 0, 1,-0.099437,2.141993,3.556689,-1,2
68475,569682,81.163124,35758.993231,35759.101438,1, 0, 0, 1,5.976707,-7.804032,-9.633337,-1,3
68475,569683,81.246069,35759.076175,35759.184382,0, 0, 0, 0,-99.000000,-99.000000,-99.000000,-1,0
68475,569684,81.315398,35759.145504,35759.253711,0, 0, 0, 0,-99.000000,-99.000000,-99.000000,-1,0
68475,569685,81.405350,35759.235456,35759.343664,0, 0, 0, 0,-99.000000,-99.000000,-99.000000,-1,1
68475,569686,81.466973,35759.297079,35759.405286,1, 0, 0, 1,-1.705936,-0.953148,16.946512,-1,2
68475,569687,81.703324,35759.533430,35759.641638,1, 0, 0, 1,7.809417,2.543834,-5.742784,-1,2
68475,569688,81.905886,35759.735991,35759.844199,1, 0, 0, 1,3.762098,4.917777,14.127947,-1,2
68475,569689,82.128103,35759.958208,35760.066416,0, 0, 0, 0,-99.000000,-99.000000,-99.000000,-1,1
68475,569690,82.352058,35760.182162,35760.290372,1, 0, 0, 1,-0.732073,0.616586,-10.054807,-1,2
68475,569691,82.474072,35760.304176,35760.412386,1, 0, 0, 1,4.012565,-2.408034,-14.318084,-1,7
68475,569692,82.494108,35760.324212,35760.432422,1, 0, 0, 1,7.667970,-1.551312,20.572528,-1,2
68475,569693,82.566743,35760.396847,35760.505056,1, 0, 0, 1,3.354806,-5.976158,-12.238611,-1,2
68475,569694,82.848042,35760.678145,35760.786356,1, 0, 0, 1,-7.692122,-2.857953,-15.564066,-1,2
68475,569695,83.077171,35760.907274,35761.015485,1, 0, 0, 1,-5.317989,-47.138697,-8.725743,-1,2
68475,569696,83.110090,35760.940193,35761.048404,0, 0, 0, 0,-99.000000,-99.000000,-99.000000,-1,1
68475,569697,83.237768,35761.067870,35761.176081,1, 0, 0, 1,-0.554857,8.262102,-19.689903,-1,2
68475,569698,83.310995,35761.141098,35761.249309,0, 0, 0, 0,-99.000000,-99.000000,-99.000000,-1,1
68475,569699,83.410342,35761.240444,35761.348656,0, 0, 0, 0,-99.000000,-99.000000,-99.000000,-1,1
68475,569700,83.417448,35761.247550,35761.355762,0, 0, 0, 0,-99.000000,-99.000000,-99.000000,-1,1
68475,569701,83.460490,35761.290592,35761.398803,1, 0, 0, 1,-7.893033,2.133633,13.308310,-1,2
68475,569702,83.532570,35761.362672,35761.470883,1, 0, 0, 1,-2.549014,-6.575777,4.212630,-1,2
68475,569703,83.593898,35761.424000,35761.532212,1, 0, 0, 1,-7.495152,-1.246664,12.588122,-1,2
68475,569704,83.765171,35761.595273,35761.703485,0, 0, 0, 0,-99.000000,-99.000000,-99.000000,-1,1
68475,569705,83.904826,35761.734927,35761.843140,1, 0, 0, 1,-2.526962,-6.333510,6.880513,-1,2
68475,569706,83.994099,35761.824200,35761.932412,1, 0, 0, 1,2.167538,-2.099515,13.188154,-1,2
68475,569707,84.068857,35761.898958,35762.007170,1, 0, 0, 1,2.388200,3.229205,7.878681,-1,2
68475,569708,84.125157,35761.955258,35762.063471,1, 0, 0, 1,7.882521,1.997444,-20.985433,-1,2
68475,569709,84.238591,35762.068691,35762.176904,0, 0, 0, 0,-99.000000,-99.000000,-99.000000,-1,1
68475,569710,84.321915,35762.152016,35762.260229,0, 0, 0, 0,-99.000000,-99.000000,-99.000000,-1,1
68475,569711,84.381226,35762.211326,35762.319539,1, 0, 0, 1,-3.577002,-9.919065,3.544341,-1,2
68475,569712,84.568085,35762.398185,35762.506399,1, 0, 0, 1,-4.343704,4.007187,-3.581298,-1,2
68475,569713,84.838859,35762.668958,35762.777173,1, 0, 0, 1,0.698910,-8.055651,11.948657,-1,2
68475,569714,84.865858,35762.695957,35762.804172,1, 0, 0, 1,-6.087159,0.052041,8.713920,-1,6
68475,569715,85.026459,35762.856558,35762.964772,1, 0, 0, 1,0.288513,-0.811079,-10.600219,-1,2
68475,569716,85.096150,35762.926248,35763.034463,1, 0, 0, 1,-3.251932,-2.748008,-12.493691,-1,2
68475,569717,85.110088,35762.940186,35763.048401,1, 0, 0, 1,3.589265,-0.373014,15.264737,-1,2
68475,569718,85.197985,35763.028083,35763.136298,0, 0, 0, 0,-99.000000,-99.000000,-99.000000,-1,0
68475,569719,85.239576,35763.069675,35763.177890,0, 0, 0, 0,-99.000000,-99.000000,-99.000000,-1,0
68475,569720,85.254400,35763.084498,35763.192713,0, 0, 0, 0,-99.000000,-99.000000,-99.000000,-1,1
68475,569721,85.299795,35763.129894,35763.238109,0, 0, 0, 0,-99.000000,-99.000000,-99.000000,-1,1
68475,569722,85.390031,35763.220129,35763.328344,1, 0, 0, 1,-1.028861,-1.430112,-18.274658,-1,2
68475,569723,85.464940,35763.295038,35763.403254,1, 0, 0, 1,-5.603590,6.952178,-8.139324,-1,2
68475,569724,85.698694,35763.528791,35763.637007,1, 0, 0, 1,3.877972,-5.899921,-22.784777,-1,2
68475,569725,85.807330,35763.637427,35763.745643,1, 0, 0, 1,1.350953,5.467399,-13.763152,-1,2
68475,569726,85.827859,35763.657956,35763.766172,0, 0, 0, 0,-99.000000,-99.000000,-99.000000,-1,1
68475,569727,85.862558,35763.692655,35763.800871,1, 0, 0, 1,-5.709126,-1.240184,-7.940295,-1,2
68475,569728,85.940853,35763.770950,35763.879166,0, 0, 0, 0,-99.000000,-99.000000,-99.000000,-1,1
68475,569729,85.957129,35763.787226,35763.895442,1, 0, 0, 1,2.276395,-2.642379,12.473703,-1,2
68475,569730,86.668493,35764.498588,35764.606806,1, 0, 0, 1,-5.692194,0.565169,22.925335,-1,2
68475,569731,86.869581,35764.699677,35764.807895,0, 0, 0, 0,-99.000000,-99.000000,-99.000000,-1,0
68475,569732,87.089027,35764.919121,35765.027340,1, 0, 0, 1,1.800571,-2.242452,-6.620141,-1,3
68475,569733,87.279083,35765.109177,35765.217396,1, 0, 0, 1,-7.197955,4.541546,10.939427,-1,2
68475,569734,87.545665,35765.375759,35765.483978,0, 0, 0, 0,-99.000000,-99.000000,-99.000000,-1,1
68475,569735,87.769242,35765.599336,35765.707556,0, 0, 0, 0,-99.000000,-99.000000,-99.000000,-1,1
68475,569736,87.911940,35765.742033,35765.850253,0, 0, 0, 0,-99.000000,-99.000000,-99.000000,-1,1
68475,569737,88.043718,35765.873811,35765.982032,1, 0, 0, 1,9.135105,4.698310,9.672042,-1,2
68475,569738,88.044440,35765.874533,35765.982754,1, 0, 0, 1,5.279749,1.213144,-10.197158,-1,2
68475,569739,88.046680,35765.876773,35765.984994,1, 0, 0, 1,-2.639608,0.494573,17.670553,-1,2
68475,569740,88.067783,35765.897876,35766.006097,0, 0, 0, 0,-99.000000,-99.000000,-99.000000,-1,1
68475,569741,88.259056,35766.089149,35766.197370,0, 0, 0, 0,-99.000000,-99.000000,-99.000000,-1,0
68475,569742,88.307873,35766.137965,35766.246186,0, 0, 0, 0,-99.000000,-99.000000,-99.000000,-1,1
68475,569743,88.578094,35766.408186,35766.516408,1, 0, 0, 1,-1.285443,6.227000,2.548725,-1,2
68475,569744,88.762173,35766.592264,35766.700487,0, 0, 0, 0,-99.000000,-99.000000,-99.000000,-1,0
68475,569745,88.920347,35766.750438,35766.858660,0, 0, 0, 0,-99.000000,-99.000000,-99.000000,-1,0
68475,569746,89.097269,35766.927360,35767.035583,1, 0, 0, 1,5.284724,0.831574,4.883417,-1,2
68475,569747,89.481376,35767.311466,35767.419690,0, 0, 0, 0,-99.000000,-99.000000,-99.000000,-1,1
68475,569748,89.567730,35767.397819,35767.506043,0, 0, 0, 0,-99.000000,-99.000000,-99.000000,-1,1
68475,569749,89.569883,35767.399973,35767.508197,1, 0, 0, 1,-8.218885,-2.481463,-16.805763,-1,2
68475,569750,89.688659,35767.518749,35767.626973,1, 0, 0, 1,-8.742492,11.264596,-5.472117,-1,2
68475,569751,89.775373,35767.605462,35767.713686,1, 0, 0, 1,6.339342,-3.710634,14.075563,-1,2
68475,569752,89.861095,35767.691184,35767.799408,1, 0, 0, 1,-3.971523,-6.634417,-2.094148,-1,2
68475,569753,89.951884,35767.781973,35767.890198,1, 0, 0, 1,5.058866,8.008830,-7.441510,-1,2
68475,569754,89.955899,35767.785988,35767.894213,0, 0, 0, 0,-99.000000,-99.000000,-99.000000,-1,1
68475,569755,90.110902,35767.940990,35768.049215,0, 0, 0, 0,-99.000000,-99.000000,-99.000000,-1,1
68475,569756,90.227029,35768.057117,35768.165342,1, 0, 0, 1,7.147168,-4.116014,-12.106664,-1,2
68475,569757,90.232034,35768.062122,35768.170347,1, 0, 0, 1,-3.107575,-0.529740,-12.832776,-1,2
68475,569758,90.317506,35768.147594,35768.255819,1, 0, 0, 1,1.953581,1.285089,7.845535,-1,2
68475,569759,90.345175,35768.175263,35768.283488,1, 0, 0, 1,2.432997,-10.645172,-6.498529,-1,2
68475,569760,90.357211,35768.187299,35768.295525,1, 0, 0, 1,-0.819278,-7.854709,-10.012514,-1,2
68475,569761,90.396050,35768.226138,35768.334363,1, 0, 0, 1,-4.427219,8.133427,-17.772282,-1,2
68475,569762,90.429945,35768.260032,35768.368258,0, 0, 0, 0,-99.000000,-99.000000,-99.000000,-1,1
68475,569763,90.571074,35768.401162,35768.509387,0, 0, 0, 0,-99.000000,-99.000000,-99.000000,-1,0
68475,569764,90.579403,35768.409490,35768.517716,0, 0, 0, 0,-99.000000,-99.000000,-99.000000,-1,0
68475,569765,90.716156,35768.546244,35768.654470,0, 0, 0, 0,-99.000000,-99.000000,-99.000000,-1,1
68475,569766,90.870099,35768.700186,35768.808413,1, 0, 0, 1,-3.009091,7.448442,-16.520692,-1,2
68475,569767,91.050712,35768.880799,35768.989026,0, 0, 0, 0,-99.000000,-99.000000,-99.000000,-1,1
68475,569768,91.136202,35768.966289,35769.074516,1, 0, 0, 1,-0.404592,-1.292149,-4.369824,-1,2
68475,569769,91.314570,35769.144656,35769.252884,1, 0, 0, 1,1.249969,-5.228161,2.435114,-1,2
68475,569770,91.450197,35769.280282,35769.388510,1, 0, 0, 1,-4.750795,5.168253,13.689883,-1,2
68475,569771,91.554764,35769.384850,35769.493077,0, 0, 0, 0,-99.000000,-99.000000,-99.000000,-1,0
68475,569772,91.720513,35769.550598,35769.658827,1, 0, 0, 1,7.507238,-1.814126,6.232757,-1,2
68475,569773,91.722549,35769.552635,35769.660863,1, 0, 0, 1,5.664354,-1.774005,15.272658,-1,2
68475,569774,91.761689,35769.591775,35769.700003,1, 0, 0, 1,-1.333387,-0.627998,4.059887,-1,2
68475,569775,91.829427,35769.659512,35769.767740,1, 0, 0, 1,-1.909091,-1.026775,2.577428,-1,2
68475,569776,92.010206,35769.840290,35769.948519,1, 0, 0, 1,-2.431326,-3.971151,13.811135,-1,2
68475,569777,92.079664,35769.909748,35770.017977,0, 0, 0, 0,-99.000000,-99.000000,-99.000000,-1,0
68475,569778,92.097403,35769.927487,35770.035716,1, 0, 0, 1,2.598497,3.254480,-15.597844,-1,2
68475,569779,92.124980,35769.955064,35770.063293,1, 0, 0, 1,6.937971,6.814696,-20.015053,-1,5
68475,569780,92.142386,35769.972470,35770.080699,1, 0, 0, 1,-0.105620,0.705692,-1.849719,-1,2
68475,569781,92.191543,35770.021628,35770.129857,1, 0, 0, 1,3.819611,-1.541736,11.050832,-1,2
68475,569782,92.192813,35770.022898,35770.131127,0, 0, 0, 0,-99.000000,-99.000000,-99.000000,-1,0
68475,569783,92.309026,35770.139110,35770.247340,1, 0, 0, 1,-0.019332,-4.759959,-12.690709,-1,6
68475,569784,92.313552,35770.143636,35770.251866,0, 0, 0, 0,-99.000000,-99.000000,-99.000000,-1,1
68475,569785,92.317429,35770.147513,35770.255742,1, 0, 0, 1,8.294817,3.807664,-11.813010,-1,2
68475,569786,92.505238,35770.335322,35770.443551,1, 0, 0, 1,0.759527,-6.019255,2.497969,-1,2
68475,569787,92.629784,35770.459867,35770.568097,0, 0, 0, 0,-99.000000,-99.000000,-99.000000,-1,1
68475,569788,92.652185,35770.482269,35770.590499,1, 0, 0, 1,-6.544424,4.119409,4.543105,-1,2
68475,569789,92.737268,35770.567351,35770.675581,0, 0, 0, 0,-99.000000,-99.000000,-99.000000,-1,1
68475,569790,92.771906,35770.601989,35770.710220,1, 0, 0, 1,4.458790,4.405834,-9.697234,-1,2
68475,569791,92.964912,35770.794995,35770.903225,1, 0, 0, 1,5.445602,-1.634985,-5.303169,-1,2
68475,569792,93.089313,35770.919395,35771.027626,1, 0, 0, 1,4.196370,4.358762,20.514755,-1,2
68475,569793,93.096963,35770.927046,35771.035277,1, 0, 0, 1,1.831994,-5.169840,-19.204959,-1,2
68475,569794,93.553849,35771.383931,35771.492163,1, 1, 0, 1,-3.099658,-1.226572,-19.765008,-1,4
68475,569795,93.720845,35771.550926,35771.659158,1, 0, 0, 1,-0.892456,4.030358,-14.008774,-1,2
68475,569796,93.819283,35771.649364,35771.757596,0, 0, 0, 0,-99.000000,-99.000000,-99.000000,-1,1
68475,569797,93.822771,35771.652852,35771.761085,0, 0, 0, 0,-99.000000,-99.000000,-99.000000,-1,0
68475,569798,94.080795,35771.910875,35772.019108,0, 0, 0, 0,-99.000000,-99.000000,-99.000000,-1,1
68475,569799,94.091566,35771.921646,35772.029879,1, 0, 0, 1,-2.242301,2.211525,-10.564634,-1,2
68475,569800,94.389322,35772.219402,35772.327636,1, 0, 0, 1,3.980012,-0.637152,-0.346982,-1,2
68475,569801,94.413664,35772.243744,35772.351978,0, 0, 0, 0,-99.000000,-99.000000,-99.000000,-1,1
68475,569802,94.421296,35772.251376,35772.359610,1, 0, 0, 1,-5.510103,4.141714,-1.477995,-1,2
68475,569803,94.846321,35772.676400,35772.784634,1, 0, 0, 1,3.589769,-2.284509,3.374761,-1,2
68475,569804,95.154448,35772.984526,35773.092761,1, 0, 0, 1,7.354687,2.583358,8.695121,-1,2
68475,569805,95.157059,35772.987137,35773.095373,1, 0, 0, 1,2.997633,0.493555,-15.223310,-1,2
68475,569806,95.209422,35773.039500,35773.147735,1, 0, 0, 1,-6.467127,2.524744,3.347558,-1,2
68475,569807,95.239474,35773.069552,35773.177788,1, 0, 0, 1,-4.916536,4.098331,2.760089,-1,2
68475,569808,95.329209,35773.159287,35773.267522,1, 0, 0, 1,-3.185515,-6.929143,9.794546,-1,2
68475,569809,95.348237,35773.178315,35773.286550,1, 0, 0, 1,1.415056,-0.010734,-2.505586,-1,2
68475,569810,95.435089,35773.265166,35773.373402,1, 0, 0, 1,4.156582,-0.841649,-2.355663,-1,2
68475,569811,95.494562,35773.324640,35773.432876,1, 0, 0, 1,-7.169635,-6.945973,-9.444302,-1,2
68475,569812,95.503032,35773.333109,35773.441345,0, 0, 0, 0,-99.000000,-99.000000,-99.000000,-1,1
68475,569813,95.592513,35773.422590,35773.530826,1, 0, 0, 1,1.216164,3.540023,8.575595,-1,2
68475,569814,95.701178,35773.531255,35773.639491,0, 0, 0, 0,-99.000000,-99.000000,-99.000000,-1,1
68475,569815,95.770736,35773.600813,35773.709049,0, 0, 0, 0,-99.000000,-99.000000,-99.000000,-1,1
68475,569816,95.969472,35773.799549,35773.907786,0, 0, 0, 0,-99.000000,-99.000000,-99.000000,-1,0
68475,569817,96.326949,35774.157025,35774.265263,1, 0, 0, 1,0.241424,17.694904,20.526999,-1,2
68475,569818,96.408694,35774.238770,35774.347008,0, 0, 0, 0,-99.000000,-99.000000,-99.000000,-1,1
68475,569819,96.424812,35774.254888,35774.363126,1, 0, 0, 1,-1.019869,-5.446306,8.853279,-1,2
68475,569820,96.426136,35774.256212,35774.364449,0, 0, 0, 0,-99.000000,-99.000000,-99.000000,-1,0
68475,569821,96.484376,35774.314452,35774.422689,0, 0, 0, 0,-99.000000,-99.000000,-99.000000,-1,0
68475,569822,96.570666,35774.400741,35774.508979,1, 0, 0, 1,0.622297,-3.233053,21.903807,-1,2
68475,569823,96.905289,35774.735364,35774.843602,0, 0, 0, 0,-99.000000,-99.000000,-99.000000,-1,1
68475,569824,97.016232,35774.846306,35774.954545,1, 0, 0, 1,4.604093,-2.878359,-8.084465,-1,2
68475,569825,97.066522,35774.896596,35775.004835,1, 0, 0, 1,-3.693411,-2.284722,2.182479,-1,2
68475,569826,97.096180,35774.926254,35775.034494,1, 0, 0, 1,2.995548,2.347344,-7.468902,-1,2
68475,569827,97.373828,35775.203902,35775.312141,0, 0, 0, 0,-99.000000,-99.000000,-99.000000,-1,1
68475,569828,97.674084,35775.504157,35775.612397,1, 0, 0, 1,2.018322,-1.813491,-19.373206,-1,2
68475,569829,97.676443,35775.506516,35775.614757,1, 0, 0, 1,-7.224518,1.233160,4.953062,-1,2
68475,569830,97.971261,35775.801334,35775.909575,0, 0, 0, 0,-99.000000,-99.000000,-99.000000,-1,1
68475,569831,98.006316,35775.836389,35775.944630,1, 0, 0, 1,2.645369,4.937281,12.129111,-1,2
68475,569832,98.071653,35775.901725,35776.009966,1, 0, 0, 1,-7.407086,6.858382,20.063354,-1,2
68475,569833,98.111672,35775.941745,35776.049986,0, 0, 0, 0,-99.000000,-99.000000,-99.000000,-1,1
68475,569834,98.281992,35776.112064,35776.220305,1, 0, 0, 1,5.014289,-5.980816,-17.153098,-1,2
68475,569835,98.329197,35776.159269,35776.267510,1, 0, 0, 1,-1.086889,-2.546357,-9.983103,-1,2
68475,569836,98.376571,35776.206643,35776.314885,1, 0, 0, 1,-7.668512,-23.011297,17.169067,-1,2
68475,569837,98.385178,35776.215250,35776.323491,0, 0, 0, 0,-99.000000,-99.000000,-99.000000,-1,1
68475,569838,98.601879,35776.431951,35776.540193,1, 0, 0, 1,4.332421,4.525822,-14.317276,-1,2
68475,569839,98.963932,35776.794002,35776.902245,0, 0, 0, 0,-99.000000,-99.000000,-99.000000,-1,1
68475,569840,99.174533,35777.004603,35777.112846,1, 0, 0, 1,2.188966,1.631802,-6.046118,-1,2
68475,569841,99.206540,35777.036610,35777.144854,0, 0, 0, 0,-99.000000,-99.000000,-99.000000,-1,1
68475,569842,99.262451,35777.092521,35777.200764,0, 0, 0, 0,-99.000000,-99.000000,-99.000000,-1,0
68475,569843,99.298878,35777.128947,35777.237191,0, 0, 0, 0,-99.000000,-99.000000,-99.000000,-1,1
68475,569844,99.357007,35777.187077,35777.295321,0, 0, 0, 0,-99.000000,-99.000000,-99.000000,-1,1
68475,569845,99.872098,35777.702167,35777.810411,0, 0, 0, 0,-99.000000,-99.000000,-99.000000,-1,0
68475,569846,99.952643,35777.782712,35777.890956,1, 0, 0, 1,0.336222,3.763690,8.556346,-1,2
68475,569847,99.985914,35777.815983,35777.924228,1, 0, 0, 1,-2.624659,-0.933317,-6.424502,-1,2
68475,569848,100.014404,35777.844472,35777.952717,0, 0, 0, 0,-99.000000,-99.000000,-99.000000,-1,1
68475,569849,100.166821,35777.996889,35778.105134,1, 0, 0, 1,7.825870,-2.814522,-12.448411,-1,2
68475,569850,100.209923,35778.039991,35778.148237,0, 0, 0, 0,-99.000000,-99.000000,-99.000000,-1,1
68475,569851,100.614395,35778.444462,35778.552708,1, 0, 0, 1,-1.642286,11.362879,16.114349,-1,2
68475,569852,100.700672,35778.530739,35778.638985,0, 0, 0, 0,-99.000000,-99.000000,-99.000000,-1,1
68475,569853,100.708018,35778.538085,35778.646332,1, 0, 0, 1,-6.704922,1.267739,-5.924995,-1,2
68475,569854,101.090843,35778.920909,35779.029157,1, 0, 0, 1,1.731620,-2.294382,16.652846,-1,2
68475,569855,101.204423,35779.034489,35779.142736,0, 0, 0, 0,-99.000000,-99.000000,-99.000000,-1,1
68475,569856,101.271440,35779.101506,35779.209754,1, 0, 0, 1,0.566581,3.182039,-12.467900,-1,2
68475,569857,101.326718,35779.156784,35779.265032,0, 0, 0, 0,-99.000000,-99.000000,-99.000000,-1,0
68475,569858,101.334721,35779.164786,35779.273034,1, 0, 0, 1,1.692196,5.232322,17.912216,-1,2
68475,569859,101.491421,35779.321486,35779.429734,0, 0, 0, 0,-99.000000,-99.000000,-99.000000,-1,1
68475,569860,101.511365,35779.341431,35779.449679,1, 0, 0, 1,0.147190,3.896968,-5.846279,-1,2
68475,569861,101.591683,35779.421748,35779.529996,1, 0, 0, 1,-2.031242,4.123374,-21.744833,-1,2
68475,569862,101.720088,35779.550153,35779.658401,0, 0, 0, 0,-99.000000,-99.000000,-99.000000,-1,1
68475,569863,101.843406,35779.673471,35779.781719,0, 0, 0, 0,-99.000000,-99.000000,-99.000000,-1,0
68475,569864,101.992511,35779.822576,35779.930825,1, 0, 0, 1,-1.169488,5.174219,8.990791,-1,2
68475,569865,102.093290,35779.923354,35780.031603,1, 0, 0, 1,-0.133592,4.180600,-5.294485,-1,3
68475,569866,102.198847,35780.028911,35780.137160,1, 0, 0, 1,-1.228259,0.238413,21.740445,-1,2
68475,569867,102.234761,35780.064825,35780.173074,1, 0, 0, 1,-3.189377,-2.161070,-19.533512,-1,2
68475,569868,102.299613,35780.129677,35780.237926,1, 0, 0, 1,5.868564,2.433784,-8.194350,-1,2
68475,569869,102.446313,35780.276377,35780.384627,1, 0, 0, 1,5.459423,-2.280220,10.277927,-1,2
68475,569870,102.598796,35780.428859,35780.537110,0, 0, 0, 0,-99.000000,-99.000000,-99.000000,-1,0
68475,569871,102.614654,35780.444717,35780.552968,1, 0, 0, 1,3.572150,-0.412656,1.220559,-1,2
68475,569872,102.656247,35780.486311,35780.594561,1, 0, 0, 1,6.839044,-3.512453,17.643906,-1,2
68475,569873,102.859793,35780.689856,35780.798107,0, 0, 0, 0,-99.000000,-99.000000,-99.000000,-1,0
68475,569874,102.910142,35780.740204,35780.848455,1, 0, 0, 1,2.061871,-3.515131,-9.847787,-1,2
68475,569875,103.051376,35780.881438,35780.989689,0, 0, 0, 0,-99.000000,-99.000000,-99.000000,-1,1
68475,569876,103.290060,35781.120122,35781.228373,1, 0, 0, 1,-0.370969,3.656135,-8.423740,-1,2
68475,569877,103.703618,35781.533679,35781.641932,1, 0, 0, 1,-2.732635,-6.271957,16.323730,-1,3
68475,569878,103.727279,35781.557340,35781.665592,1, 0, 0, 1,13.092019,6.332249,-24.511631,-1,2
68475,569879,103.799505,35781.629565,35781.737818,1, 0, 0, 1,-2.394505,7.472246,-12.415934,-1,2
68475,569880,103.842635,35781.672696,35781.780949,1, 0, 0, 1,5.251604,2.969063,8.437119,-1,2
68475,569881,103.854692,35781.684753,35781.793006,1, 0, 0, 1,2.910266,-1.684748,11.505353,-1,2
68475,569882,103.989730,35781.819790,35781.928043,1, 0, 0, 1,-2.669511,-1.698718,-3.473404,-1,2
68475,569883,104.041332,35781.871392,35781.979646,1, 0, 0, 1,-3.630131,-2.815632,-11.565671,-1,2
68475,569884,104.311068,35782.141127,35782.249381,0, 0, 0, 0,-99.000000,-99.000000,-99.000000,-1,0
68475,569885,104.445229,35782.275288,35782.383542,1, 0, 0, 1,-0.458748,1.747606,-13.919727,-1,2
68475,569886,104.519929,35782.349988,35782.458243,0, 0, 0, 0,-99.000000,-99.000000,-99.000000,-1,1
68475,569887,104.622187,35782.452246,35782.560500,0, 0, 0, 0,-99.000000,-99.000000,-99.000000,-1,1
68475,569888,104.680839,35782.510898,35782.619153,1, 0, 0, 1,8.614402,-3.084204,-5.169254,-1,2
68475,569889,104.791601,35782.621660,35782.729915,1, 0, 0, 1,5.772769,-7.761258,-8.970299,-1,2
68475,569890,104.965152,35782.795210,35782.903465,1, 0, 0, 1,3.478259,-5.960348,-13.218032,-1,2
68475,569891,105.015896,35782.845954,35782.954210,0, 0, 0, 0,-99.000000,-99.000000,-99.000000,-1,1
68475,569892,105.023823,35782.853881,35782.962137,1, 0, 0, 1,-1.126753,3.610264,-17.358327,-1,2
68475,569893,105.071727,35782.901785,35783.010040,0, 0, 0, 0,-99.000000,-99.000000,-99.000000,-1,1
68475,569894,105.122902,35782.952960,35783.061215,0, 0, 0, 0,-99.000000,-99.000000,-99.000000,-1,1
68475,569895,105.273618,35783.103676,35783.211932,1, 0, 0, 1,3.077609,-2.939668,-17.738484,-1,2
68475,569896,105.299979,35783.130037,35783.238293,0, 0, 0, 0,-99.000000,-99.000000,-99.000000,-1,1
68475,569897,105.609559,35783.439616,35783.547873,1, 0, 0, 1,-0.208810,-3.227983,10.123375,-1,2
68475,569898,105.610599,35783.440656,35783.548912,0, 0, 0, 0,-99.000000,-99.000000,-99.000000,-1,1
68475,569899,105.651560,35783.481617,35783.589873,1, 0, 0, 1,-4.812811,4.446510,4.252719,-1,2
68475,569900,105.722741,35783.552798,35783.661055,0, 0, 0, 0,-99.000000,-99.000000,-99.000000,-1,1
68475,569901,105.915583,35783.745640,35783.853897,0, 0, 0, 0,-99.000000,-99.000000,-99.000000,-1,1
68475,569902,106.041429,35783.871485,35783.979742,0, 0, 0, 0,-99.000000,-99.000000,-99.000000,-1,1
68475,569903,106.106133,35783.936189,35784.044446,0, 0, 0, 0,-99.000000,-99.000000,-99.000000,-1,1
68475,569904,106.231908,35784.061964,35784.170222,0, 0, 0, 0,-99.000000,-99.000000,-99.000000,-1,1
68475,569905,106.267067,35784.097123,35784.205381,1, 0, 0, 1,-3.287792,-2.390172,1.544031,-1,2
68475,569906,106.291765,35784.121821,35784.230079,1, 0, 0, 1,-5.899726,-3.943529,2.442108,-1,2
68475,569907,106.326408,35784.156464,35784.264722,1, 0, 0, 1,9.794329,5.787783,14.113724,-1,3
68475,569908,106.431098,35784.261153,35784.369411,1, 0, 0, 1,-0.947123,4.287256,-5.485982,-1,2
68475,569909,106.466688,35784.296743,35784.405001,1, 0, 0, 1,2.906703,-1.169917,17.412361,-1,2
68475,569910,106.824243,35784.654298,35784.762556,0, 0, 0, 0,-99.000000,-99.000000,-99.000000,-1,1
68475,569911,106.827875,35784.657929,35784.766188,0, 0, 0, 0,-99.000000,-99.000000,-99.000000,-1,0
68475,569912,106.832641,35784.662695,35784.770954,1, 0, 0, 1,0.518846,6.461656,-17.383003,-1,2
68475,569913,106.869907,35784.699961,35784.808220,1, 1, 1, 1,0.535087,0.463826,-3.376569,-1,3
68475,569914,107.098436,35784.928490,35785.036750,1, 0, 0, 1,0.494734,-7.566715,8.937722,-1,3
68475,569915,107.192819,35785.022873,35785.131132,0, 0, 0, 0,-99.000000,-99.000000,-99.000000,-1,0
68475,569916,107.256467,35785.086520,35785.194780,1, 0, 0, 1,-2.511084,-1.114082,8.567956,-1,2
68475,569917,107.291817,35785.121871,35785.230131,0, 0, 0, 0,-99.000000,-99.000000,-99.000000,-1,0
68475,569918,107.308271,35785.138325,35785.246585,1, 0, 0, 1,5.816363,-5.738795,21.770013,-1,2
68475,569919,107.363806,35785.193859,35785.302119,0, 0, 0, 0,-99.000000,-99.000000,-99.000000,-1,1
68475,569920,107.368731,35785.198785,35785.307045,0, 0, 0, 0,-99.000000,-99.000000,-99.000000,-1,1
68475,569921,107.640201,35785.470254,35785.578515,1, 0, 0, 1,-5.904640,1.630310,11.405760,-1,2
68475,569922,107.745293,35785.575346,35785.683606,1, 0, 0, 1,2.024567,1.275157,1.040001,-1,2
68475,569923,107.805311,35785.635364,35785.743625,1, 0, 0, 1,-5.923924,3.265081,7.949571,-1,2
68475,569924,107.878513,35785.708566,35785.816827,1, 0, 0, 1,0.770952,7.582469,-8.263300,-1,3
68475,569925,108.046847,35785.876899,35785.985160,1, 0, 0, 1,0.096638,6.686436,-16.529844,-1,2
68475,569926,108.119994,35785.950046,35786.058308,1, 0, 0, 1,-8.820780,9.969264,-13.500959,-1,2
68475,569927,108.349593,35786.179645,35786.287907,0, 0, 0, 0,-99.000000,-99.000000,-99.000000,-1,1
68475,569928,108.427917,35786.257968,35786.366230,1, 0, 0, 1,2.445746,-6.327433,-1.967117,-1,2
68475,569929,108.439060,35786.269111,35786.377373,1, 0, 0, 1,-8.789283,-0.163822,1.318995,-1,3
68475,569930,108.506275,35786.336326,35786.444588,0, 0, 0, 0,-99.000000,-99.000000,-99.000000,-1,0
68475,569931,108.587939,35786.417990,35786.526253,0, 0, 0, 0,-99.000000,-99.000000,-99.000000,-1,0
68475,569932,108.615281,35786.445332,35786.553594,0, 0, 0, 0,-99.000000,-99.000000,-99.000000,-1,0
68475,569933,108.733237,35786.563287,35786.671550,0, 0, 0, 0,-99.000000,-99.000000,-99.000000,-1,0
68475,569934,108.760801,35786.590851,35786.699114,1, 0, 0, 1,-1.843277,-5.897496,-4.308031,-1,2
68475,569935,108.793533,35786.623584,35786.731847,1, 0, 0, 1,6.942245,-2.293841,-12.572872,-1,2
68475,569936,108.822163,35786.652213,35786.760476,1, 0, 0, 1,-4.189282,9.669937,-6.040500,-1,2
68475,569937,108.895138,35786.725188,35786.833451,1, 0, 0, 1,-5.954202,4.630364,2.013887,-1,2
68475,569938,108.941775,35786.771825,35786.880088,0, 0, 0, 0,-99.000000,-99.000000,-99.000000,-1,1
68475,569939,109.015010,35786.845060,35786.953324,1, 0, 0, 1,-7.399052,-6.793929,6.153750,-1,2
68475,569940,109.195595,35787.025645,35787.133909,1, 0, 0, 1,1.483251,-2.379959,-2.579331,-1,2
68475,569941,109.220748,35787.050798,35787.159061,1, 0, 0, 1,-7.986870,2.819524,-5.395974,-1,2
68475,569942,109.327459,35787.157508,35787.265772,0, 0, 0, 0,-99.000000,-99.000000,-99.000000,-1,1
68475,569943,109.368948,35787.198997,35787.307261,0, 0, 0, 0,-99.000000,-99.000000,-99.000000,-1,0
68475,569944,109.408783,35787.238833,35787.347097,0, 0, 0, 0,-99.000000,-99.000000,-99.000000,-1,1
68475,569945,109.688589,35787.518638,35787.626902,0, 0, 0, 0,-99.000000,-99.000000,-99.000000,-1,1
68475,569946,109.824397,35787.654445,35787.762710,1, 0, 0, 1,-5.095084,-1.816281,20.116094,-1,2
68475,569947,109.882720,35787.712768,35787.821033,0, 0, 0, 0,-99.000000,-99.000000,-99.000000,-1,1
68475,569948,110.297809,35788.127856,35788.236122,0, 0, 0, 0,-99.000000,-99.000000,-99.000000,-1,1
68475,569949,110.333228,35788.163275,35788.271541,0, 0, 0, 0,-99.000000,-99.000000,-99.000000,-1,1
68475,569950,110.363822,35788.193870,35788.302136,1, 0, 0, 1,-3.417714,3.396779,-9.560654,-1,2
68475,569951,110.503644,35788.333691,35788.441958,1, 0, 0, 1,2.776247,6.187373,8.563025,-1,2
68475,569952,110.667761,35788.497808,35788.606075,1, 0, 0, 1,-5.586679,2.852977,-11.930273,-1,2
68475,569953,110.802875,35788.632921,35788.741188,1, 0, 0, 1,5.623245,0.382282,4.231716,-1,2
68475,569954,110.962047,35788.792093,35788.900361,1, 0, 0, 1,-4.817637,-2.724986,-8.499753,-1,2
68475,569955,111.184451,35789.014497,35789.122764,0, 0, 0, 0,-99.000000,-99.000000,-99.000000,-1,1
68475,569956,111.221478,35789.051524,35789.159792,1, 0, 0, 1,0.051288,1.512697,4.762045,-1,2
68475,569957,111.315431,35789.145477,35789.253745,1, 0, 0, 1,-0.395655,10.080687,-12.493251,-1,2
68475,569958,111.598931,35789.428975,35789.537244,1, 0, 0, 1,-4.254101,5.541496,-4.195225,-1,2
68475,569959,112.014552,35789.844596,35789.952865,0, 0, 0, 0,-99.000000,-99.000000,-99.000000,-1,0
68475,569960,112.077945,35789.907989,35790.016258,0, 0, 0, 0,-99.000000,-99.000000,-99.000000,-1,0
68475,569961,112.214231,35790.044275,35790.152545,1, 0, 0, 1,5.049496,-0.952240,-14.053828,-1,2
68475,569962,112.506420,35790.336463,35790.444733,1, 0, 0, 1,1.702372,-1.161357,9.067236,-1,2
68475,569963,112.522301,35790.352344,35790.460615,0, 0, 0, 0,-99.000000,-99.000000,-99.000000,-1,1
68475,569964,112.658705,35790.488748,35790.597018,0, 0, 0, 0,-99.000000,-99.000000,-99.000000,-1,1
68475,569965,112.714100,35790.544142,35790.652413,1, 0, 0, 1,2.648969,-4.040603,-18.438611,-1,2
68475,569966,112.793731,35790.623773,35790.732044,1, 0, 0, 1,-1.966468,1.026402,-12.708024,-1,2
68475,569967,113.213728,35791.043770,35791.152042,1, 0, 0, 1,-4.372345,-6.460477,-17.859521,-1,2
68475,569968,113.293861,35791.123903,35791.232175,1, 0, 0, 1,2.763387,6.619910,3.793119,-1,2
68475,569969,113.388120,35791.218161,35791.326434,0, 0, 0, 0,-99.000000,-99.000000,-99.000000,-1,0
68475,569970,113.427202,35791.257243,35791.365516,1, 0, 0, 1,-1.602871,-5.375982,19.124519,-1,2
68475,569971,113.505866,35791.335907,35791.444180,0, 0, 0, 0,-99.000000,-99.000000,-99.000000,-1,1
68475,569972,113.649875,35791.479916,35791.588188,0, 0, 0, 0,-99.000000,-99.000000,-99.000000,-1,0
68475,569973,113.710831,35791.540872,35791.649144,1, 0, 0, 1,-3.290435,-1.611966,13.517798,-1,2
68475,569974,113.725935,35791.555975,35791.664248,1, 0, 0, 1,6.135567,-0.433847,-17.858323,-1,2
68475,569975,113.764194,35791.594234,35791.702508,1, 0, 0, 1,-0.229570,-8.222638,-3.178308,-1,2
68475,569976,113.951227,35791.781267,35791.889541,1, 0, 0, 1,-6.603418,-4.349463,-14.496093,-1,2
68475,569977,113.981961,35791.812001,35791.920275,1, 0, 0, 1,6.242444,-0.268420,-19.403941,-1,2
68475,569978,114.164675,35791.994715,35792.102988,0, 0, 0, 0,-99.000000,-99.000000,-99.000000,-1,1
68475,569979,114.413483,35792.243522,35792.351797,0, 0, 0, 0,-99.000000,-99.000000,-99.000000,-1,1
68475,569980,114.435920,35792.265959,35792.374234,0, 0, 0, 0,-99.000000,-99.000000,-99.000000,-1,1
68475,569981,114.455838,35792.285878,35792.394152,0, 0, 0, 0,-99.000000,-99.000000,-99.000000,-1,1
68475,569982,114.462634,35792.292673,35792.400948,1, 0, 0, 1,0.123194,0.929179,-1.928355,-1,2
68475,569983,114.468299,35792.298338,35792.406612,1, 0, 0, 1,2.499861,-0.688640,-3.941157,-1,2
68475,569984,114.581597,35792.411636,35792.519911,1, 0, 0, 1,-0.841121,3.853217,-13.199967,-1,2
68475,569985,114.654152,35792.484191,35792.592466,0, 0, 0, 0,-99.000000,-99.000000,-99.000000,-1,0
68475,569986,115.307963,35793.138001,35793.246277,1, 0, 0, 1,-1.663596,-1.815779,-0.355984,-1,2
68475,569987,115.326987,35793.157024,35793.265300,1, 0, 0, 1,-4.979680,7.418247,15.726166,-1,2
68475,569988,115.501468,35793.331505,35793.439781,1, 0, 0, 1,-0.802656,-8.567851,17.542301,-1,2
68475,569989,115.770268,35793.600304,35793.708581,1, 0, 0, 1,3.164997,-7.336376,20.990782,-1,2
68475,569990,115.811157,35793.641193,35793.749470,0, 0, 0, 0,-99.000000,-99.000000,-99.000000,-1,0
68475,569991,115.811319,35793.641356,35793.749633,0, 0, 0, 0,-99.000000,-99.000000,-99.000000,-1,0
68475,569992,115.872204,35793.702240,35793.810517,0, 0, 0, 0,-99.000000,-99.000000,-99.000000,-1,0
68475,569993,116.040306,35793.870342,35793.978619,1, 0, 0, 1,2.703969,1.040568,-11.263915,-1,2
68475,569994,116.158411,35793.988446,35794.096724,1, 0, 0, 1,8.102262,2.218889,-20.207761,-1,3
68475,569995,116.336370,35794.166405,35794.274683,1, 0, 0, 1,2.621709,-2.217168,8.102201,-1,2
68475,569996,116.403311,35794.233346,35794.341624,1, 0, 0, 1,-2.454988,7.882415,12.381726,-1,2
68475,569997,116.538191,35794.368226,35794.476505,0, 0, 0, 0,-99.000000,-99.000000,-99.000000,-1,1
68475,569998,116.559607,35794.389642,35794.497920,1, 0, 0, 1,6.403172,4.408883,-0.271976,-1,2
68475,569999,116.809196,35794.639230,35794.747510,1, 0, 0, 1,-0.121695,8.079847,15.024327,-1,2
68475,570000,116.881362,35794.711396,35794.819675,1, 0, 0, 1,8.159506,-2.414851,-3.532028,-1,2
68475,570001,116.975747,35794.805781,35794.914061,0, 0, 0, 0,-99.000000,-99.000000,-99.000000,-1,1
68475,570002,117.067155,35794.897189,35795.005469,1, 0, 0, 1,-0.462182,3.226525,-16.256043,-1,2
68475,570003,117.121415,35794.951449,35795.059729,1, 0, 0, 1,8.247127,-1.339856,11.931004,-1,3
68475,570004,117.150230,35794.980264,35795.088544,0, 0, 0, 0,-99.000000,-99.000000,-99.000000,-1,1
68475,570005,117.210874,35795.040908,35795.149188,0, 0, 0, 0,-99.000000,-99.000000,-99.000000,-1,1
68475,570006,117.486578,35795.316611,35795.424892,1, 0, 0, 1,5.770954,4.568318,-6.656252,-1,2
68475,570007,117.573420,35795.403452,35795.511733,1, 0, 0, 1,2.561657,5.159127,-17.297884,-1,2
68475,570008,117.638188,35795.468221,35795.576502,0, 0, 0, 0,-99.000000,-99.000000,-99.000000,-1,1
68475,570009,117.694225,35795.524258,35795.632539,1, 0, 0, 1,5.845769,-4.949232,3.217994,-1,2
68475,570010,117.914281,35795.744313,35795.852594,1, 0, 0, 1,0.409030,-2.736071,11.264337,-1,2
68475,570011,118.019886,35795.849918,35795.958199,0, 0, 0, 0,-99.000000,-99.000000,-99.000000,-1,1
68475,570012,118.053306,35795.883338,35795.991619,1, 0, 0, 1,-0.889791,1.556875,14.027945,-1,2
68475,570013,118.187762,35796.017794,35796.126075,1, 0, 0, 1,2.139604,-6.351149,-21.414191,-1,2
68475,570014,118.301115,35796.131146,35796.239429,0, 0, 0, 0,-99.000000,-99.000000,-99.000000,-1,0
68475,570015,118.336724,35796.166755,35796.275037,1, 0, 0, 1,3.607121,-0.836141,-16.698129,-1,2
68475,570016,118.380798,35796.210829,35796.319111,1, 0, 0, 1,-3.205485,0.106777,-6.578700,-1,2
68475,570017,118.405386,35796.235417,35796.343699,1, 0, 0, 1,-5.177949,-2.737308,12.653782,-1,2
68475,570018,118.542314,35796.372345,35796.480628,0, 0, 0, 0,-99.000000,-99.000000,-99.000000,-1,1
68475,570019,118.628653,35796.458684,35796.566967,1, 0, 0, 1,2.860056,-0.179607,4.388984,-1,2
68475,570020,118.661574,35796.491605,35796.599888,1, 0, 0, 1,-3.309941,3.483034,14.095587,-1,2
68475,570021,118.770338,35796.600368,35796.708651,1, 0, 0, 1,4.789391,4.510503,14.737280,-1,2
68475,570022,118.773611,35796.603642,35796.711925,1, 0, 0, 1,8.292317,-5.639009,10.849060,-1,2
68475,570023,118.787301,35796.617331,35796.725615,0, 0, 0, 0,-99.000000,-99.000000,-99.000000,-1,1
68475,570024,118.795242,35796.625272,35796.733555,1, 0, 0, 1,1.430769,-1.630155,-10.759964,-1,2
68475,570025,118.964503,35796.794533,35796.902816,0, 0, 0, 0,-99.000000,-99.000000,-99.000000,-1,1
68475,570026,119.043204,35796.873234,35796.981518,1, 0, 0, 1,0.599517,1.932649,4.044869,-1,2
68475,570027,119.239043,35797.069073,35797.177357,0, 0, 0, 0,-99.000000,-99.000000,-99.000000,-1,1
68475,570028,119.245349,35797.075379,35797.183663,1, 0, 0, 1,6.736261,-2.160893,-15.965529,-1,2
68475,570029,119.321871,35797.151900,35797.260184,0, 0, 0, 0,-99.000000,-99.000000,-99.000000,-1,1
68475,570030,119.394257,35797.224286,35797.332571,0, 0, 0, 0,-99.000000,-99.000000,-99.000000,-1,1
68475,570031,119.510045,35797.340074,35797.448358,1, 0, 0, 1,-4.455523,4.777232,-13.457137,-1,3
68475,570032,119.524453,35797.354481,35797.462766,0, 0, 0, 0,-99.000000,-99.000000,-99.000000,-1,1
68475,570033,119.537092,35797.367121,35797.475406,1, 0, 0, 1,-3.398626,-0.079743,20.829250,-1,2
68475,570034,119.593348,35797.423377,35797.531662,0, 0, 0, 0,-99.000000,-99.000000,-99.000000,-1,0
68475,570035,119.946530,35797.776558,35797.884844,1, 0, 0, 1,1.010894,-1.940291,-15.789561,-1,2
68475,570036,120.115420,35797.945448,35798.053734,1, 0, 0, 1,-3.508411,-1.570945,1.612293,-1,2
68475,570037,120.117587,35797.947615,35798.055900,0, 0, 0, 0,-99.000000,-99.000000,-99.000000,-1,0
68475,570038,120.138599,35797.968627,35798.076912,0, 0, 0, 0,-99.000000,-99.000000,-99.000000,-1,1
68475,570039,120.191606,35798.021634,35798.129920,0, 0, 0, 0,-99.000000,-99.000000,-99.000000,-1,1
68475,570040,120.232931,35798.062958,35798.171245,1, 0, 0, 1,1.041638,-1.235018,13.276480,-1,2
68475,570041,120.491862,35798.321889,35798.430176,1, 0, 0, 1,-5.844119,1.494114,-5.181238,-1,2
68475,570042,120.788512,35798.618539,35798.726826,0, 0, 0, 0,-99.000000,-99.000000,-99.000000,-1,0
68475,570043,120.820481,35798.650507,35798.758795,1, 0, 0, 1,6.214781,-3.619195,0.640913,-1,2
68475,570044,120.980961,35798.810987,35798.919275,0, 0, 0, 0,-99.000000,-99.000000,-99.000000,-1,0
68475,570045,121.252892,35799.082917,35799.191205,0, 0, 0, 0,-99.000000,-99.000000,-99.000000,-1,0
68475,570046,121.460334,35799.290359,35799.398647,1, 0, 0, 1,-1.358864,-7.754708,-9.082064,-1,2
68475,570047,121.666853,35799.496878,35799.605167,1, 0, 0, 1,-2.049435,4.770089,-21.795495,-1,2
68475,570048,121.675553,35799.505578,35799.613867,0, 0, 0, 0,-99.000000,-99.000000,-99.000000,-1,1
68475,570049,121.686708,35799.516733,35799.625022,0, 0, 0, 0,-99.000000,-99.000000,-99.000000,-1,0
68475,570050,121.768947,35799.598971,35799.707260,0, 0, 0, 0,-99.000000,-99.000000,-99.000000,-1,0
68475,570051,121.823243,35799.653267,35799.761556,1, 0, 0, 1,-0.685038,4.170068,-17.084361,-1,2
68475,570052,121.878098,35799.708122,35799.816411,1, 0, 0, 1,3.849372,-10.783888,-5.751985,-1,2
68475,570053,121.964366,35799.794390,35799.902679,0, 0, 0, 0,-99.000000,-99.000000,-99.000000,-1,0
68475,570054,121.965818,35799.795842,35799.904132,0, 0, 0, 0,-99.000000,-99.000000,-99.000000,-1,1
68475,570055,122.197872,35800.027896,35800.136186,0, 0, 0, 0,-99.000000,-99.000000,-99.000000,-1,1
68475,570056,122.440889,35800.270912,35800.379203,0, 0, 0, 0,-99.000000,-99.000000,-99.000000,-1,1
68475,570057,122.600852,35800.430875,35800.539165,1, 0, 0, 1,3.849735,-0.839351,6.450537,-1,2
68475,570058,122.632473,35800.462496,35800.570787,1, 0, 0, 1,5.977225,-2.232845,3.890154,-1,2
68475,570059,122.657424,35800.487447,35800.595738,0, 0, 0, 0,-99.000000,-99.000000,-99.000000,-1,1
68475,570060,122.674991,35800.505013,35800.613304,0, 0, 0, 0,-99.000000,-99.000000,-99.000000,-1,1
68475,570061,122.691380,35800.521402,35800.629693,1, 0, 0, 1,7.886571,-1.489397,-17.006926,-1,2
68475,570062,122.818041,35800.648063,35800.756355,1, 0, 0, 1,-4.740418,-8.043165,15.737039,-1,2
68475,570063,122.956717,35800.786739,35800.895031,0, 0, 0, 0,-99.000000,-99.000000,-99.000000,-1,1
68475,570064,123.087304,35800.917326,35801.025618,1, 0, 0, 1,-0.584271,3.452894,8.281274,-1,2
68475,570065,123.128898,35800.958920,35801.067212,1, 0, 0, 1,-0.207586,-6.308255,11.323850,-1,2
68475,570066,123.149645,35800.979666,35801.087959,1, 0, 0, 1,-2.827393,-8.565184,-5.526980,-1,2
68475,570067,123.162931,35800.992953,35801.101245,1, 0, 0, 1,1.225500,-1.844067,10.956459,-1,2
68475,570068,123.216288,35801.046309,35801.154602,1, 0, 0, 1,6.540303,-0.655738,8.290163,-1,2
68475,570069,123.244971,35801.074992,35801.183284,1, 0, 0, 1,2.898857,3.215261,11.888027,-1,2
68475,570070,123.284189,35801.114211,35801.222503,0, 0, 0, 0,-99.000000,-99.000000,-99.000000,-1,0
68475,570071,123.431279,35801.261300,35801.369592,0, 0, 0, 0,-99.000000,-99.000000,-99.000000,-1,1
68475,570072,123.457223,35801.287244,35801.395537,1, 0, 0, 1,-3.366151,7.448171,-16.202445,-1,2
68475,570073,123.605785,35801.435806,35801.544099,0, 0, 0, 0,-99.000000,-99.000000,-99.000000,-1,1
68475,570074,123.685681,35801.515701,35801.623994,0, 0, 0, 0,-99.000000,-99.000000,-99.000000,-1,1
68475,570075,123.968182,35801.798202,35801.906496,0, 0, 0, 0,-99.000000,-99.000000,-99.000000,-1,1
68475,570076,123.988490,35801.818510,35801.926803,1, 0, 0, 1,3.222409,2.434474,-21.257690,-1,2
68475,570077,123.999682,35801.829701,35801.937995,0, 0, 0, 0,-99.000000,-99.000000,-99.000000,-1,1
68475,570078,124.258342,35802.088361,35802.196655,1, 0, 0, 1,-2.740369,-7.140643,22.552861,-1,2
68475,570079,124.296578,35802.126597,35802.234892,0, 0, 0, 0,-99.000000,-99.000000,-99.000000,-1,1
68475,570080,124.344059,35802.174078,35802.282372,0, 0, 0, 0,-99.000000,-99.000000,-99.000000,-1,1
68475,570081,124.349070,35802.179089,35802.287384,1, 0, 0, 1,-0.793179,0.987184,3.360658,-1,2
68475,570082,124.420862,35802.250881,35802.359175,0, 0, 0, 0,-99.000000,-99.000000,-99.000000,-1,1
68475,570083,124.514795,35802.344814,35802.453108,1, 0, 0, 1,-5.932880,0.008611,0.945139,-1,2
68475,570084,124.544166,35802.374184,35802.482479,1, 0, 0, 1,-5.094819,5.181286,-13.590597,-1,2
68475,570085,124.616374,35802.446392,35802.554687,1, 0, 0, 1,-6.796954,-0.170150,-5.186773,-1,2
68475,570086,124.713942,35802.543960,35802.652255,0, 0, 0, 0,-99.000000,-99.000000,-99.000000,-1,1
68475,570087,124.763194,35802.593212,35802.701508,1, 0, 0, 1,0.472893,-2.912836,-3.804473,-1,2
68475,570088,124.866300,35802.696318,35802.804613,1, 0, 0, 1,2.823316,-4.192140,-3.686999,-1,2
68475,570089,125.124099,35802.954116,35803.062412,0, 0, 0, 0,-99.000000,-99.000000,-99.000000,-1,1
68475,570090,125.176036,35803.006054,35803.114350,1, 0, 0, 1,0.345763,1.593978,3.695829,-1,2
68475,570091,125.275577,35803.105594,35803.213890,1, 0, 0, 1,-5.315424,-0.653077,-1.303533,-1,2
68475,570092,125.295800,35803.125817,35803.234113,0, 0, 0, 0,-99.000000,-99.000000,-99.000000,-1,0
68475,570093,125.536326,35803.366342,35803.474639,1, 0, 0, 1,-0.776196,-3.528559,-3.080268,-1,2
68475,570094,125.729223,35803.559239,35803.667537,1, 0, 0, 1,6.411694,11.662546,-15.225630,-1,2
68475,570095,125.831158,35803.661174,35803.769471,0, 0, 0, 0,-99.000000,-99.000000,-99.000000,-1,1
68475,570096,125.860916,35803.690932,35803.799230,1, 1, 0, 1,1.532320,2.744802,-7.117266,-1,5
68475,570097,125.872650,35803.702666,35803.810963,1, 0, 0, 1,5.938855,-2.295377,-11.125887,-1,2
68475,570098,125.960807,35803.790823,35803.899120,1, 0, 0, 1,-4.259477,-0.056208,8.794120,-1,2
68475,570099,126.036302,35803.866318,35803.974616,0, 0, 0, 0,-99.000000,-99.000000,-99.000000,-1,1
68475,570100,126.176348,35804.006364,35804.114662,0, 0, 0, 0,-99.000000,-99.000000,-99.000000,-1,1
68475,570101,126.233754,35804.063769,35804.172068,0, 0, 0, 0,-99.000000,-99.000000,-99.000000,-1,1
68475,570102,126.259426,35804.089441,35804.197740,1, 0, 0, 1,5.473338,2.273628,0.776088,-1,2
68475,570103,126.542348,35804.372362,35804.480661,1, 0, 0, 1,9.095871,-12.243298,8.966442,-1,2
68475,570104,126.627569,35804.457584,35804.565883,0, 0, 0, 0,-99.000000,-99.000000,-99.000000,-1,1
68475,570105,126.748415,35804.578429,35804.686728,0, 0, 0, 0,-99.000000,-99.000000,-99.000000,-1,0
68475,570106,126.756815,35804.586829,35804.695128,1, 0, 0, 1,7.983607,2.258061,-3.359665,-1,2
68475,570107,126.885577,35804.715591,35804.823891,1, 0, 0, 1,4.239854,5.393448,-5.854307,-1,2
68475,570108,127.002092,35804.832105,35804.940405,1, 0, 0, 1,-9.926310,-22.034644,16.734292,-1,2
68475,570109,127.175894,35805.005907,35805.114207,1, 0, 0, 1,5.304726,-0.728925,16.256615,-1,2
68475,570110,127.516740,35805.346753,35805.455054,1, 0, 0, 1,-3.061215,4.628878,-3.829864,-1,2
68475,570111,127.704928,35805.534940,35805.643242,0, 0, 0, 0,-99.000000,-99.000000,-99.000000,-1,1
68475,570112,127.791864,35805.621876,35805.730177,0, 0, 0, 0,-99.000000,-99.000000,-99.000000,-1,0
68475,570113,127.807740,35805.637752,35805.746054,1, 0, 0, 1,-0.154378,2.287279,-18.714722,-1,2
68475,570114,127.828581,35805.658593,35805.766894,0, 0, 0, 0,-99.000000,-99.000000,-99.000000,-1,1
68475,570115,127.844845,35805.674857,35805.783158,0, 0, 0, 0,-99.000000,-99.000000,-99.000000,-1,1
68475,570116,127.968094,35805.798106,35805.906408,1, 0, 0, 1,7.256082,0.763258,-11.807538,-1,2
68475,570117,128.068944,35805.898956,35806.007258,0, 0, 0, 0,-99.000000,-99.000000,-99.000000,-1,0
68475,570118,128.074033,35805.904045,35806.012347,1, 0, 0, 1,0.174300,2.143920,6.287490,-1,2
68475,570119,128.230200,35806.060212,35806.168514,0, 0, 0, 0,-99.000000,-99.000000,-99.000000,-1,0
68475,570120,128.350870,35806.180881,35806.289183,1, 0, 0, 1,-1.725328,9.999981,-13.925592,-1,3
68475,570121,128.615479,35806.445490,35806.553793,0, 0, 0, 0,-99.000000,-99.000000,-99.000000,-1,1
68475,570122,128.698436,35806.528446,35806.636749,0, 0, 0, 0,-99.000000,-99.000000,-99.000000,-1,0
68475,570123,128.707849,35806.537859,35806.646162,0, 0, 0, 0,-99.000000,-99.000000,-99.000000,-1,1
68475,570124,128.721966,35806.551976,35806.660280,1, 0, 0, 1,-6.553482,1.240677,-11.503055,-1,2
68475,570125,128.803661,35806.633671,35806.741975,0, 0, 0, 0,-99.000000,-99.000000,-99.000000,-1,1
68475,570126,129.052729,35806.882739,35806.991043,1, 0, 0, 1,3.201312,-8.926897,18.264172,-1,2
68475,570127,129.072869,35806.902879,35807.011183,0, 0, 0, 0,-99.000000,-99.000000,-99.000000,-1,0
68475,570128,129.164414,35806.994423,35807.102727,1, 0, 0, 1,-3.193575,-3.395737,4.560171,-1,2
68475,570129,129.244664,35807.074674,35807.182978,0, 0, 0, 0,-99.000000,-99.000000,-99.000000,-1,1
68475,570130,129.400637,35807.230646,35807.338951,1, 0, 0, 1,-3.276549,1.043087,14.913153,-1,2
68475,570131,129.528284,35807.358293,35807.466598,1, 0, 0, 1,8.111932,-1.803443,-3.705214,-1,2
68475,570132,129.553564,35807.383572,35807.491877,0, 0, 0, 0,-99.000000,-99.000000,-99.000000,-1,1
68475,570133,129.617473,35807.447481,35807.555786,1, 0, 0, 1,9.923084,-4.061955,17.075274,-1,2
68475,570134,129.769320,35807.599328,35807.707634,0, 0, 0, 0,-99.000000,-99.000000,-99.000000,-1,0
68475,570135,130.005359,35807.835366,35807.943672,0, 0, 0, 0,-99.000000,-99.000000,-99.000000,-1,1
68475,570136,130.079819,35807.909827,35808.018133,1, 0, 0, 1,-5.469490,-1.215029,2.768560,-1,2
68475,570137,130.208010,35808.038017,35808.146324,1, 0, 0, 1,-3.973567,-7.194193,17.401899,-1,2
68475,570138,130.281615,35808.111622,35808.219928,0, 0, 0, 0,-99.000000,-99.000000,-99.000000,-1,0
68475,570139,130.416651,35808.246658,35808.354965,1, 0, 0, 1,-3.241341,5.380795,3.576552,-1,2
68475,570140,130.457511,35808.287517,35808.395824,0, 0, 0, 0,-99.000000,-99.000000,-99.000000,-1,1
68475,570141,130.570898,35808.400905,35808.509212,0, 0, 0, 0,-99.000000,-99.000000,-99.000000,-1,1
68475,570142,130.737047,35808.567053,35808.675361,1, 0, 0, 1,-9.728499,5.512977,1.598577,-1,3
68475,570143,130.755960,35808.585966,35808.694274,1, 0, 0, 1,6.923634,-2.094078,-8.688786,-1,2
68475,570144,130.874885,35808.704890,35808.813198,1, 0, 0, 1,-5.357709,-5.079953,17.585937,-1,2
68475,570145,130.936407,35808.766412,35808.874720,0, 0, 0, 0,-99.000000,-99.000000,-99.000000,-1,1
68475,570146,131.045688,35808.875693,35808.984001,1, 0, 0, 1,9.172167,-5.294474,-5.440923,-1,2
68475,570147,131.091792,35808.921797,35809.030105,0, 0, 0, 0,-99.000000,-99.000000,-99.000000,-1,1
68475,570148,131.273528,35809.103533,35809.211842,1, 0, 0, 1,7.036471,0.203278,-6.170382,-1,2
68475,570149,131.419975,35809.249980,35809.358288,1, 0, 0, 1,2.053922,-9.515718,-6.844594,-1,2
68475,570150,131.429590,35809.259594,35809.367903,1, 0, 0, 1,0.138018,5.131870,15.143945,-1,2
68475,570151,131.663863,35809.493867,35809.602177,0, 0, 0, 0,-99.000000,-99.000000,-99.000000,-1,1
68475,570152,131.887963,35809.717967,35809.826277,0, 0, 0, 0,-99.000000,-99.000000,-99.000000,-1,1
68475,570153,131.916229,35809.746233,35809.854542,1, 0, 0, 1,-7.310375,7.826088,12.449162,-1,2
68475,570154,131.935420,35809.765424,35809.873734,1, 0, 0, 1,-3.819726,-4.214725,-11.629201,-1,2
68475,570155,131.956947,35809.786950,35809.895260,1, 0, 0, 1,-3.079575,10.837030,11.163965,-1,2
68475,570156,132.061997,35809.892001,35810.000311,0, 0, 0, 0,-99.000000,-99.000000,-99.000000,-1,0
68475,570157,132.433014,35810.263017,35810.371327,1, 0, 0, 1,1.443663,-6.888930,-6.878953,-1,2
68475,570158,132.453284,35810.283287,35810.391598,1, 0, 0, 1,-0.830180,3.116793,10.761923,-1,2
68475,570159,132.711994,35810.541997,35810.650308,1, 0, 0, 1,3.626817,-4.079489,8.389472,-1,2
68475,570160,132.777780,35810.607782,35810.716093,0, 0, 0, 0,-99.000000,-99.000000,-99.000000,-1,0
68475,570161,132.867305,35810.697307,35810.805618,1, 0, 0, 1,8.841274,1.206796,-6.268120,-1,2
68475,570162,133.013349,35810.843351,35810.951663,1, 0, 0, 1,-2.435792,5.569462,11.713068,-1,2
68475,570163,133.053250,35810.883252,35810.991564,0, 0, 0, 0,-99.000000,-99.000000,-99.000000,-1,0
68475,570164,133.096538,35810.926540,35811.034852,0, 0, 0, 0,-99.000000,-99.000000,-99.000000,-1,1
68475,570165,133.166778,35810.996779,35811.105091,1, 0, 0, 1,3.462654,1.098104,-19.266337,-1,2
68475,570166,133.199415,35811.029416,35811.137729,1, 0, 0, 1,6.827180,-3.609766,13.626459,-1,2
68475,570167,133.303938,35811.133938,35811.242251,1, 0, 0, 1,1.546989,10.415164,3.812507,-1,2
68475,570168,133.404849,35811.234850,35811.343162,1, 0, 0, 1,7.008141,3.358747,2.993162,-1,2
68475,570169,133.430299,35811.260299,35811.368612,1, 0, 0, 1,-5.139807,-3.091477,11.183282,-1,2
68475,570170,133.564436,35811.394437,35811.502750,1, 0, 0, 1,0.157591,5.033570,11.550922,-1,2
68475,570171,133.568089,35811.398089,35811.506402,0, 0, 0, 0,-99.000000,-99.000000,-99.000000,-1,0
68475,570172,133.732022,35811.562022,35811.670335,0, 0, 0, 0,-99.000000,-99.000000,-99.000000,-1,1
68475,570173,133.806675,35811.636674,35811.744988,1, 0, 0, 1,-7.433685,1.817242,7.876693,-1,2
68475,570174,133.950471,35811.780471,35811.888785,0, 0, 0, 0,-99.000000,-99.000000,-99.000000,-1,1
68475,570175,134.106232,35811.936231,35812.044545,1, 0, 0, 1,6.284748,-6.417591,-11.919919,-1,2
68475,570176,134.107177,35811.937176,35812.045491,0, 0, 0, 0,-99.000000,-99.000000,-99.000000,-1,1
68475,570177,134.157038,35811.987038,35812.095352,0, 0, 0, 0,-99.000000,-99.000000,-99.000000,-1,1
68475,570178,134.228446,35812.058445,35812.166759,1, 0, 0, 1,5.941373,-6.519262,-0.187540,-1,4
68475,570179,134.261329,35812.091328,35812.199643,1, 0, 0, 1,7.306291,-0.377657,0.359346,-1,2
68475,570180,134.294476,35812.124475,35812.232790,1, 0, 0, 1,-0.482962,-4.506388,12.759402,-1,2
68475,570181,134.459337,35812.289335,35812.397650,0, 0, 0, 0,-99.000000,-99.000000,-99.000000,-1,1
68475,570182,134.563052,35812.393051,35812.501366,1, 0, 0, 1,-1.174382,-6.819985,-3.287805,-1,2
68475,570183,134.720930,35812.550928,35812.659243,1, 0, 0, 1,4.375070,7.169271,-19.908453,-1,2
68475,570184,134.941488,35812.771485,35812.879801,1, 0, 0, 1,5.810834,0.466979,2.887892,-1,2
68475,570185,134.982242,35812.812240,35812.920556,0, 0, 0, 0,-99.000000,-99.000000,-99.000000,-1,0
68475,570186,134.996929,35812.826927,35812.935243,0, 0, 0, 0,-99.000000,-99.000000,-99.000000,-1,0
68475,570187,135.095855,35812.925852,35813.034169,0, 0, 0, 0,-99.000000,-99.000000,-99.000000,-1,0
68475,570188,135.161956,35812.991953,35813.100270,1, 0, 0, 1,-6.201170,-2.686691,9.660318,-1,2
68475,570189,135.321851,35813.151848,35813.260164,0, 0, 0, 0,-99.000000,-99.000000,-99.000000,-1,1
68475,570190,135.336194,35813.166191,35813.274508,0, 0, 0, 0,-99.000000,-99.000000,-99.000000,-1,1
68475,570191,135.373264,35813.203261,35813.311578,1, 0, 0, 1,0.500028,5.887667,11.695388,-1,2
68475,570192,135.413245,35813.243241,35813.351558,1, 0, 0, 1,-4.254558,4.793794,13.824408,-1,2
68475,570193,135.440831,35813.270828,35813.379145,0, 0, 0, 0,-99.000000,-99.000000,-99.000000,-1,0
68475,570194,135.451591,35813.281588,35813.389905,0, 0, 0, 0,-99.000000,-99.000000,-99.000000,-1,0
68475,570195,135.566904,35813.396900,35813.505218,0, 0, 0, 0,-99.000000,-99.000000,-99.000000,-1,1
68475,570196,135.603803,35813.433799,35813.542117,0, 0, 0, 0,-99.000000,-99.000000,-99.000000,-1,0
68475,570197,135.641880,35813.471876,35813.580193,1, 0, 0, 1,3.314266,5.019117,-15.163619,-1,2
68475,570198,135.669042,35813.499038,35813.607356,0, 0, 0, 0,-99.000000,-99.000000,-99.000000,-1,1
68475,570199,135.879124,35813.709119,35813.817437,0, 0, 0, 0,-99.000000,-99.000000,-99.000000,-1,1
68475,570200,135.903563,35813.733559,35813.841877,1, 0, 0, 1,-1.713834,0.807290,12.171196,-1,2
68475,570201,136.091201,35813.921196,35814.029514,0, 0, 0, 0,-99.000000,-99.000000,-99.000000,-1,1
68475,570202,136.351923,35814.181918,35814.290236,0, 0, 0, 0,-99.000000,-99.000000,-99.000000,-1,0
68475,570203,136.352734,35814.182728,35814.291047,1, 0, 0, 1,0.415711,4.582622,1.690208,-1,2
68475,570204,136.355095,35814.185090,35814.293409,0, 0, 0, 0,-99.000000,-99.000000,-99.000000,-1,1
68475,570205,136.513138,35814.343132,35814.451451,1, 0, 0, 1,-5.536913,2.658757,-21.044134,-1,2
68475,570206,136.513493,35814.343487,35814.451806,0, 0, 0, 0,-99.000000,-99.000000,-99.000000,-1,0
68475,570207,136.532676,35814.362671,35814.470990,0, 0, 0, 0,-99.000000,-99.000000,-99.000000,-1,0
68475,570208,136.623413,35814.453407,35814.561727,1, 0, 0, 1,-2.866936,-0.401797,5.096738,-1,2
68475,570209,136.642466,35814.472460,35814.580780,1, 0, 0, 1,-7.808115,3.580773,-0.026208,-1,2
68475,570210,136.754233,35814.584227,35814.692546,1, 0, 0, 1,5.563532,-6.368036,10.296008,-1,2
68475,570211,136.767098,35814.597092,35814.705412,0, 0, 0, 0,-99.000000,-99.000000,-99.000000,-1,1
68475,570212,136.771814,35814.601808,35814.710128,0, 0, 0, 0,-99.000000,-99.000000,-99.000000,-1,0
68475,570213,136.799066,35814.629060,35814.737380,0, 0, 0, 0,-99.000000,-99.000000,-99.000000,-1,1
68475,570214,136.957715,35814.787709,35814.896029,1, 0, 0, 1,-0.937553,-3.454771,-1.450901,-1,6
68475,570215,137.002188,35814.832181,35814.940501,0, 0, 0, 0,-99.000000,-99.000000,-99.000000,-1,1
68475,570216,137.397946,35815.227938,35815.336259,1, 0, 0, 1,-2.929087,6.048697,12.597737,-1,2
68475,570217,137.816866,35815.646858,35815.755180,1, 0, 0, 1,5.144206,-3.518472,-3.047680,-1,2
68475,570218,137.906468,35815.736460,35815.844782,1, 0, 0, 1,7.905143,4.154467,7.107261,-1,2
68475,570219,138.025876,35815.855867,35815.964189,0, 0, 0, 0,-99.000000,-99.000000,-99.000000,-1,1
68475,570220,138.105626,35815.935617,35816.043940,1, 0, 0, 1,2.698753,4.394266,22.122812,-1,2
68475,570221,138.150382,35815.980373,35816.088695,0, 0, 0, 0,-99.000000,-99.000000,-99.000000,-1,1
68475,570222,138.209925,35816.039916,35816.148239,1, 1, 0, 1,1.171459,0.334414,-3.692560,-1,4
68475,570223,138.323711,35816.153702,35816.262025,1, 0, 0, 1,-1.522705,14.723925,2.276781,-1,2
68475,570224,138.378220,35816.208211,35816.316534,1, 0, 0, 1,-2.114997,2.983571,-15.675207,-1,2
68475,570225,138.396525,35816.226515,35816.334838,0, 0, 0, 0,-99.000000,-99.000000,-99.000000,-1,1
68475,570226,138.414272,35816.244262,35816.352585,0, 0, 0, 0,-99.000000,-99.000000,-99.000000,-1,1
68475,570227,138.434835,35816.264825,35816.373148,1, 0, 0, 1,-2.492711,6.327290,6.381809,-1,2
68475,570228,138.544751,35816.374741,35816.483064,1, 0, 0, 1,-1.304611,8.792063,20.811927,-1,2
68475,570229,138.657350,35816.487340,35816.595664,1, 0, 0, 1,4.370758,1.514484,-11.266706,-1,2
68475,570230,138.700264,35816.530253,35816.638577,0, 0, 0, 0,-99.000000,-99.000000,-99.000000,-1,1
68475,570231,138.712355,35816.542345,35816.650668,1, 0, 0, 1,2.599015,-8.937884,-20.957661,-1,2
68475,570232,138.732053,35816.562043,35816.670366,1, 0, 0, 1,-0.213863,7.431694,11.747314,-1,3
68475,570233,138.924284,35816.754273,35816.862597,1, 0, 0, 1,-1.128386,5.396617,2.939339,-1,2
68475,570234,138.965796,35816.795785,35816.904109,0, 0, 0, 0,-99.000000,-99.000000,-99.000000,-1,1
68475,570235,139.057284,35816.887273,35816.995597,1, 0, 0, 1,-3.821884,9.943180,-5.753924,-1,2
68475,570236,139.103879,35816.933868,35817.042192,0, 0, 0, 0,-99.000000,-99.000000,-99.000000,-1,0
68475,570237,139.106351,35816.936340,35817.044665,1, 0, 0, 1,1.417902,-0.517167,-17.514109,-1,2
68475,570238,139.360565,35817.190554,35817.298879,1, 0, 0, 1,-0.351752,6.589488,-5.995187,-1,2
68475,570239,139.595407,35817.425396,35817.533721,1, 0, 0, 1,-0.531928,1.365519,12.611043,-1,2
68475,570240,139.636174,35817.466162,35817.574488,0, 0, 0, 0,-99.000000,-99.000000,-99.000000,-1,1
68475,570241,139.799551,35817.629538,35817.737864,0, 0, 0, 0,-99.000000,-99.000000,-99.000000,-1,1
68475,570242,140.095885,35817.925872,35818.034199,0, 0, 0, 0,-99.000000,-99.000000,-99.000000,-1,1
68475,570243,140.336044,35818.166030,35818.274357,1, 0, 0, 1,5.462705,-2.391598,-4.908149,-1,2
68475,570244,140.423489,35818.253475,35818.361802,0, 0, 0, 0,-99.000000,-99.000000,-99.000000,-1,1
68475,570245,140.428651,35818.258638,35818.366965,0, 0, 0, 0,-99.000000,-99.000000,-99.000000,-1,1
68475,570246,140.459954,35818.289941,35818.398268,0, 0, 0, 0,-99.000000,-99.000000,-99.000000,-1,1
68475,570247,140.528589,35818.358575,35818.466902,0, 0, 0, 0,-99.000000,-99.000000,-99.000000,-1,0
68475,570248,140.582306,35818.412292,35818.520619,0, 0, 0, 0,-99.000000,-99.000000,-99.000000,-1,0
68475,570249,140.652438,35818.482424,35818.590752,1, 0, 0, 1,-5.243989,7.166389,12.725876,-1,2
68475,570250,140.679287,35818.509273,35818.617601,0, 0, 0, 0,-99.000000,-99.000000,-99.000000,-1,1
68475,570251,140.893941,35818.723927,35818.832255,0, 0, 0, 0,-99.000000,-99.000000,-99.000000,-1,0
68475,570252,140.976714,35818.806699,35818.915027,0, 0, 0, 0,-99.000000,-99.000000,-99.000000,-1,1
68475,570253,141.169149,35818.999134,35819.107462,0, 0, 0, 0,-99.000000,-99.000000,-99.000000,-1,1
68475,570254,141.676903,35819.506887,35819.615216,0, 0, 0, 0,-99.000000,-99.000000,-99.000000,-1,0
68475,570255,141.695609,35819.525592,35819.633922,0, 0, 0, 0,-99.000000,-99.000000,-99.000000,-1,0
68475,570256,141.924156,35819.754139,35819.862469,1, 0, 0, 1,-3.240358,-0.880752,4.666092,-1,3
68475,570257,142.090359,35819.920343,35820.028673,0, 0, 0, 0,-99.000000,-99.000000,-99.000000,-1,1
68475,570258,142.257715,35820.087698,35820.196029,0, 0, 0, 0,-99.000000,-99.000000,-99.000000,-1,1
68475,570259,142.317196,35820.147179,35820.255510,1, 0, 0, 1,8.081312,-0.866271,-16.975240,-1,2
68475,570260,142.350303,35820.180286,35820.288617,1, 0, 0, 1,3.966005,1.632886,1.219167,-1,2
68475,570261,142.380223,35820.210205,35820.318536,1, 0, 0, 1,-7.667766,-6.936270,17.966268,-1,2
68475,570262,142.589887,35820.419869,35820.528200,1, 0, 0, 1,-6.128499,-6.561700,-12.298375,-1,2
68475,570263,142.629575,35820.459557,35820.567888,1, 0, 0, 1,6.539549,2.867040,-16.862845,-1,2
68475,570264,142.760813,35820.590795,35820.699127,0, 0, 0, 0,-99.000000,-99.000000,-99.000000,-1,0
68475,570265,143.105778,35820.935759,35821.044092,1, 0, 0, 1,-3.436008,5.508414,16.364769,-1,2
68475,570266,143.118541,35820.948522,35821.056854,0, 0, 0, 0,-99.000000,-99.000000,-99.000000,-1,1
68475,570267,143.126908,35820.956889,35821.065222,1, 0, 0, 1,-0.845547,-5.127720,-11.289370,-1,2
68475,570268,143.244253,35821.074234,35821.182567,1, 0, 0, 1,-3.672824,0.779465,-18.876180,-1,2
68475,570269,143.254924,35821.084905,35821.193238,1, 0, 0, 1,-5.261158,9.999981,-10.657353,-1,4
68475,570270,143.476587,35821.306568,35821.414901,1, 0, 0, 1,9.469882,-0.381709,-17.959990,-1,2
68475,570271,143.508770,35821.338750,35821.447083,1, 0, 0, 1,3.528887,4.320814,2.737128,-1,3
68475,570272,143.522664,35821.352644,35821.460978,1, 0, 0, 1,0.301761,2.764892,6.872381,-1,2
68475,570273,143.557981,35821.387961,35821.496295,0, 0, 0, 0,-99.000000,-99.000000,-99.000000,-1,1
68475,570274,143.603469,35821.433449,35821.541783,1, 0, 0, 1,-3.025197,4.796433,17.497119,-1,2
68475,570275,143.814930,35821.644909,35821.753243,1, 0, 0, 1,6.824792,5.622847,8.353961,-1,2
68475,570276,143.863233,35821.693212,35821.801546,0, 0, 0, 0,-99.000000,-99.000000,-99.000000,-1,1
68475,570277,143.996892,35821.826871,35821.935206,0, 0, 0, 0,-99.000000,-99.000000,-99.000000,-1,1
68475,570278,144.014806,35821.844785,35821.953119,0, 0, 0, 0,-99.000000,-99.000000,-99.000000,-1,1
68475,570279,144.116719,35821.946697,35822.055032,1, 0, 0, 1,-3.527756,2.753426,17.482986,-1,2
68475,570280,144.178409,35822.008388,35822.116723,1, 0, 0, 1,4.031632,-1.916156,10.568050,-1,2
68475,570281,144.475221,35822.305199,35822.413534,1, 0, 0, 1,-7.638063,0.664572,-13.138073,-1,2
68475,570282,144.639150,35822.469128,35822.577463,1, 0, 0, 1,-7.866106,-0.460618,13.495960,-1,2
68475,570283,144.835916,35822.665894,35822.774230,1, 0, 0, 1,2.048074,0.632023,19.872875,-1,2
68475,570284,144.980149,35822.810126,35822.918462,1, 0, 0, 1,-5.232899,3.621715,16.308496,-1,2
68475,570285,145.085050,35822.915027,35823.023364,1, 0, 0, 1,4.954369,-8.656468,0.006246,-1,2
68475,570286,145.259973,35823.089949,35823.198286,0, 0, 0, 0,-99.000000,-99.000000,-99.000000,-1,0
68475,570287,145.330922,35823.160899,35823.269236,1, 0, 0, 1,-4.416742,3.354158,-14.905129,-1,2
68475,570288,145.570690,35823.400666,35823.509003,0, 0, 0, 0,-99.000000,-99.000000,-99.000000,-1,0
68475,570289,145.682513,35823.512489,35823.620827,1, 0, 0, 1,-0.418710,5.477229,16.555880,-1,2
68475,570290,145.714767,35823.544743,35823.653081,0, 0, 0, 0,-99.000000,-99.000000,-99.000000,-1,1
68475,570291,146.061307,35823.891282,35823.999621,0, 0, 0, 0,-99.000000,-99.000000,-99.000000,-1,0
68475,570292,146.086113,35823.916088,35824.024427,0, 0, 0, 0,-99.000000,-99.000000,-99.000000,-1,1
68475,570293,146.548616,35824.378590,35824.486930,1, 0, 0, 1,1.171922,0.998052,-2.312704,-1,2
68475,570294,146.801273,35824.631247,35824.739587,0, 0, 0, 0,-99.000000,-99.000000,-99.000000,-1,1
68475,570295,146.811150,35824.641123,35824.749463,0, 0, 0, 0,-99.000000,-99.000000,-99.000000,-1,1
68475,570296,146.828607,35824.658580,35824.766920,0, 0, 0, 0,-99.000000,-99.000000,-99.000000,-1,1
68475,570297,147.004636,35824.834609,35824.942950,1, 0, 0, 1,-3.290310,-3.387761,-14.013267,-1,2
68475,570298,147.069024,35824.898997,35825.007338,1, 0, 0, 1,-6.206948,4.483143,19.311133,-1,2
68475,570299,147.092563,35824.922536,35825.030877,0, 0, 0, 0,-99.000000,-99.000000,-99.000000,-1,1
68475,570300,147.193400,35825.023372,35825.131713,1, 0, 0, 1,-2.457511,-0.374436,7.924497,-1,2
68475,570301,147.208709,35825.038682,35825.147023,0, 0, 0, 0,-99.000000,-99.000000,-99.000000,-1,1
68475,570302,147.355365,35825.185337,35825.293678,1, 0, 0, 1,6.386802,-3.766566,0.867597,-1,2
68475,570303,147.466561,35825.296533,35825.404874,0, 0, 0, 0,-99.000000,-99.000000,-99.000000,-1,0
68475,570304,147.714091,35825.544062,35825.652404,0, 0, 0, 0,-99.000000,-99.000000,-99.000000,-1,1
68475,570305,147.739720,35825.569692,35825.678034,1, 0, 0, 1,-5.577118,-3.355968,11.109658,-1,2
68475,570306,148.035140,35825.865111,35825.973454,0, 0, 0, 0,-99.000000,-99.000000,-99.000000,-1,0
68475,570307,148.042913,35825.872883,35825.981226,0, 0, 0, 0,-99.000000,-99.000000,-99.000000,-1,0
68475,570308,148.339830,35826.169801,35826.278144,1, 0, 0, 1,6.306149,-1.891536,-12.062519,-1,2
68475,570309,148.507553,35826.337523,35826.445867,1, 0, 0, 1,-7.487048,-1.515519,-18.237356,-1,2
68475,570310,148.656573,35826.486542,35826.594886,0, 0, 0, 0,-99.000000,-99.000000,-99.000000,-1,1
68475,570311,148.990518,35826.820487,35826.928831,0, 0, 0, 0,-99.000000,-99.000000,-99.000000,-1,1
68475,570312,148.993741,35826.823710,35826.932055,0, 0, 0, 0,-99.000000,-99.000000,-99.000000,-1,1
68475,570313,149.016992,35826.846961,35826.955305,1, 0, 0, 1,-2.683414,-4.522006,20.201695,-1,2
68475,570314,149.067404,35826.897373,35827.005717,0, 0, 0, 0,-99.000000,-99.000000,-99.000000,-1,0
68475,570315,149.090541,35826.920510,35827.028855,1, 0, 0, 1,3.867116,4.942386,-1.378378,-1,2
68475,570316,149.190655,35827.020623,35827.128968,1, 0, 0, 1,-6.131785,1.147135,10.859303,-1,2
68475,570317,149.548339,35827.378307,35827.486652,1, 0, 0, 1,8.442668,-1.183970,-7.462897,-1,2
68475,570318,149.603715,35827.433683,35827.542028,1, 0, 0, 1,2.018185,6.683307,14.206222,-1,2
68475,570319,149.661962,35827.491930,35827.600276,1, 0, 0, 1,0.681257,1.690531,9.067683,-1,2
68475,570320,149.985587,35827.815554,35827.923900,1, 0, 0, 1,-6.629474,3.281200,17.578070,-1,2
68475,570321,150.139851,35827.969818,35828.078165,1, 0, 0, 1,-1.468961,-6.793934,-15.361200,-1,2
68475,570322,150.329292,35828.159259,35828.267606,1, 0, 0, 1,-6.213591,-0.973709,-2.037860,-1,2
68475,570323,150.604185,35828.434151,35828.542498,1, 0, 0, 1,2.125117,-1.330886,-5.360857,-1,3
68475,570324,150.858087,35828.688053,35828.796401,0, 0, 0, 0,-99.000000,-99.000000,-99.000000,-1,1
68475,570325,150.927925,35828.757890,35828.866238,1, 0, 0, 1,-3.832986,-6.871774,21.213409,-1,2
68475,570326,151.008866,35828.838831,35828.947180,1, 0, 0, 1,-8.868253,14.300686,-12.557815,-1,2
68475,570327,151.111371,35828.941336,35829.049685,0, 0, 0, 0,-99.000000,-99.000000,-99.000000,-1,0
68475,570328,151.118087,35828.948052,35829.056400,1, 0, 0, 1,3.482291,6.646007,17.191136,-1,2
68475,570329,151.142300,35828.972265,35829.080614,0, 0, 0, 0,-99.000000,-99.000000,-99.000000,-1,0
68475,570330,151.146256,35828.976221,35829.084569,1, 0, 0, 1,-0.024105,-4.358609,18.657507,-1,2
68475,570331,151.211681,35829.041645,35829.149994,1, 0, 0, 1,-2.448177,8.845148,21.028847,-1,2
68475,570332,151.230781,35829.060745,35829.169094,1, 0, 0, 1,10.528826,8.532838,-11.865151,-1,2
68475,570333,151.249078,35829.079042,35829.187391,1, 0, 0, 1,8.164313,-4.205030,-14.689958,-1,2
68475,570334,151.757598,35829.587561,35829.695912,0, 0, 0, 0,-99.000000,-99.000000,-99.000000,-1,1
68475,570335,151.831920,35829.661883,35829.770233,1, 0, 0, 1,-1.778681,-4.853636,-18.512363,-1,3
68475,570336,151.858309,35829.688272,35829.796622,0, 0, 0, 0,-99.000000,-99.000000,-99.000000,-1,1
68475,570337,151.860364,35829.690327,35829.798677,1, 0, 0, 1,3.950372,3.522357,0.786189,-1,2
68475,570338,152.096463,35829.926426,35830.034777,1, 0, 0, 1,8.617503,5.777846,-18.940254,-1,2
68475,570339,152.159641,35829.989604,35830.097955,1, 0, 0, 1,-6.554295,4.719602,1.117147,-1,2
68475,570340,152.213391,35830.043353,35830.151704,0, 0, 0, 0,-99.000000,-99.000000,-99.000000,-1,1
68475,570341,152.331475,35830.161437,35830.269788,0, 0, 0, 0,-99.000000,-99.000000,-99.000000,-1,1
68475,570342,152.483812,35830.313774,35830.422125,1, 0, 0, 1,2.403863,-4.094214,1.900594,-1,2
68475,570343,152.529366,35830.359328,35830.467679,1, 0, 0, 1,-0.604809,-1.929003,11.517192,-1,2
68475,570344,152.536780,35830.366742,35830.475093,0, 0, 0, 0,-99.000000,-99.000000,-99.000000,-1,0
68475,570345,152.609738,35830.439700,35830.548052,1, 0, 0, 1,8.874528,3.369483,3.901975,-1,2
68475,570346,152.636998,35830.466960,35830.575312,1, 0, 0, 1,8.059510,6.058178,6.527818,-1,3
68475,570347,152.646616,35830.476578,35830.584930,0, 0, 0, 0,-99.000000,-99.000000,-99.000000,-1,1
68475,570348,152.774157,35830.604118,35830.712471,0, 0, 0, 0,-99.000000,-99.000000,-99.000000,-1,1
68475,570349,152.781188,35830.611149,35830.719501,0, 0, 0, 0,-99.000000,-99.000000,-99.000000,-1,1
68475,570350,152.824974,35830.654935,35830.763288,0, 0, 0, 0,-99.000000,-99.000000,-99.000000,-1,0
68475,570351,153.038864,35830.868825,35830.977178,0, 0, 0, 0,-99.000000,-99.000000,-99.000000,-1,1
68475,570352,153.478553,35831.308513,35831.416867,0, 0, 0, 0,-99.000000,-99.000000,-99.000000,-1,1
68475,570353,153.579548,35831.409508,35831.517861,1, 0, 0, 1,-7.371575,7.404107,-14.179262,-1,2
68475,570354,153.793921,35831.623880,35831.732234,0, 0, 0, 0,-99.000000,-99.000000,-99.000000,-1,1
68475,570355,153.878722,35831.708681,35831.817035,0, 0, 0, 0,-99.000000,-99.000000,-99.000000,-1,1
68475,570356,153.923098,35831.753057,35831.861412,0, 0, 0, 0,-99.000000,-99.000000,-99.000000,-1,1
68475,570357,153.965185,35831.795143,35831.903498,1, 0, 0, 1,-1.996093,7.626305,-3.561621,-1,2
68475,570358,154.047713,35831.877672,35831.986026,1, 0, 0, 1,6.522549,-3.367965,-8.765062,-1,2
68475,570359,154.249795,35832.079753,35832.188108,1, 0, 0, 1,3.264668,-4.812947,-14.857726,-1,2
68475,570360,154.477510,35832.307468,35832.415823,0, 0, 0, 0,-99.000000,-99.000000,-99.000000,-1,1
68475,570361,154.653269,35832.483227,35832.591583,1, 0, 0, 1,-0.915991,-1.703354,-1.144961,-1,2
68475,570362,154.732881,35832.562839,35832.671195,1, 0, 0, 1,2.228045,-6.768518,20.305582,-1,2
68475,570363,154.809181,35832.639138,35832.747494,1, 0, 0, 1,-6.411991,4.253528,-9.455776,-1,2
68475,570364,154.911153,35832.741110,35832.849467,1, 0, 0, 1,-4.260443,-2.828336,13.272820,-1,2
68475,570365,154.944494,35832.774451,35832.882807,1, 0, 0, 1,-1.109016,-9.453322,-3.117123,-1,2
68475,570366,155.226265,35833.056221,35833.164578,0, 0, 0, 0,-99.000000,-99.000000,-99.000000,-1,1
68475,570367,155.252847,35833.082804,35833.191161,0, 0, 0, 0,-99.000000,-99.000000,-99.000000,-1,1
68475,570368,155.697302,35833.527258,35833.635616,1, 0, 0, 1,3.957516,-5.979506,4.355969,-1,2
68475,570369,155.737475,35833.567430,35833.675788,1, 0, 0, 1,-1.215124,-2.708294,-9.283015,-1,2
68475,570370,155.783408,35833.613363,35833.721722,1, 0, 0, 1,-5.078420,-0.065285,-7.745685,-1,2
68475,570371,155.877789,35833.707744,35833.816102,0, 0, 0, 0,-99.000000,-99.000000,-99.000000,-1,1
68475,570372,155.997114,35833.827069,35833.935428,1, 0, 0, 1,-5.014240,2.785664,16.395599,-1,2
68475,570373,156.130801,35833.960756,35834.069115,1, 0, 0, 1,-9.999981,-1.442520,-10.752565,-1,3
68475,570374,156.249265,35834.079220,35834.187579,0, 0, 0, 0,-99.000000,-99.000000,-99.000000,-1,0
68475,570375,156.253845,35834.083799,35834.192159,0, 0, 0, 0,-99.000000,-99.000000,-99.000000,-1,1
68475,570376,156.333716,35834.163670,35834.272029,0, 0, 0, 0,-99.000000,-99.000000,-99.000000,-1,0
68475,570377,156.353774,35834.183728,35834.292088,0, 0, 0, 0,-99.000000,-99.000000,-99.000000,-1,1
68475,570378,156.425145,35834.255099,35834.363458,0, 0, 0, 0,-99.000000,-99.000000,-99.000000,-1,1
68475,570379,156.521683,35834.351637,35834.459997,1, 0, 0, 1,7.308545,-4.086197,-14.267280,-1,2
68475,570380,156.608530,35834.438483,35834.546843,0, 0, 0, 0,-99.000000,-99.000000,-99.000000,-1,1
68475,570381,156.691955,35834.521908,35834.630268,1, 0, 0, 1,-4.347482,4.731228,-19.960102,-1,2
68475,570382,156.742671,35834.572625,35834.680985,1, 0, 0, 1,0.026029,5.521084,-20.277276,-1,2
68475,570383,156.825196,35834.655149,35834.763509,1, 0, 0, 1,-1.657949,10.311419,-7.915375,-1,2
68475,570384,156.935948,35834.765900,35834.874261,0, 0, 0, 0,-99.000000,-99.000000,-99.000000,-1,0
68475,570385,156.970610,35834.800563,35834.908924,1, 0, 0, 1,-5.941751,5.052580,16.729077,-1,2
68475,570386,157.060380,35834.890333,35834.998693,1, 0, 0, 1,2.228101,-2.951844,-4.489280,-1,2
68475,570387,157.064582,35834.894534,35835.002895,1, 0, 0, 1,-4.126709,0.800940,3.069348,-1,2
68475,570388,157.145704,35834.975656,35835.084017,0, 0, 0, 0,-99.000000,-99.000000,-99.000000,-1,1
68475,570389,157.237549,35835.067501,35835.175863,0, 0, 0, 0,-99.000000,-99.000000,-99.000000,-1,1
68475,570390,157.491090,35835.321042,35835.429403,1, 0, 0, 1,2.993782,3.839688,-2.828904,-1,2
68475,570391,157.499947,35835.329899,35835.438260,1, 0, 0, 1,4.321051,5.496248,8.927360,-1,2
68475,570392,157.510478,35835.340430,35835.448792,0, 0, 0, 0,-99.000000,-99.000000,-99.000000,-1,0
68475,570393,157.675485,35835.505437,35835.613799,1, 0, 0, 1,-4.233230,1.485828,-8.377238,-1,2
68475,570394,157.810493,35835.640444,35835.748806,0, 0, 0, 0,-99.000000,-99.000000,-99.000000,-1,0
68475,570395,157.837329,35835.667280,35835.775642,1, 0, 0, 1,-7.386589,0.563267,7.697776,-1,2
68475,570396,157.872974,35835.702925,35835.811288,1, 0, 0, 1,-7.377531,-6.381627,6.339371,-1,2
68475,570397,157.921345,35835.751296,35835.859658,0, 0, 0, 0,-99.000000,-99.000000,-99.000000,-1,1
68475,570398,158.207994,35836.037945,35836.146308,1, 0, 0, 1,-2.971599,2.127123,21.660081,-1,2
68475,570399,158.273747,35836.103697,35836.212061,1, 0, 0, 1,-3.765604,-3.355956,-14.343421,-1,2
68475,570400,158.315484,35836.145434,35836.253797,0, 0, 0, 0,-99.000000,-99.000000,-99.000000,-1,1
68475,570401,158.642654,35836.472604,35836.580968,0, 0, 0, 0,-99.000000,-99.000000,-99.000000,-1,1
68475,570402,158.691985,35836.521934,35836.630299,1, 0, 0, 1,-4.216962,4.533580,-11.929163,-1,2
68475,570403,158.764364,35836.594313,35836.702677,1, 0, 0, 1,-6.461550,1.358507,-1.029230,-1,2
68475,570404,158.782183,35836.612133,35836.720497,1, 0, 0, 1,3.554350,-1.793582,6.306488,-1,2
68475,570405,159.014487,35836.844436,35836.952801,1, 0, 0, 1,6.323191,0.173519,12.068950,-1,2
68475,570406,159.043678,35836.873627,35836.981991,1, 0, 0, 1,-4.980313,-1.935969,-16.680624,-1,2
68475,570407,159.051950,35836.881899,35836.990264,1, 0, 0, 1,-1.506127,3.371466,-20.420410,-1,2
68475,570408,159.274523,35837.104471,35837.212836,1, 0, 0, 1,-1.009050,-4.148131,-11.985017,-1,2
68475,570409,159.388961,35837.218909,35837.327275,0, 0, 0, 0,-99.000000,-99.000000,-99.000000,-1,1
68475,570410,159.726675,35837.556622,35837.664988,1, 0, 0, 1,-5.855654,1.005108,21.070396,-1,2
68475,570411,160.202758,35838.032705,35838.141072,0, 0, 0, 0,-99.000000,-99.000000,-99.000000,-1,0
68475,570412,160.593374,35838.423319,35838.531687,0, 0, 0, 0,-99.000000,-99.000000,-99.000000,-1,1
68475,570413,160.618060,35838.448005,35838.556373,1, 0, 0, 1,1.160279,0.357098,12.402737,-1,2
68475,570414,160.834461,35838.664406,35838.772774,1, 0, 0, 1,-5.796914,-6.336643,21.784026,-1,2
68475,570415,160.871685,35838.701630,35838.809999,0, 0, 0, 0,-99.000000,-99.000000,-99.000000,-1,0
68475,570416,161.176467,35839.006411,35839.114780,0, 0, 0, 0,-99.000000,-99.000000,-99.000000,-1,0
68475,570417,161.201952,35839.031896,35839.140265,1, 0, 0, 1,5.245633,-1.454029,8.948957,-1,2
68475,570418,161.462794,35839.292738,35839.401108,0, 0, 0, 0,-99.000000,-99.000000,-99.000000,-1,1
68475,570419,161.552586,35839.382530,35839.490900,0, 0, 0, 0,-99.000000,-99.000000,-99.000000,-1,0
68475,570420,161.633515,35839.463459,35839.571829,1, 0, 0, 1,0.510385,0.887088,-11.492733,-1,2
68475,570421,161.653501,35839.483445,35839.591815,0, 0, 0, 0,-99.000000,-99.000000,-99.000000,-1,1
68475,570422,161.917165,35839.747108,35839.855478,0, 0, 0, 0,-99.000000,-99.000000,-99.000000,-1,1
68475,570423,162.159215,35839.989158,35840.097529,1, 0, 0, 1,-0.270093,1.433593,9.027820,-1,2
68475,570424,162.262474,35840.092416,35840.200788,1, 0, 0, 1,1.052914,7.594254,12.088276,-1,2
68475,570425,162.479417,35840.309359,35840.417731,1, 0, 0, 1,-4.353036,8.098962,7.911371,-1,2
68475,570426,162.504407,35840.334349,35840.442720,0, 0, 0, 0,-99.000000,-99.000000,-99.000000,-1,0
68475,570427,162.618153,35840.448094,35840.556466,0, 0, 0, 0,-99.000000,-99.000000,-99.000000,-1,1
68475,570428,162.719886,35840.549827,35840.658200,0, 0, 0, 0,-99.000000,-99.000000,-99.000000,-1,1
68475,570429,163.140665,35840.970605,35841.078978,1, 0, 0, 1,1.024051,-6.820466,-11.482066,-1,2
68475,570430,163.369550,35841.199490,35841.307863,0, 0, 0, 0,-99.000000,-99.000000,-99.000000,-1,1
68475,570431,163.398884,35841.228824,35841.337197,1, 0, 0, 1,-4.439871,-3.001914,5.682625,-1,2
68475,570432,163.412188,35841.242128,35841.350501,0, 0, 0, 0,-99.000000,-99.000000,-99.000000,-1,0
68475,570433,163.541457,35841.371396,35841.479770,1, 0, 0, 1,3.069849,-5.409192,-17.850995,-1,2
68475,570434,163.611366,35841.441306,35841.549680,1, 0, 0, 1,1.308135,-3.981723,12.197889,-1,2
68475,570435,163.844233,35841.674172,35841.782546,0, 0, 0, 0,-99.000000,-99.000000,-99.000000,-1,1
68475,570436,163.999449,35841.829387,35841.937762,0, 0, 0, 0,-99.000000,-99.000000,-99.000000,-1,1
68475,570437,164.385880,35842.215818,35842.324193,0, 0, 0, 0,-99.000000,-99.000000,-99.000000,-1,1
68475,570438,164.394895,35842.224833,35842.333208,0, 0, 0, 0,-99.000000,-99.000000,-99.000000,-1,0
68475,570439,164.485271,35842.315208,35842.423584,1, 0, 0, 1,-7.493918,-2.456060,13.206324,-1,2
68475,570440,164.545779,35842.375717,35842.484093,0, 0, 0, 0,-99.000000,-99.000000,-99.000000,-1,1
68475,570441,164.603937,35842.433874,35842.542250,0, 0, 0, 0,-99.000000,-99.000000,-99.000000,-1,1
68475,570442,164.691002,35842.520939,35842.629315,1, 0, 0, 1,7.072020,3.694417,8.751512,-1,2
68475,570443,164.697381,35842.527318,35842.635694,1, 0, 0, 1,-3.161910,1.638292,11.669691,-1,2
68475,570444,164.833424,35842.663361,35842.771737,0, 0, 0, 0,-99.000000,-99.000000,-99.000000,-1,0
68475,570445,165.002325,35842.832261,35842.940638,0, 0, 0, 0,-99.000000,-99.000000,-99.000000,-1,1
68475,570446,165.063214,35842.893150,35843.001527,1, 0, 0, 1,-0.776082,-4.268217,8.293016,-1,2
68475,570447,165.195371,35843.025307,35843.133684,1, 0, 0, 1,-2.199816,-1.977291,18.248310,-1,2
68475,570448,165.407633,35843.237569,35843.345947,1, 0, 0, 1,2.233935,1.184196,-16.079162,-1,2
68475,570449,165.849108,35843.679043,35843.787421,1, 0, 0, 1,7.327248,2.196177,7.257486,-1,2
68475,570450,165.980446,35843.810380,35843.918759,1, 0, 0, 1,-3.206984,0.257527,7.670879,-1,2
68475,570451,165.998402,35843.828337,35843.936716,1, 0, 0, 1,-3.150198,5.802416,-12.038890,-1,2
68475,570452,166.117597,35843.947531,35844.055910,0, 0, 0, 0,-99.000000,-99.000000,-99.000000,-1,1
68475,570453,166.180185,35844.010120,35844.118499,1, 0, 0, 1,0.515016,-5.302417,10.734117,-1,2
68475,570454,166.236907,35844.066841,35844.175221,0, 0, 0, 0,-99.000000,-99.000000,-99.000000,-1,1
68475,570455,166.265734,35844.095668,35844.204048,1, 0, 0, 1,-7.851136,-0.364375,15.493438,-1,2
68475,570456,166.381258,35844.211192,35844.319572,1, 0, 0, 1,-8.045322,2.465879,-17.350356,-1,2
68475,570457,166.425263,35844.255197,35844.363577,1, 0, 0, 1,4.913631,-4.000533,-6.198943,-1,2
68475,570458,166.476013,35844.305946,35844.414326,0, 0, 0, 0,-99.000000,-99.000000,-99.000000,-1,0
68475,570459,166.547020,35844.376953,35844.485333,1, 0, 0, 1,-1.765123,7.598389,-4.699148,-1,2
68475,570460,166.585265,35844.415198,35844.523578,1, 0, 0, 1,2.183494,4.148204,12.217967,-1,2
68475,570461,166.624025,35844.453959,35844.562339,0, 0, 0, 0,-99.000000,-99.000000,-99.000000,-1,1
68475,570462,166.856144,35844.686077,35844.794458,0, 0, 0, 0,-99.000000,-99.000000,-99.000000,-1,1
68475,570463,166.990546,35844.820479,35844.928860,0, 0, 0, 0,-99.000000,-99.000000,-99.000000,-1,1
68475,570464,167.140575,35844.970507,35845.078889,1, 0, 0, 1,1.865285,5.554252,17.683765,-1,2
68475,570465,167.203499,35845.033431,35845.141812,1, 0, 0, 1,-2.207850,-3.093073,5.098166,-1,2
68475,570466,167.456629,35845.286560,35845.394942,1, 0, 0, 1,4.546714,6.101357,-13.083039,-1,2
68475,570467,167.610746,35845.440677,35845.549060,1, 0, 0, 1,1.762163,6.351171,9.371212,-1,2
68475,570468,167.615081,35845.445013,35845.553395,1, 0, 0, 1,2.745292,0.301974,10.776699,-1,2
68475,570469,167.664582,35845.494513,35845.602895,0, 0, 0, 0,-99.000000,-99.000000,-99.000000,-1,0
68475,570470,167.712323,35845.542254,35845.650637,0, 0, 0, 0,-99.000000,-99.000000,-99.000000,-1,0
68475,570471,167.736201,35845.566132,35845.674515,1, 0, 0, 1,5.753416,2.895130,-7.223278,-1,2
68475,570472,167.755439,35845.585370,35845.693753,1, 0, 0, 1,5.526106,7.261453,3.870061,-1,2
68475,570473,167.889994,35845.719924,35845.828307,0, 0, 0, 0,-99.000000,-99.000000,-99.000000,-1,0
68475,570474,167.943272,35845.773202,35845.881585,0, 0, 0, 0,-99.000000,-99.000000,-99.000000,-1,0
68475,570475,167.977983,35845.807913,35845.916296,1, 0, 0, 1,-2.858922,-2.554898,4.299731,-1,3
68475,570476,167.991856,35845.821786,35845.930169,1, 0, 0, 1,-7.739055,4.400560,-19.043556,-1,2
68475,570477,168.024620,35845.854550,35845.962933,1, 0, 0, 1,-7.860270,2.014895,-8.891136,-1,3
68475,570478,168.147446,35845.977376,35846.085759,1, 0, 0, 1,4.363959,2.493555,-11.859436,-1,2
68475,570479,168.190494,35846.020424,35846.128808,0, 0, 0, 0,-99.000000,-99.000000,-99.000000,-1,0
68475,570480,168.676610,35846.506539,35846.614924,1, 0, 0, 1,-6.292888,3.235329,-20.770370,-1,2
68475,570481,168.692530,35846.522459,35846.630844,1, 0, 0, 1,4.198801,-6.096017,-6.806088,-1,2
68475,570482,168.792656,35846.622585,35846.730969,1, 0, 0, 1,3.685082,-2.814928,-6.997677,-1,2
68475,570483,168.802340,35846.632269,35846.740653,1, 0, 0, 1,6.485179,-3.044826,-9.247484,-1,2
68475,570484,168.833091,35846.663020,35846.771405,1, 0, 0, 1,4.284196,-4.889163,-1.820630,-1,2
68475,570485,168.882291,35846.712220,35846.820605,0, 0, 0, 0,-99.000000,-99.000000,-99.000000,-1,0
68475,570486,168.948256,35846.778184,35846.886569,1, 0, 0, 1,-4.065860,-2.290737,10.410951,-1,2
68475,570487,168.996361,35846.826290,35846.934675,1, 0, 0, 1,5.256688,1.889247,-10.004088,-1,2
68475,570488,169.004764,35846.834692,35846.943077,0, 0, 0, 0,-99.000000,-99.000000,-99.000000,-1,1
68475,570489,169.014534,35846.844463,35846.952848,0, 0, 0, 0,-99.000000,-99.000000,-99.000000,-1,1
68475,570490,169.313052,35847.142980,35847.251366,0, 0, 0, 0,-99.000000,-99.000000,-99.000000,-1,1
68475,570491,169.317196,35847.147123,35847.255509,1, 0, 0, 1,0.867885,-6.560123,13.783947,-1,2
68475,570492,169.380061,35847.209989,35847.318374,1, 0, 0, 1,-7.570556,5.122326,8.277932,-1,3
68475,570493,169.504211,35847.334138,35847.442524,1, 0, 0, 1,-7.013007,9.999999,-4.385378,-1,3
68475,570494,169.765565,35847.595492,35847.703878,1, 0, 0, 1,7.431829,-2.978874,-3.299927,-1,2
68475,570495,169.924616,35847.754542,35847.862929,0, 0, 0, 0,-99.000000,-99.000000,-99.000000,-1,0
68475,570496,169.942618,35847.772545,35847.880932,0, 0, 0, 0,-99.000000,-99.000000,-99.000000,-1,1
68475,570497,170.003370,35847.833296,35847.941684,0, 0, 0, 0,-99.000000,-99.000000,-99.000000,-1,0
68475,570498,170.037847,35847.867773,35847.976160,1, 0, 0, 1,-0.134272,7.998158,13.803675,-1,2
68475,570499,170.075414,35847.905340,35848.013727,1, 0, 0, 1,3.505587,-4.404293,-18.905644,-1,2
68475,570500,170.295643,35848.125569,35848.233957,0, 0, 0, 0,-99.000000,-99.000000,-99.000000,-1,0
68475,570501,170.436361,35848.266286,35848.374674,0, 0, 0, 0,-99.000000,-99.000000,-99.000000,-1,0
68475,570502,170.570265,35848.400190,35848.508578,1, 0, 0, 1,0.544595,-9.561670,14.859709,-1,2
68475,570503,170.750648,35848.580573,35848.688962,1, 0, 0, 1,0.496743,26.945514,11.547718,-1,2
68475,570504,170.762518,35848.592442,35848.700831,0, 0, 0, 0,-99.000000,-99.000000,-99.000000,-1,0
68475,570505,170.838800,35848.668725,35848.777113,1, 0, 0, 1,2.310470,-7.862864,-8.902285,-1,2
68475,570506,170.876514,35848.706439,35848.814828,0, 0, 0, 0,-99.000000,-99.000000,-99.000000,-1,1
68475,570507,171.675949,35849.505872,35849.614262,1, 0, 0, 1,-5.116101,-4.590079,-4.771014,-1,2
68475,570508,171.713740,35849.543663,35849.652053,1, 0, 0, 1,8.005138,1.600663,-12.764801,-1,2
68475,570509,171.916428,35849.746350,35849.854741,1, 0, 0, 1,-5.204005,-2.380042,-11.230421,-1,2
68475,570510,171.925108,35849.755030,35849.863421,0, 0, 0, 0,-99.000000,-99.000000,-99.000000,-1,1
68475,570511,172.041327,35849.871249,35849.979641,0, 0, 0, 0,-99.000000,-99.000000,-99.000000,-1,1
68475,570512,172.161341,35849.991263,35850.099655,0, 0, 0, 0,-99.000000,-99.000000,-99.000000,-1,1
68475,570513,172.313710,35850.143631,35850.252023,1, 0, 0, 1,-0.269351,7.220587,-6.404265,-1,2
68475,570514,172.360555,35850.190477,35850.298868,0, 0, 0, 0,-99.000000,-99.000000,-99.000000,-1,1
68475,570515,172.421572,35850.251494,35850.359886,0, 0, 0, 0,-99.000000,-99.000000,-99.000000,-1,1
68475,570516,172.516379,35850.346300,35850.454692,1, 0, 0, 1,-3.660060,-4.985017,10.974009,-1,2
68475,570517,172.625837,35850.455758,35850.564151,1, 0, 0, 1,-2.567752,8.793170,11.444810,-1,3
68475,570518,172.688221,35850.518142,35850.626535,0, 0, 0, 0,-99.000000,-99.000000,-99.000000,-1,1
68475,570519,172.771487,35850.601408,35850.709801,1, 0, 0, 1,-4.011782,-6.129261,-7.509710,-1,2
68475,570520,172.850016,35850.679937,35850.788330,1, 0, 0, 1,-3.519602,5.666683,-15.562926,-1,2
68475,570521,172.883848,35850.713768,35850.822161,0, 0, 0, 0,-99.000000,-99.000000,-99.000000,-1,0
68475,570522,172.921722,35850.751642,35850.860035,0, 0, 0, 0,-99.000000,-99.000000,-99.000000,-1,0
68475,570523,173.046118,35850.876038,35850.984432,1, 0, 0, 1,0.975003,-1.297030,-4.135608,-1,2
68475,570524,173.170700,35851.000620,35851.109014,0, 0, 0, 0,-99.000000,-99.000000,-99.000000,-1,0
68475,570525,173.476618,35851.306538,35851.414932,1, 0, 0, 1,-8.776571,0.872576,9.504481,-1,2
68475,570526,173.533966,35851.363885,35851.472279,0, 0, 0, 0,-99.000000,-99.000000,-99.000000,-1,1
68475,570527,173.787832,35851.617751,35851.726146,0, 0, 0, 0,-99.000000,-99.000000,-99.000000,-1,1
68475,570528,174.076279,35851.906197,35852.014592,1, 0, 0, 1,-0.075190,-2.083892,-11.652575,-1,2
68475,570529,174.224242,35852.054160,35852.162556,1, 0, 0, 1,-2.156588,3.577446,-16.023571,-1,2
68475,570530,174.352200,35852.182118,35852.290514,0, 0, 0, 0,-99.000000,-99.000000,-99.000000,-1,1
68475,570531,174.393758,35852.223676,35852.332072,0, 0, 0, 0,-99.000000,-99.000000,-99.000000,-1,1
68475,570532,174.433215,35852.263133,35852.371529,1, 0, 0, 1,0.241555,2.265395,2.419683,-1,2
68475,570533,174.437214,35852.267131,35852.375527,0, 0, 0, 0,-99.000000,-99.000000,-99.000000,-1,1
68475,570534,174.450230,35852.280148,35852.388544,1, 0, 0, 1,-5.612967,1.727809,4.228061,-1,2
68475,570535,174.608363,35852.438280,35852.546677,1, 0, 0, 1,-1.764926,-7.224220,-22.233180,-1,2
68475,570536,174.887126,35852.717042,35852.825440,0, 0, 0, 0,-99.000000,-99.000000,-99.000000,-1,1
68475,570537,175.130247,35852.960163,35853.068560,1, 0, 0, 1,-0.584021,2.767354,-11.180617,-1,2
68475,570538,175.593971,35853.423886,35853.532284,1, 0, 0, 1,4.162014,-2.714640,7.543767,-1,2
68475,570539,175.598425,35853.428340,35853.536739,1, 0, 0, 1,7.042788,0.442960,9.521231,-1,2
68475,570540,175.769798,35853.599713,35853.708112,1, 0, 0, 1,1.511195,-4.759143,14.718250,-1,2
68475,570541,175.819691,35853.649606,35853.758005,1, 1, 0, 1,2.121642,-2.237815,8.976442,-1,3
68475,570542,176.023933,35853.853847,35853.962247,1, 0, 0, 1,0.014281,-0.848113,20.142414,-1,2
68475,570543,176.324964,35854.154877,35854.263277,0, 0, 0, 0,-99.000000,-99.000000,-99.000000,-1,1
68475,570544,176.758227,35854.588140,35854.696541,0, 0, 0, 0,-99.000000,-99.000000,-99.000000,-1,0
68475,570545,176.849252,35854.679165,35854.787566,0, 0, 0, 0,-99.000000,-99.000000,-99.000000,-1,1
68475,570546,177.063762,35854.893674,35855.002075,1, 0, 0, 1,2.383285,1.016982,-10.477550,-1,2
68475,570547,177.145278,35854.975190,35855.083591,1, 0, 0, 1,-6.141325,2.790954,10.718423,-1,2
68475,570548,177.167065,35854.996977,35855.105379,1, 0, 0, 1,3.610858,-0.541761,9.686077,-1,2
68475,570549,177.191023,35855.020935,35855.129337,1, 0, 0, 1,-5.011367,-5.604186,16.968192,-1,2
68475,570550,177.215898,35855.045810,35855.154212,0, 0, 0, 0,-99.000000,-99.000000,-99.000000,-1,1
68475,570551,177.447446,35855.277357,35855.385759,1, 0, 0, 1,-2.139103,3.283876,5.910513,-1,2
68475,570552,177.605179,35855.435089,35855.543492,1, 0, 0, 1,1.770863,-1.045132,5.501407,-1,2
68475,570553,177.752359,35855.582269,35855.690672,0, 0, 0, 0,-99.000000,-99.000000,-99.000000,-1,1
68475,570554,177.878863,35855.708773,35855.817176,1, 0, 0, 1,2.770083,-0.463457,-0.620173,-1,2
68475,570555,177.881967,35855.711877,35855.820280,0, 0, 0, 0,-99.000000,-99.000000,-99.000000,-1,1
68475,570556,178.055951,35855.885861,35855.994264,1, 0, 0, 1,-4.893170,1.400568,7.294000,-1,2
68475,570557,178.411595,35856.241504,35856.349909,1, 0, 0, 1,0.441619,-3.324121,-11.622179,-1,2
68475,570558,178.558865,35856.388774,35856.497178,1, 0, 0, 1,1.563054,-2.602430,-8.379134,-1,2
68475,570559,178.646439,35856.476348,35856.584753,1, 0, 0, 1,-7.230394,2.498394,6.460549,-1,2
68475,570560,178.694900,35856.524808,35856.633213,0, 0, 0, 0,-99.000000,-99.000000,-99.000000,-1,1
68475,570561,178.832714,35856.662622,35856.771027,1, 0, 0, 1,-7.069133,-1.869221,-21.430359,-1,2
68475,570562,179.030894,35856.860802,35856.969207,1, 0, 0, 1,-5.899064,3.389495,-18.685950,-1,2
68475,570563,179.052161,35856.882069,35856.990474,1, 0, 0, 1,5.064129,-2.942496,17.630662,-1,2
68475,570564,179.105236,35856.935144,35857.043550,1, 0, 0, 1,-4.094602,6.368097,6.188598,-1,2
68475,570565,179.175551,35857.005458,35857.113864,0, 0, 0, 0,-99.000000,-99.000000,-99.000000,-1,1
68475,570566,179.497443,35857.327350,35857.435756,1, 0, 0, 1,1.423425,7.292217,-10.059525,-1,2
68475,570567,179.692647,35857.522554,35857.630961,0, 0, 0, 0,-99.000000,-99.000000,-99.000000,-1,1
68475,570568,179.758485,35857.588391,35857.696799,1, 0, 0, 1,-0.540875,-2.378459,7.650636,-1,2
68475,570569,179.803198,35857.633104,35857.741511,1, 0, 0, 1,-0.240201,8.464439,8.447404,-1,2
68475,570570,179.820617,35857.650523,35857.758931,0, 0, 0, 0,-99.000000,-99.000000,-99.000000,-1,1
68475,570571,180.011826,35857.841732,35857.950140,1, 0, 0, 1,-8.414158,5.996671,10.929793,-1,2
68475,570572,180.014914,35857.844820,35857.953228,1, 0, 0, 1,3.675866,1.265935,-13.469735,-1,2
68475,570573,180.271450,35858.101356,35858.209764,0, 0, 0, 0,-99.000000,-99.000000,-99.000000,-1,0
68475,570574,180.399676,35858.229582,35858.337990,0, 0, 0, 0,-99.000000,-99.000000,-99.000000,-1,1
68475,570575,180.680025,35858.509930,35858.618339,1, 0, 0, 1,1.145064,-1.061997,3.996189,-1,2
68475,570576,180.889457,35858.719362,35858.827771,0, 0, 0, 0,-99.000000,-99.000000,-99.000000,-1,1
68475,570577,181.010848,35858.840752,35858.949162,1, 0, 0, 1,-2.573872,1.647912,16.495311,-1,2
68475,570578,181.018815,35858.848719,35858.957128,1, 0, 0, 1,5.719222,5.089187,14.024703,-1,3
68475,570579,181.104059,35858.933963,35859.042372,1, 0, 0, 1,-2.539169,9.118858,5.030839,-1,2
68475,570580,181.113088,35858.942991,35859.051401,1, 0, 0, 1,-0.668194,-0.026204,-4.355339,-1,2
68475,570581,181.146677,35858.976581,35859.084990,0, 0, 0, 0,-99.000000,-99.000000,-99.000000,-1,1
68475,570582,181.153806,35858.983710,35859.092119,0, 0, 0, 0,-99.000000,-99.000000,-99.000000,-1,0
68475,570583,181.237275,35859.067178,35859.175588,1, 0, 0, 1,1.209635,-1.038734,-17.454042,-1,2
68475,570584,181.339975,35859.169878,35859.278289,1, 0, 0, 1,2.423191,-1.398437,6.300084,-1,2
68475,570585,181.448709,35859.278613,35859.387023,1, 0, 0, 1,6.072278,-1.130208,-1.693567,-1,3
68475,570586,181.455396,35859.285299,35859.393709,1, 0, 0, 1,8.003723,-2.543423,-4.406998,-1,2
68475,570587,181.491627,35859.321530,35859.429941,1, 0, 0, 1,-5.461388,4.468636,-3.323237,-1,2
68475,570588,181.570295,35859.400198,35859.508609,1, 0, 0, 1,-5.975233,-2.825900,0.322450,-1,2
68475,570589,181.701738,35859.531640,35859.640051,1, 0, 0, 1,1.127210,0.510248,19.880465,-1,2
68475,570590,181.815471,35859.645373,35859.753784,1, 0, 0, 1,8.579649,2.527293,-6.010843,-1,2
68475,570591,182.021273,35859.851175,35859.959587,1, 0, 0, 1,6.862108,-1.229985,-7.216584,-1,2
68475,570592,182.083339,35859.913241,35860.021653,1, 0, 0, 1,-1.456096,-3.779598,13.621328,-1,2
68475,570593,182.179245,35860.009147,35860.117559,1, 0, 0, 1,4.430932,-1.302382,15.248500,-1,2
68475,570594,182.235875,35860.065776,35860.174188,1, 0, 0, 1,-7.031888,-5.549137,2.539265,-1,2
68475,570595,182.418010,35860.247911,35860.356324,1, 0, 0, 1,7.204416,1.602044,8.688788,-1,2
68475,570596,182.597143,35860.427044,35860.535456,0, 0, 0, 0,-99.000000,-99.000000,-99.000000,-1,0
68475,570597,182.608222,35860.438123,35860.546536,1, 0, 0, 1,0.056085,-3.054999,7.221066,-1,2
68475,570598,182.666148,35860.496049,35860.604462,0, 0, 0, 0,-99.000000,-99.000000,-99.000000,-1,1
68475,570599,182.715488,35860.545388,35860.653801,0, 0, 0, 0,-99.000000,-99.000000,-99.000000,-1,0
68475,570600,182.839118,35860.669018,35860.777431,1, 0, 0, 1,-6.226361,3.202078,10.063982,-1,2
68475,570601,182.942020,35860.771920,35860.880334,1, 0, 0, 1,-1.896120,2.619873,-17.284374,-1,2
68475,570602,182.988776,35860.818676,35860.927090,0, 0, 0, 0,-99.000000,-99.000000,-99.000000,-1,1
68475,570603,183.009815,35860.839715,35860.948129,0, 0, 0, 0,-99.000000,-99.000000,-99.000000,-1,1
68475,570604,183.028759,35860.858659,35860.967073,1, 0, 0, 1,5.864737,0.732833,-7.668465,-1,2
68475,570605,183.121749,35860.951649,35861.060063,1, 0, 0, 1,1.502498,-1.000324,-1.879705,-1,2
68475,570606,183.144944,35860.974843,35861.083257,1, 0, 0, 1,-4.203584,0.109187,1.641601,-1,2
68475,570607,183.372560,35861.202459,35861.310873,0, 0, 0, 0,-99.000000,-99.000000,-99.000000,-1,1
68475,570608,183.537996,35861.367894,35861.476309,1, 0, 0, 1,6.372039,0.633685,-12.822405,-1,2
68475,570609,183.587686,35861.417585,35861.526000,1, 0, 0, 1,0.706251,-1.707773,-8.456949,-1,2
68475,570610,183.795100,35861.624998,35861.733413,1, 0, 0, 1,2.531867,-0.096761,20.957628,-1,2
68475,570611,183.848194,35861.678092,35861.786507,0, 0, 0, 0,-99.000000,-99.000000,-99.000000,-1,1
68475,570612,183.936075,35861.765973,35861.874389,0, 0, 0, 0,-99.000000,-99.000000,-99.000000,-1,1
68475,570613,183.951317,35861.781215,35861.889630,1, 0, 0, 1,3.802568,0.030643,3.795784,-1,2
68475,570614,184.021510,35861.851408,35861.959823,0, 0, 0, 0,-99.000000,-99.000000,-99.000000,-1,0
68475,570615,184.104165,35861.934063,35862.042478,0, 0, 0, 0,-99.000000,-99.000000,-99.000000,-1,1
68475,570616,184.330755,35862.160652,35862.269068,0, 0, 0, 0,-99.000000,-99.000000,-99.000000,-1,1
68475,570617,184.560473,35862.390370,35862.498787,0, 0, 0, 0,-99.000000,-99.000000,-99.000000,-1,1
68475,570618,184.645906,35862.475802,35862.584219,0, 0, 0, 0,-99.000000,-99.000000,-99.000000,-1,1
68475,570619,185.027748,35862.857644,35862.966062,1, 0, 0, 1,-0.807864,-1.009275,4.032129,-1,2
68475,570620,185.091280,35862.921176,35863.029594,0, 0, 0, 0,-99.000000,-99.000000,-99.000000,-1,0
68475,570621,185.096930,35862.926825,35863.035243,1, 0, 0, 1,-7.327551,3.118926,-5.826085,-1,2
68475,570622,185.210360,35863.040255,35863.148673,0, 0, 0, 0,-99.000000,-99.000000,-99.000000,-1,1
68475,570623,185.423388,35863.253283,35863.361702,1, 0, 0, 1,-1.487104,8.502287,-10.708050,-1,2
68475,570624,185.445082,35863.274977,35863.383395,0, 0, 0, 0,-99.000000,-99.000000,-99.000000,-1,1
68475,570625,186.043862,35863.873756,35863.982176,1, 0, 0, 1,3.262287,-2.432957,18.400748,-1,2
68475,570626,186.108160,35863.938054,35864.046474,1, 0, 0, 1,-3.979487,-7.014176,7.099706,-1,2
68475,570627,186.315129,35864.145022,35864.253442,1, 0, 0, 1,-4.388582,-5.841796,12.541181,-1,4
68475,570628,186.431358,35864.261251,35864.369672,0, 0, 0, 0,-99.000000,-99.000000,-99.000000,-1,1
68475,570629,186.479875,35864.309768,35864.418189,0, 0, 0, 0,-99.000000,-99.000000,-99.000000,-1,1
68475,570630,186.563418,35864.393310,35864.501731,0, 0, 0, 0,-99.000000,-99.000000,-99.000000,-1,0
68475,570631,186.655516,35864.485409,35864.593830,1, 0, 0, 1,-8.054895,-1.854008,0.619621,-1,2
68475,570632,186.756596,35864.586488,35864.694909,0, 0, 0, 0,-99.000000,-99.000000,-99.000000,-1,1
68475,570633,187.086203,35864.916095,35865.024517,1, 0, 0, 1,-7.468367,-0.775843,12.538330,-1,2
68475,570634,187.091167,35864.921058,35865.029480,0, 0, 0, 0,-99.000000,-99.000000,-99.000000,-1,1
68475,570635,187.181068,35865.010959,35865.119381,0, 0, 0, 0,-99.000000,-99.000000,-99.000000,-1,0
68475,570636,187.279118,35865.109009,35865.217432,1, 0, 0, 1,2.641614,-6.363951,-9.464285,-1,2
68475,570637,187.288843,35865.118734,35865.227156,0, 0, 0, 0,-99.000000,-99.000000,-99.000000,-1,1
68475,570638,187.351872,35865.181764,35865.290186,0, 0, 0, 0,-99.000000,-99.000000,-99.000000,-1,0
68475,570639,187.425024,35865.254915,35865.363338,1, 0, 0, 1,-6.709565,-1.264572,-19.131828,-1,2
68475,570640,187.437599,35865.267490,35865.375912,1, 0, 0, 1,0.564934,-7.361472,-17.004457,-1,2
68475,570641,187.608221,35865.438112,35865.546535,0, 0, 0, 0,-99.000000,-99.000000,-99.000000,-1,1
68475,570642,187.705930,35865.535820,35865.644243,0, 0, 0, 0,-99.000000,-99.000000,-99.000000,-1,1
68475,570643,188.172203,35866.002092,35866.110516,1, 0, 0, 1,-9.974568,-1.321432,-12.154342,-1,3
68475,570644,188.190356,35866.020245,35866.128669,1, 0, 0, 1,1.148042,-6.392911,13.308440,-1,3
68475,570645,188.426543,35866.256431,35866.364856,1, 0, 0, 1,2.217916,-7.033068,15.136989,-1,2
68475,570646,188.625403,35866.455292,35866.563716,0, 0, 0, 0,-99.000000,-99.000000,-99.000000,-1,1
68475,570647,188.690672,35866.520560,35866.628985,1, 1, 0, 1,0.931583,-3.704403,-7.830617,-1,2
68475,570648,188.830389,35866.660277,35866.768702,0, 0, 0, 0,-99.000000,-99.000000,-99.000000,-1,0
68475,570649,188.859707,35866.689595,35866.798020,1, 0, 0, 1,-1.948188,7.631815,-9.393407,-1,2
68475,570650,188.874887,35866.704775,35866.813201,0, 0, 0, 0,-99.000000,-99.000000,-99.000000,-1,1
68475,570651,188.961631,35866.791519,35866.899945,0, 0, 0, 0,-99.000000,-99.000000,-99.000000,-1,0
68475,570652,189.118267,35866.948154,35867.056580,0, 0, 0, 0,-99.000000,-99.000000,-99.000000,-1,1
68475,570653,189.226621,35867.056509,35867.164935,1, 0, 0, 1,1.908229,-3.828243,13.240556,-1,2
68475,570654,189.247164,35867.077051,35867.185477,0, 0, 0, 0,-99.000000,-99.000000,-99.000000,-1,1
68475,570655,189.272137,35867.102024,35867.210450,0, 0, 0, 0,-99.000000,-99.000000,-99.000000,-1,1
68475,570656,189.652772,35867.482658,35867.591086,0, 0, 0, 0,-99.000000,-99.000000,-99.000000,-1,1
68475,570657,189.655526,35867.485413,35867.593840,0, 0, 0, 0,-99.000000,-99.000000,-99.000000,-1,1
68475,570658,189.707619,35867.537505,35867.645933,1, 0, 0, 1,-6.383055,0.382728,7.144064,-1,2
68475,570659,189.722395,35867.552282,35867.660709,1, 0, 0, 1,3.710900,13.057193,-2.783103,-1,2
68475,570660,189.874737,35867.704623,35867.813051,1, 0, 0, 1,-4.919203,6.432144,-6.065035,-1,2
68475,570661,189.992737,35867.822623,35867.931051,1, 0, 0, 1,4.413456,-3.700618,18.858664,-1,2
68475,570662,190.047640,35867.877526,35867.985954,1, 0, 0, 1,-4.448519,-3.252182,0.812712,-1,5
68475,570663,190.081842,35867.911728,35868.020156,0, 0, 0, 0,-99.000000,-99.000000,-99.000000,-1,1
68475,570664,190.153969,35867.983854,35868.092282,0, 0, 0, 0,-99.000000,-99.000000,-99.000000,-1,0
68475,570665,190.234314,35868.064199,35868.172628,0, 0, 0, 0,-99.000000,-99.000000,-99.000000,-1,1
68475,570666,190.357109,35868.186994,35868.295422,0, 0, 0, 0,-99.000000,-99.000000,-99.000000,-1,0
68475,570667,190.493444,35868.323329,35868.431758,1, 0, 0, 1,2.037048,-2.786188,7.787759,-1,2
68475,570668,190.533028,35868.362913,35868.471342,0, 0, 0, 0,-99.000000,-99.000000,-99.000000,-1,1
68475,570669,190.538637,35868.368522,35868.476951,0, 0, 0, 0,-99.000000,-99.000000,-99.000000,-1,1
68475,570670,190.572796,35868.402680,35868.511109,1, 0, 0, 1,1.061818,-1.688778,16.868259,-1,2
68475,570671,190.585355,35868.415240,35868.523669,1, 0, 0, 1,-5.402192,1.832368,12.420590,-1,2
68475,570672,190.671273,35868.501158,35868.609587,0, 0, 0, 0,-99.000000,-99.000000,-99.000000,-1,0
68475,570673,190.731073,35868.560958,35868.669387,0, 0, 0, 0,-99.000000,-99.000000,-99.000000,-1,1
68475,570674,190.915917,35868.745800,35868.854230,1, 0, 0, 1,2.968673,-3.545023,14.101046,-1,2
68475,570675,191.041805,35868.871689,35868.980119,1, 0, 0, 1,4.078173,0.066241,6.758847,-1,2
68475,570676,191.053164,35868.883048,35868.991478,0, 0, 0, 0,-99.000000,-99.000000,-99.000000,-1,1
68475,570677,191.118520,35868.948404,35869.056834,0, 0, 0, 0,-99.000000,-99.000000,-99.000000,-1,1
68475,570678,191.184958,35869.014841,35869.123271,1, 0, 0, 1,1.095627,-1.342630,-15.144395,-1,2
68475,570679,191.210383,35869.040266,35869.148697,0, 0, 0, 0,-99.000000,-99.000000,-99.000000,-1,1
68475,570680,191.329606,35869.159489,35869.267920,0, 0, 0, 0,-99.000000,-99.000000,-99.000000,-1,1
68475,570681,191.354331,35869.184214,35869.292645,1, 0, 0, 1,-7.850950,1.777822,-8.078201,-1,2
68475,570682,191.539368,35869.369251,35869.477682,0, 0, 0, 0,-99.000000,-99.000000,-99.000000,-1,1
68475,570683,191.610409,35869.440291,35869.548723,1, 0, 0, 1,8.359631,-1.073105,1.356808,-1,2
68475,570684,191.707118,35869.537001,35869.645432,1, 0, 0, 1,-4.028609,9.801000,-15.875988,-1,2
68475,570685,191.745110,35869.574992,35869.683423,1, 0, 0, 1,3.353565,3.978408,9.963411,-1,2
68475,570686,191.766892,35869.596775,35869.705206,1, 0, 0, 1,4.460319,-3.583674,16.117716,-1,2
68475,570687,191.968396,35869.798277,35869.906709,1, 0, 0, 1,-6.747310,4.042220,-0.638788,-1,2
68475,570688,191.977727,35869.807609,35869.916041,1, 0, 0, 1,-5.573335,4.057125,14.492779,-1,2
68475,570689,192.173752,35870.003633,35870.112065,0, 0, 0, 0,-99.000000,-99.000000,-99.000000,-1,1
68475,570690,192.240637,35870.070519,35870.178951,1, 0, 0, 1,-4.181675,5.866809,16.605558,-1,2
68475,570691,192.248509,35870.078390,35870.186823,1, 0, 0, 1,-12.099763,-2.848408,6.589648,-1,2
68475,570692,192.398262,35870.228143,35870.336575,0, 0, 0, 0,-99.000000,-99.000000,-99.000000,-1,1
68475,570693,192.434888,35870.264769,35870.373201,1, 0, 0, 1,1.655024,-4.156153,19.814405,-1,2
68475,570694,192.486959,35870.316840,35870.425273,0, 0, 0, 0,-99.000000,-99.000000,-99.000000,-1,1
68475,570695,192.494364,35870.324245,35870.432678,0, 0, 0, 0,-99.000000,-99.000000,-99.000000,-1,0
68475,570696,192.554724,35870.384604,35870.493037,1, 0, 0, 1,-1.908145,5.483719,-8.096888,-1,2
68475,570697,192.621151,35870.451032,35870.559465,0, 0, 0, 0,-99.000000,-99.000000,-99.000000,-1,0
68475,570698,192.734919,35870.564799,35870.673232,0, 0, 0, 0,-99.000000,-99.000000,-99.000000,-1,1
68475,570699,192.874336,35870.704216,35870.812649,0, 0, 0, 0,-99.000000,-99.000000,-99.000000,-1,0
68475,570700,192.891233,35870.721112,35870.829546,1, 0, 0, 1,2.383916,-5.377827,12.663991,-1,2
68475,570701,193.014336,35870.844216,35870.952650,1, 0, 0, 1,8.100800,-12.500950,-2.770614,-1,2
68475,570702,193.179995,35871.009874,35871.118308,1, 0, 0, 1,5.164244,-4.707608,-13.011889,-1,2
68475,570703,193.257001,35871.086880,35871.195314,1, 0, 0, 1,4.969447,2.105639,6.573859,-1,2
68475,570704,193.272108,35871.101987,35871.210421,1, 0, 0, 1,7.765969,5.877011,13.345252,-1,3
68475,570705,193.278847,35871.108726,35871.217161,0, 0, 0, 0,-99.000000,-99.000000,-99.000000,-1,1
68475,570706,193.316560,35871.146439,35871.254873,1, 0, 0, 1,0.799331,9.999981,0.596873,-1,4
68475,570707,193.322553,35871.152432,35871.260867,0, 0, 0, 0,-99.000000,-99.000000,-99.000000,-1,1
68475,570708,193.673103,35871.502982,35871.611417,1, 0, 0, 1,3.606329,1.154579,-4.106014,-1,2
68475,570709,193.717406,35871.547284,35871.655719,1, 0, 0, 1,4.829167,-0.789563,15.193095,-1,2
68475,570710,193.904731,35871.734609,35871.843045,1, 0, 0, 1,5.599776,-2.399211,6.025687,-1,2
68475,570711,193.951101,35871.780979,35871.889415,0, 0, 0, 0,-99.000000,-99.000000,-99.000000,-1,0
68475,570712,194.182187,35872.012064,35872.120500,0, 0, 0, 0,-99.000000,-99.000000,-99.000000,-1,1
68475,570713,194.243266,35872.073144,35872.181580,0, 0, 0, 0,-99.000000,-99.000000,-99.000000,-1,0
68475,570714,194.350084,35872.179961,35872.288398,1, 0, 0, 1,-4.775033,2.551783,14.524240,-1,2
68475,570715,194.401876,35872.231753,35872.340190,1, 0, 0, 1,-7.752080,0.814999,9.342596,-1,2
68475,570716,194.537087,35872.366964,35872.475401,1, 0, 0, 1,-4.825636,-3.080842,-15.700811,-1,2
68475,570717,194.827499,35872.657375,35872.765813,0, 0, 0, 0,-99.000000,-99.000000,-99.000000,-1,0
68475,570718,194.962257,35872.792133,35872.900571,0, 0, 0, 0,-99.000000,-99.000000,-99.000000,-1,1
68475,570719,195.187817,35873.017693,35873.126131,0, 0, 0, 0,-99.000000,-99.000000,-99.000000,-1,1
68475,570720,195.210711,35873.040586,35873.149024,0, 0, 0, 0,-99.000000,-99.000000,-99.000000,-1,0
68475,570721,195.582099,35873.411973,35873.520412,0, 0, 0, 0,-99.000000,-99.000000,-99.000000,-1,1
68475,570722,195.585387,35873.415261,35873.523700,1, 0, 0, 1,2.307182,-2.837028,10.607244,-1,2
68475,570723,195.627139,35873.457013,35873.565452,0, 0, 0, 0,-99.000000,-99.000000,-99.000000,-1,1
68475,570724,195.711534,35873.541408,35873.649848,0, 0, 0, 0,-99.000000,-99.000000,-99.000000,-1,1
68475,570725,195.727383,35873.557257,35873.665696,1, 0, 0, 1,9.073836,-3.567397,1.022527,-1,2
68475,570726,195.832075,35873.661949,35873.770388,0, 0, 0, 0,-99.000000,-99.000000,-99.000000,-1,1
68475,570727,195.940783,35873.770657,35873.879097,1, 0, 0, 1,5.526672,1.016474,2.677414,-1,2
68475,570728,195.947860,35873.777734,35873.886174,0, 0, 0, 0,-99.000000,-99.000000,-99.000000,-1,1
68475,570729,196.128710,35873.958584,35874.067024,1, 0, 0, 1,0.371256,0.981910,8.760051,-1,2
68475,570730,196.150935,35873.980808,35874.089249,0, 0, 0, 0,-99.000000,-99.000000,-99.000000,-1,1
68475,570731,196.250326,35874.080199,35874.188640,1, 0, 0, 1,-3.958389,-3.840203,-2.135777,-1,2
68475,570732,196.302760,35874.132633,35874.241074,0, 0, 0, 0,-99.000000,-99.000000,-99.000000,-1,1
68475,570733,196.365962,35874.195835,35874.304276,0, 0, 0, 0,-99.000000,-99.000000,-99.000000,-1,1
68475,570734,196.433347,35874.263219,35874.371660,0, 0, 0, 0,-99.000000,-99.000000,-99.000000,-1,1
68475,570735,196.501725,35874.331597,35874.440038,1, 0, 0, 1,4.025843,6.514166,9.509845,-1,2
68475,570736,196.503968,35874.333840,35874.442281,1, 0, 0, 1,-6.360848,-6.360296,2.861665,-1,2
68475,570737,196.520466,35874.350339,35874.458780,1, 0, 0, 1,2.548793,-2.620668,2.624513,-1,2
68475,570738,196.842271,35874.672143,35874.780584,1, 0, 0, 1,-7.011056,-0.312830,-1.065013,-1,2
68475,570739,196.936012,35874.765884,35874.874325,0, 0, 0, 0,-99.000000,-99.000000,-99.000000,-1,0
68475,570740,197.003549,35874.833421,35874.941863,1, 0, 0, 1,6.040573,2.555380,-7.258754,-1,2
68475,570741,197.283782,35875.113653,35875.222095,1, 0, 0, 1,-3.145427,7.554349,4.027231,-1,3
68475,570742,197.374578,35875.204449,35875.312891,0, 0, 0, 0,-99.000000,-99.000000,-99.000000,-1,1
68475,570743,197.478108,35875.307979,35875.416422,0, 0, 0, 0,-99.000000,-99.000000,-99.000000,-1,1
68475,570744,197.597447,35875.427317,35875.535760,0, 0, 0, 0,-99.000000,-99.000000,-99.000000,-1,1
68475,570745,197.660001,35875.489871,35875.598315,1, 0, 0, 1,-0.049086,-4.771879,2.719554,-1,2
68475,570746,197.709699,35875.539569,35875.648013,1, 0, 0, 1,-2.393816,-4.580327,-17.358942,-1,2
68475,570747,197.743100,35875.572970,35875.681413,1, 0, 0, 1,0.615680,4.823180,5.969839,-1,2
68475,570748,197.792332,35875.622202,35875.730646,1, 0, 0, 1,-1.308271,3.923923,17.595758,-1,2
68475,570749,197.836246,35875.666116,35875.774559,1, 0, 0, 1,7.194924,1.648859,18.605786,-1,2
68475,570750,197.897385,35875.727254,35875.835698,1, 0, 0, 1,-2.583959,-7.542041,-1.629729,-1,2
68475,570751,197.926608,35875.756478,35875.864922,1, 0, 0, 1,2.680574,-1.067949,-5.839309,-1,2
68475,570752,197.979815,35875.809684,35875.918128,0, 0, 0, 0,-99.000000,-99.000000,-99.000000,-1,1
68475,570753,197.997761,35875.827631,35875.936075,0, 0, 0, 0,-99.000000,-99.000000,-99.000000,-1,1
68475,570754,198.066953,35875.896822,35876.005267,0, 0, 0, 0,-99.000000,-99.000000,-99.000000,-1,1
68475,570755,198.126963,35875.956832,35876.065276,0, 0, 0, 0,-99.000000,-99.000000,-99.000000,-1,1
68475,570756,198.177954,35876.007824,35876.116268,1, 0, 0, 1,2.299075,3.224258,5.897948,-1,2
68475,570757,198.237171,35876.067040,35876.175484,1, 0, 0, 1,2.479154,-6.257645,19.047394,-1,2
68475,570758,198.239392,35876.069261,35876.177705,1, 0, 0, 1,-2.468522,1.716758,-12.210899,-1,2
68475,570759,198.251619,35876.081488,35876.189933,1, 0, 0, 1,-5.434236,-3.102862,6.772422,-1,2
68475,570760,198.415973,35876.245842,35876.354286,0, 0, 0, 0,-99.000000,-99.000000,-99.000000,-1,0
68475,570761,198.458496,35876.288365,35876.396810,1, 0, 0, 1,1.810822,2.258674,-8.730262,-1,2
68475,570762,198.703229,35876.533097,35876.641542,1, 0, 0, 1,-0.599615,-8.901958,20.697293,-1,2
68475,570763,198.705252,35876.535120,35876.643566,0, 0, 0, 0,-99.000000,-99.000000,-99.000000,-1,1
68475,570764,198.725389,35876.555257,35876.663702,0, 0, 0, 0,-99.000000,-99.000000,-99.000000,-1,1
68475,570765,198.812118,35876.641985,35876.750431,1, 0, 0, 1,-1.100458,3.648262,19.922779,-1,2
68475,570766,198.879380,35876.709248,35876.817693,1, 0, 0, 1,-7.538598,4.926644,-2.148288,-1,2
68475,570767,198.964184,35876.794051,35876.902497,1, 0, 0, 1,6.868991,-8.628342,-4.074399,-1,2
68475,570768,199.004204,35876.834071,35876.942517,1, 0, 0, 1,-7.156631,5.850794,18.995162,-1,2
68475,570769,199.361101,35877.190968,35877.299414,1, 0, 0, 1,-0.536339,5.160343,-12.142292,-1,2
68475,570770,199.384382,35877.214248,35877.322695,1, 0, 0, 1,6.671218,8.669754,13.718141,-1,3
68475,570771,199.543784,35877.373650,35877.482097,1, 0, 0, 1,7.956250,-0.958146,15.922492,-1,2
68475,570772,199.703915,35877.533781,35877.642228,0, 0, 0, 0,-99.000000,-99.000000,-99.000000,-1,1
68475,570773,199.769282,35877.599148,35877.707596,0, 0, 0, 0,-99.000000,-99.000000,-99.000000,-1,1
68475,570774,199.840648,35877.670514,35877.778962,0, 0, 0, 0,-99.000000,-99.000000,-99.000000,-1,1
68475,570775,200.026647,35877.856513,35877.964961,1, 0, 0, 1,0.423011,-8.050270,13.977038,-1,2
68475,570776,200.092431,35877.922296,35878.030745,0, 0, 0, 0,-99.000000,-99.000000,-99.000000,-1,1
68475,570777,200.162381,35877.992246,35878.100694,1, 0, 0, 1,-6.619966,-1.393093,-11.943428,-1,2
68475,570778,200.334201,35878.164066,35878.272515,0, 0, 0, 0,-99.000000,-99.000000,-99.000000,-1,0
68475,570779,200.367037,35878.196902,35878.305351,0, 0, 0, 0,-99.000000,-99.000000,-99.000000,-1,1
68475,570780,200.725640,35878.555504,35878.663953,1, 0, 0, 1,6.183149,9.406565,4.593757,-1,3
68475,570781,200.729395,35878.559259,35878.667708,1, 0, 0, 1,-0.573267,-8.207297,7.090893,-1,3
68475,570782,200.791783,35878.621647,35878.730096,0, 0, 0, 0,-99.000000,-99.000000,-99.000000,-1,1
68475,570783,200.907692,35878.737556,35878.846006,1, 0, 0, 1,-4.336920,2.946730,-11.760218,-1,2
68475,570784,200.924903,35878.754767,35878.863216,1, 0, 0, 1,3.930856,-5.575173,16.908013,-1,2
68475,570785,200.974750,35878.804613,35878.913063,1, 0, 0, 1,-0.655292,-1.245015,-9.120265,-1,2
68475,570786,201.087076,35878.916939,35879.025389,1, 0, 0, 1,0.046269,3.602296,-2.942111,-1,2
68475,570787,201.138412,35878.968275,35879.076725,1, 0, 0, 1,3.799823,12.404429,6.786403,-1,2
68475,570788,201.291428,35879.121291,35879.229741,1, 0, 0, 1,-5.930841,-6.245443,20.225948,-1,2
68475,570789,201.348921,35879.178784,35879.287235,1, 0, 0, 1,6.322058,-5.768534,-5.286644,-1,2
68475,570790,201.460882,35879.290745,35879.399196,1, 0, 0, 1,6.182143,2.457056,-17.916229,-1,2
68475,570791,201.521650,35879.351512,35879.459963,1, 0, 0, 1,-2.070700,3.466325,14.456163,-1,2
68475,570792,201.545387,35879.375250,35879.483701,0, 0, 0, 0,-99.000000,-99.000000,-99.000000,-1,0
68475,570793,201.745462,35879.575324,35879.683776,0, 0, 0, 0,-99.000000,-99.000000,-99.000000,-1,1
68475,570794,201.766059,35879.595921,35879.704372,1, 0, 0, 1,-1.805336,-4.880854,-20.570719,-1,2
68475,570795,201.796458,35879.626320,35879.734771,0, 0, 0, 0,-99.000000,-99.000000,-99.000000,-1,1
68475,570796,201.843288,35879.673149,35879.781601,1, 0, 0, 1,-3.344789,0.686329,11.843240,-1,2
68475,570797,202.031830,35879.861691,35879.970143,1, 0, 0, 1,-1.842423,1.990426,-14.296410,-1,2
68475,570798,202.104349,35879.934210,35880.042662,1, 0, 0, 1,-2.487324,4.576204,-7.471949,-1,2
68475,570799,202.106270,35879.936131,35880.044583,0, 0, 0, 0,-99.000000,-99.000000,-99.000000,-1,1
68475,570800,202.175955,35880.005816,35880.114268,0, 0, 0, 0,-99.000000,-99.000000,-99.000000,-1,1
68475,570801,202.296142,35880.126003,35880.234455,1, 0, 0, 1,0.118197,-5.897873,-6.974267,-1,2
68475,570802,202.464375,35880.294236,35880.402689,1, 0, 0, 1,3.760277,-7.084220,10.483800,-1,2
68475,570803,202.959368,35880.789227,35880.897681,1, 0, 0, 1,-1.891452,6.821506,-8.585554,-1,2
68475,570804,203.012063,35880.841922,35880.950376,0, 0, 0, 0,-99.000000,-99.000000,-99.000000,-1,0
68475,570805,203.122238,35880.952097,35881.060552,0, 0, 0, 0,-99.000000,-99.000000,-99.000000,-1,1
68475,570806,203.134229,35880.964088,35881.072542,1, 0, 0, 1,-0.004884,1.233557,-16.269124,-1,2
68475,570807,203.173844,35881.003703,35881.112158,1, 0, 0, 1,7.644431,-0.651119,-16.733249,-1,2
68475,570808,203.227592,35881.057450,35881.165905,1, 0, 0, 1,-5.774165,-0.515949,17.156496,-1,2
68475,570809,203.246249,35881.076108,35881.184563,0, 0, 0, 0,-99.000000,-99.000000,-99.000000,-1,1
68475,570810,203.259767,35881.089626,35881.198080,1, 0, 0, 1,3.398778,-6.999963,-0.461993,-1,2
68475,570811,203.343016,35881.172875,35881.281330,1, 0, 0, 1,7.830689,3.245798,4.327667,-1,2
68475,570812,203.393975,35881.223834,35881.332289,0, 0, 0, 0,-99.000000,-99.000000,-99.000000,-1,0
68475,570813,203.773234,35881.603092,35881.711547,1, 0, 0, 1,-6.616066,-1.200887,-13.636624,-1,2
68475,570814,203.904062,35881.733920,35881.842376,1, 0, 0, 1,2.070187,-4.053617,-15.338662,-1,2
68475,570815,203.976328,35881.806185,35881.914641,1, 0, 0, 1,-7.249180,-1.393048,-17.724872,-1,2
68475,570816,204.102052,35881.931909,35882.040365,1, 0, 0, 1,6.851515,-2.749634,-3.052379,-1,2
68475,570817,204.189269,35882.019125,35882.127582,0, 0, 0, 0,-99.000000,-99.000000,-99.000000,-1,1
68475,570818,204.214123,35882.043980,35882.152436,1, 0, 0, 1,-7.138378,-6.003237,-17.965342,-1,2
68475,570819,204.489791,35882.319647,35882.428105,0, 0, 0, 0,-99.000000,-99.000000,-99.000000,-1,1
68475,570820,204.571176,35882.401032,35882.509490,1, 0, 0, 1,2.846591,5.683234,14.614347,-1,2
68475,570821,204.597387,35882.427244,35882.535701,0, 0, 0, 0,-99.000000,-99.000000,-99.000000,-1,1
68475,570822,204.913740,35882.743595,35882.852053,1, 0, 0, 1,3.213977,6.454612,8.691392,-1,2
68475,570823,205.326827,35883.156681,35883.265140,1, 0, 0, 1,-3.363140,-9.625303,19.750220,-1,2
68475,570824,205.360829,35883.190684,35883.299143,1, 0, 0, 1,-0.560917,4.503632,10.631504,-1,2
68475,570825,205.586503,35883.416357,35883.524817,1, 0, 0, 1,6.686509,-2.992462,19.346297,-1,2
68475,570826,205.621367,35883.451221,35883.559680,0, 0, 0, 0,-99.000000,-99.000000,-99.000000,-1,1
68475,570827,205.911057,35883.740910,35883.849370,1, 0, 0, 1,-8.465994,-1.155080,6.660700,-1,13
68475,570828,206.044376,35883.874229,35883.982689,0, 0, 0, 0,-99.000000,-99.000000,-99.000000,-1,1
68475,570829,206.142795,35883.972648,35884.081109,0, 0, 0, 0,-99.000000,-99.000000,-99.000000,-1,0
68475,570830,206.258340,35884.088193,35884.196654,1, 0, 0, 1,2.266173,1.007905,-14.949401,-1,2
68475,570831,206.525888,35884.355740,35884.464201,0, 0, 0, 0,-99.000000,-99.000000,-99.000000,-1,1
68475,570832,206.574574,35884.404427,35884.512888,0, 0, 0, 0,-99.000000,-99.000000,-99.000000,-1,1
68475,570833,206.614324,35884.444176,35884.552637,0, 0, 0, 0,-99.000000,-99.000000,-99.000000,-1,1
68475,570834,206.639906,35884.469758,35884.578220,0, 0, 0, 0,-99.000000,-99.000000,-99.000000,-1,1
68475,570835,206.706720,35884.536571,35884.645033,0, 0, 0, 0,-99.000000,-99.000000,-99.000000,-1,0
68475,570836,206.715145,35884.544997,35884.653459,1, 0, 0, 1,4.899458,-0.825916,-1.138663,-1,2
68475,570837,207.220411,35885.050262,35885.158724,0, 0, 0, 0,-99.000000,-99.000000,-99.000000,-1,1
68475,570838,207.360493,35885.190344,35885.298807,1, 0, 0, 1,3.535641,-3.515150,19.046408,-1,2
68475,570839,207.427571,35885.257421,35885.365884,1, 0, 0, 1,2.230771,-4.018362,-7.719899,-1,2
68475,570840,207.591601,35885.421451,35885.529914,0, 0, 0, 0,-99.000000,-99.000000,-99.000000,-1,0
68475,570841,207.646832,35885.476682,35885.585145,1, 0, 0, 1,-1.853842,3.695393,-10.331921,-1,2
68475,570842,207.710777,35885.540627,35885.649091,0, 0, 0, 0,-99.000000,-99.000000,-99.000000,-1,0
68475,570843,207.738925,35885.568775,35885.677238,1, 0, 0, 1,-0.179529,2.217451,-5.721735,-1,2
68475,570844,207.950423,35885.780273,35885.888737,1, 0, 0, 1,-2.379109,-6.715554,18.980440,-1,2
68475,570845,207.972499,35885.802348,35885.910812,0, 0, 0, 0,-99.000000,-99.000000,-99.000000,-1,1
68475,570846,208.042779,35885.872628,35885.981093,0, 0, 0, 0,-99.000000,-99.000000,-99.000000,-1,1
68475,570847,208.084826,35885.914675,35886.023140,0, 0, 0, 0,-99.000000,-99.000000,-99.000000,-1,0
68475,570848,208.176099,35886.005948,35886.114412,1, 0, 0, 1,-2.762367,2.795288,11.092538,-1,2
68475,570849,208.238948,35886.068797,35886.177261,0, 0, 0, 0,-99.000000,-99.000000,-99.000000,-1,0
68475,570850,208.570456,35886.400304,35886.508770,1, 0, 0, 1,-9.032559,1.841853,-5.505230,-1,2
68475,570851,208.593835,35886.423683,35886.532149,0, 0, 0, 0,-99.000000,-99.000000,-99.000000,-1,1
68475,570852,208.804343,35886.634191,35886.742657,0, 0, 0, 0,-99.000000,-99.000000,-99.000000,-1,1
68475,570853,208.889795,35886.719642,35886.828108,0, 0, 0, 0,-99.000000,-99.000000,-99.000000,-1,0
68475,570854,208.901613,35886.731460,35886.839926,0, 0, 0, 0,-99.000000,-99.000000,-99.000000,-1,1
68475,570855,208.960648,35886.790496,35886.898962,1, 0, 0, 1,-0.327032,-2.723068,-11.330390,-1,2
68475,570856,209.146285,35886.976131,35887.084598,1, 0, 0, 1,5.393300,1.041116,8.141796,-1,2
68475,570857,209.310184,35887.140031,35887.248497,0, 0, 0, 0,-99.000000,-99.000000,-99.000000,-1,1
68475,570858,209.560663,35887.390509,35887.498977,1, 0, 0, 1,0.826229,-4.468187,3.661656,-1,2
68475,570859,209.571789,35887.401635,35887.510103,1, 0, 0, 1,5.438905,-5.585376,8.612669,-1,2
68475,570860,209.711994,35887.541840,35887.650307,1, 0, 0, 1,-0.888446,1.386320,-7.985152,-1,2
68475,570861,209.977395,35887.807241,35887.915709,1, 0, 0, 1,14.845057,15.866738,-13.071596,-1,2
68475,570862,210.081881,35887.911727,35888.020195,1, 0, 0, 1,8.428861,-3.672729,-19.136203,-1,4
68475,570863,210.112403,35887.942248,35888.050717,1, 0, 0, 1,7.547948,17.177743,9.468960,-1,2
68475,570864,210.238739,35888.068584,35888.177053,0, 0, 0, 0,-99.000000,-99.000000,-99.000000,-1,0
68475,570865,210.250175,35888.080019,35888.188488,1, 0, 0, 1,9.080687,-1.924028,4.142811,-1,2
68475,570866,210.398824,35888.228669,35888.337138,0, 0, 0, 0,-99.000000,-99.000000,-99.000000,-1,0
68475,570867,210.445471,35888.275315,35888.383785,1, 0, 0, 1,-6.858725,4.055106,18.888491,-1,2
68475,570868,210.629374,35888.459218,35888.567687,1, 0, 0, 1,-2.799808,-5.641890,-1.542994,-1,3
68475,570869,210.651355,35888.481199,35888.589668,1, 0, 0, 1,-2.259216,-10.661796,4.143396,-1,2
68475,570870,211.602501,35889.432343,35889.540814,0, 0, 0, 0,-99.000000,-99.000000,-99.000000,-1,1
68475,570871,211.626133,35889.455975,35889.564446,0, 0, 0, 0,-99.000000,-99.000000,-99.000000,-1,0
68475,570872,211.800775,35889.630616,35889.739088,0, 0, 0, 0,-99.000000,-99.000000,-99.000000,-1,0
68475,570873,211.868459,35889.698300,35889.806772,0, 0, 0, 0,-99.000000,-99.000000,-99.000000,-1,1
68475,570874,211.941524,35889.771365,35889.879838,1, 1, 0, 1,-1.199543,2.941088,17.024624,-1,3
68475,570875,211.991560,35889.821401,35889.929873,0, 0, 0, 0,-99.000000,-99.000000,-99.000000,-1,1
68475,570876,212.062838,35889.892679,35890.001152,1, 0, 0, 1,-6.140065,3.586774,-22.222453,-1,2
68475,570877,212.092003,35889.921844,35890.030316,1, 0, 0, 1,-5.681900,-1.982748,-1.276405,-1,2
68475,570878,212.269908,35890.099749,35890.208222,1, 0, 0, 1,-1.609138,2.155215,-14.947259,-1,2
68475,570879,212.332587,35890.162428,35890.270901,1, 0, 0, 1,-2.666271,-6.043057,0.936039,-1,2
68475,570880,212.336462,35890.166302,35890.274775,1, 0, 0, 1,8.703544,0.324757,-19.354574,-1,2
68475,570881,212.705503,35890.535343,35890.643817,1, 0, 0, 1,-0.135090,5.218874,-16.026767,-1,2
68475,570882,212.755000,35890.584839,35890.693313,1, 0, 0, 1,-7.373774,4.412343,-10.887420,-1,2
68475,570883,212.762066,35890.591906,35890.700380,0, 0, 0, 0,-99.000000,-99.000000,-99.000000,-1,1
68475,570884,212.950558,35890.780397,35890.888872,0, 0, 0, 0,-99.000000,-99.000000,-99.000000,-1,1
68475,570885,213.023223,35890.853062,35890.961537,0, 0, 0, 0,-99.000000,-99.000000,-99.000000,-1,1
68475,570886,213.126252,35890.956091,35891.064566,0, 0, 0, 0,-99.000000,-99.000000,-99.000000,-1,1
68475,570887,213.209422,35891.039261,35891.147736,0, 0, 0, 0,-99.000000,-99.000000,-99.000000,-1,1
68475,570888,213.212739,35891.042578,35891.151053,1, 0, 0, 1,7.873912,4.269496,-7.722305,-1,2
68475,570889,213.240678,35891.070517,35891.178992,0, 0, 0, 0,-99.000000,-99.000000,-99.000000,-1,1
68475,570890,213.339883,35891.169722,35891.278197,1, 0, 0, 1,-6.968803,-2.447539,6.527801,-1,2
68475,570891,213.547792,35891.377630,35891.486106,1, 0, 0, 1,-1.246087,-6.416822,-1.959850,-1,2
68475,570892,213.616218,35891.446056,35891.554532,0, 0, 0, 0,-99.000000,-99.000000,-99.000000,-1,1
68475,570893,213.751464,35891.581302,35891.689778,1, 0, 0, 1,7.910241,3.243437,13.079016,-1,2
68475,570894,213.764277,35891.594114,35891.702590,0, 0, 0, 0,-99.000000,-99.000000,-99.000000,-1,1
68475,570895,213.776236,35891.606073,35891.714549,1, 0, 0, 1,-3.905659,6.909842,-8.277642,-1,2
68475,570896,214.073595,35891.903432,35892.011908,1, 0, 0, 1,0.605047,4.105942,-15.447969,-1,2
68475,570897,214.074921,35891.904758,35892.013235,1, 0, 0, 1,5.894618,4.025338,4.077959,-1,2
68475,570898,214.115647,35891.945484,35892.053961,1, 0, 0, 1,-2.569387,-1.764385,-9.257679,-1,2
68475,570899,214.275374,35892.105210,35892.213687,1, 0, 0, 1,-4.211363,8.327453,13.223681,-1,2
68475,570900,214.290296,35892.120132,35892.228609,1, 0, 0, 1,0.854625,0.214565,-21.400937,-1,2
68475,570901,214.326555,35892.156391,35892.264868,1, 0, 0, 1,2.783974,2.180473,5.477675,-1,2
68475,570902,214.669379,35892.499215,35892.607692,0, 0, 0, 0,-99.000000,-99.000000,-99.000000,-1,1
68475,570903,214.723468,35892.553303,35892.661781,1, 0, 0, 1,6.923615,-4.206390,17.030752,-1,2
68475,570904,214.765860,35892.595695,35892.704173,1, 0, 0, 1,0.929334,2.632455,-15.599865,-1,2
68475,570905,214.987065,35892.816900,35892.925378,1, 0, 0, 1,-1.753247,7.424963,10.548971,-1,2
68475,570906,215.118844,35892.948679,35893.057158,1, 0, 0, 1,0.803123,-2.732578,-17.615565,-1,2
68475,570907,215.205238,35893.035073,35893.143552,0, 0, 0, 0,-99.000000,-99.000000,-99.000000,-1,1
68475,570908,215.310921,35893.140756,35893.249235,1, 0, 0, 1,-7.242859,3.437609,6.496531,-1,4
68475,570909,215.399344,35893.229178,35893.337657,0, 0, 0, 0,-99.000000,-99.000000,-99.000000,-1,0
68475,570910,215.591383,35893.421217,35893.529696,0, 0, 0, 0,-99.000000,-99.000000,-99.000000,-1,0
68475,570911,215.853968,35893.683801,35893.792281,0, 0, 0, 0,-99.000000,-99.000000,-99.000000,-1,1
68475,570912,215.963491,35893.793324,35893.901804,1, 0, 0, 1,-2.342845,7.046567,-4.881342,-1,2
68475,570913,216.146698,35893.976530,35894.085011,0, 0, 0, 0,-99.000000,-99.000000,-99.000000,-1,1
68475,570914,216.408450,35894.238282,35894.346763,0, 0, 0, 0,-99.000000,-99.000000,-99.000000,-1,1
68475,570915,216.410497,35894.240329,35894.348811,1, 0, 0, 1,-5.742301,-2.491167,-15.663643,-1,2
68475,570916,216.442780,35894.272613,35894.381094,0, 0, 0, 0,-99.000000,-99.000000,-99.000000,-1,0
68475,570917,216.617639,35894.447471,35894.555952,0, 0, 0, 0,-99.000000,-99.000000,-99.000000,-1,1
68475,570918,216.798522,35894.628354,35894.736836,0, 0, 0, 0,-99.000000,-99.000000,-99.000000,-1,1
68475,570919,217.002667,35894.832498,35894.940980,1, 0, 0, 1,1.630852,-3.740493,17.945921,-1,2
68475,570920,217.012650,35894.842481,35894.950964,1, 0, 0, 1,6.816462,-3.688372,15.091179,-1,2
68475,570921,217.027145,35894.856976,35894.965458,0, 0, 0, 0,-99.000000,-99.000000,-99.000000,-1,0
68475,570922,217.351504,35895.181335,35895.289818,1, 0, 0, 1,-0.435427,1.234675,-10.699398,-1,2
68475,570923,217.422877,35895.252707,35895.361191,1, 0, 0, 1,-3.350273,-5.008616,17.037617,-1,2
68475,570924,217.527462,35895.357292,35895.465776,0, 0, 0, 0,-99.000000,-99.000000,-99.000000,-1,1
68475,570925,217.551741,35895.381571,35895.490055,0, 0, 0, 0,-99.000000,-99.000000,-99.000000,-1,1
68475,570926,217.604143,35895.433972,35895.542456,1, 0, 0, 1,2.691664,-0.858684,2.078066,-1,2
68475,570927,217.638214,35895.468044,35895.576528,1, 0, 0, 1,0.232119,-2.248867,11.801857,-1,2
68475,570928,217.695572,35895.525402,35895.633886,0, 0, 0, 0,-99.000000,-99.000000,-99.000000,-1,1
68475,570929,217.813673,35895.643502,35895.751987,1, 0, 0, 1,-3.234887,9.310244,-14.011740,-1,2
68475,570930,217.939743,35895.769572,35895.878056,1, 0, 0, 1,1.182126,-2.489705,-7.905753,-1,2
68475,570931,218.052269,35895.882097,35895.990582,1, 0, 0, 1,-6.062418,-4.290983,22.383356,-1,2
68475,570932,218.350758,35896.180586,35896.289071,0, 0, 0, 0,-99.000000,-99.000000,-99.000000,-1,1
68475,570933,218.380770,35896.210598,35896.319084,0, 0, 0, 0,-99.000000,-99.000000,-99.000000,-1,1
68475,570934,218.669302,35896.499129,35896.607615,1, 0, 0, 1,5.571337,-1.423206,3.480306,-1,2
68475,570935,219.809599,35897.639425,35897.747913,0, 0, 0, 0,-99.000000,-99.000000,-99.000000,-1,1
68475,570936,219.979472,35897.809297,35897.917786,1, 0, 0, 1,-7.407505,3.274422,16.431577,-1,2
68475,570937,220.096253,35897.926078,35898.034567,1, 0, 0, 1,-5.418330,4.707471,-2.884232,-1,2
68475,570938,220.203051,35898.032875,35898.141364,1, 0, 0, 1,-3.926728,-7.971569,14.985725,-1,2
68475,570939,220.278171,35898.107995,35898.216484,0, 0, 0, 0,-99.000000,-99.000000,-99.000000,-1,1
68475,570940,220.374286,35898.204110,35898.312599,0, 0, 0, 0,-99.000000,-99.000000,-99.000000,-1,1
68475,570941,220.437988,35898.267812,35898.376302,0, 0, 0, 0,-99.000000,-99.000000,-99.000000,-1,1
68475,570942,220.455074,35898.284898,35898.393387,0, 0, 0, 0,-99.000000,-99.000000,-99.000000,-1,1
68475,570943,220.509590,35898.339414,35898.447904,0, 0, 0, 0,-99.000000,-99.000000,-99.000000,-1,0
68475,570944,220.655990,35898.485814,35898.594304,1, 0, 0, 1,7.776641,1.723610,-15.142424,-1,2
68475,570945,220.743847,35898.573670,35898.682160,1, 0, 0, 1,-5.432103,-4.500689,8.902055,-1,2
68475,570946,220.920135,35898.749958,35898.858449,1, 0, 0, 1,-2.847003,8.068798,-16.694770,-1,2
68475,570947,221.127783,35898.957606,35899.066097,1, 0, 0, 1,-4.544720,-2.498534,9.324959,-1,2
68475,570948,221.142093,35898.971916,35899.080407,1, 0, 0, 1,5.644430,1.821141,-14.296674,-1,2
68475,570949,221.447221,35899.277043,35899.385534,0, 0, 0, 0,-99.000000,-99.000000,-99.000000,-1,1
68475,570950,221.458659,35899.288481,35899.396973,1, 0, 0, 1,3.997619,-1.811225,1.568566,-1,2
68475,570951,221.770414,35899.600235,35899.708727,1, 0, 0, 1,-10.965100,-8.242065,21.940788,-1,2
68475,570952,221.800042,35899.629864,35899.738356,1, 0, 0, 1,6.907643,4.694908,7.127410,-1,2
68475,570953,221.913098,35899.742920,35899.851412,0, 0, 0, 0,-99.000000,-99.000000,-99.000000,-1,0
68475,570954,222.022909,35899.852730,35899.961223,0, 0, 0, 0,-99.000000,-99.000000,-99.000000,-1,1
68475,570955,222.152646,35899.982466,35900.090959,0, 0, 0, 0,-99.000000,-99.000000,-99.000000,-1,1
68475,570956,222.497789,35900.327609,35900.436103,1, 0, 0, 1,-3.341678,2.775117,10.822403,-1,2
68475,570957,222.531502,35900.361322,35900.469815,1, 0, 0, 1,7.802551,1.187461,-13.881536,-1,2
68475,570958,222.549652,35900.379472,35900.487966,1, 0, 0, 1,2.050776,6.498174,-12.990834,-1,2
68475,570959,222.632214,35900.462034,35900.570528,1, 0, 0, 1,6.531025,-10.151861,19.520156,-1,2
68475,570960,222.788967,35900.618786,35900.727281,0, 0, 0, 0,-99.000000,-99.000000,-99.000000,-1,0
68475,570961,222.857585,35900.687404,35900.795898,1, 0, 0, 1,7.092368,5.602367,-12.627944,-1,3
68475,570962,222.888601,35900.718420,35900.826915,0, 0, 0, 0,-99.000000,-99.000000,-99.000000,-1,1
68475,570963,222.904240,35900.734059,35900.842554,0, 0, 0, 0,-99.000000,-99.000000,-99.000000,-1,0
68475,570964,223.015543,35900.845362,35900.953857,1, 0, 0, 1,4.804523,-6.271315,-2.960451,-1,2
68475,570965,223.124389,35900.954207,35901.062702,0, 0, 0, 0,-99.000000,-99.000000,-99.000000,-1,1
68475,570966,223.160190,35900.990009,35901.098504,1, 0, 0, 1,-5.797804,2.775798,10.192117,-1,2
68475,570967,223.266115,35901.095933,35901.204429,0, 0, 0, 0,-99.000000,-99.000000,-99.000000,-1,1
68475,570968,223.355662,35901.185480,35901.293975,0, 0, 0, 0,-99.000000,-99.000000,-99.000000,-1,1
68475,570969,223.394388,35901.224206,35901.332701,0, 0, 0, 0,-99.000000,-99.000000,-99.000000,-1,1
68475,570970,223.490676,35901.320494,35901.428990,1, 1, 1, 1,-0.578650,1.290153,17.924715,-1,3
68475,570971,223.512219,35901.342037,35901.450533,1, 0, 0, 1,-5.295795,-4.175758,2.249014,-1,2
68475,570972,223.661116,35901.490933,35901.599429,1, 0, 0, 1,2.578981,-4.305595,7.105689,-1,2
68475,570973,223.862574,35901.692391,35901.800887,1, 0, 0, 1,0.494765,6.033143,-20.478879,-1,2
68475,570974,224.008850,35901.838667,35901.947163,1, 0, 0, 1,1.069542,1.207378,-0.715189,-1,2
68475,570975,224.039754,35901.869570,35901.978067,1, 0, 0, 1,2.076705,-5.873192,15.498482,-1,3
68475,570976,224.121545,35901.951361,35902.059858,0, 0, 0, 0,-99.000000,-99.000000,-99.000000,-1,1
68475,570977,224.186896,35902.016712,35902.125209,0, 0, 0, 0,-99.000000,-99.000000,-99.000000,-1,1
68475,570978,224.207684,35902.037501,35902.145998,0, 0, 0, 0,-99.000000,-99.000000,-99.000000,-1,1
68475,570979,224.213772,35902.043588,35902.152085,0, 0, 0, 0,-99.000000,-99.000000,-99.000000,-1,1
68475,570980,224.219380,35902.049197,35902.157694,1, 0, 0, 1,-1.358743,-4.519928,-0.580972,-1,2
68475,570981,224.327154,35902.156970,35902.265468,1, 0, 0, 1,4.221072,-2.626360,-13.189787,-1,2
68475,570982,224.364402,35902.194218,35902.302715,1, 0, 0, 1,-2.429263,8.473178,19.015557,-1,2
68475,570983,224.491376,35902.321192,35902.429690,1, 0, 0, 1,-5.483764,2.964814,0.415388,-1,2
68475,570984,224.657132,35902.486947,35902.595445,0, 0, 0, 0,-99.000000,-99.000000,-99.000000,-1,0
68475,570985,224.690016,35902.519831,35902.628329,0, 0, 0, 0,-99.000000,-99.000000,-99.000000,-1,1
68475,570986,224.967356,35902.797171,35902.905670,1, 0, 0, 1,1.409266,4.145449,17.816173,-1,2
68475,570987,224.968690,35902.798505,35902.907003,1, 0, 0, 1,-2.898568,-4.725019,-3.138720,-1,2
68475,570988,224.995529,35902.825343,35902.933842,0, 0, 0, 0,-99.000000,-99.000000,-99.000000,-1,0
68475,570989,225.049685,35902.879500,35902.987998,0, 0, 0, 0,-99.000000,-99.000000,-99.000000,-1,1
68475,570990,225.144006,35902.973821,35903.082320,0, 0, 0, 0,-99.000000,-99.000000,-99.000000,-1,1
68475,570991,225.174899,35903.004713,35903.113212,0, 0, 0, 0,-99.000000,-99.000000,-99.000000,-1,1
68475,570992,225.519321,35903.349135,35903.457635,1, 0, 0, 1,-3.236437,-3.208242,-10.159877,-1,2
68475,570993,225.629554,35903.459368,35903.567868,0, 0, 0, 0,-99.000000,-99.000000,-99.000000,-1,0
68475,570994,225.712728,35903.542541,35903.651041,0, 0, 0, 0,-99.000000,-99.000000,-99.000000,-1,1
68475,570995,225.957515,35903.787328,35903.895829,1, 0, 0, 1,-6.310939,2.244611,-2.182505,-1,2
68475,570996,225.976200,35903.806013,35903.914514,0, 0, 0, 0,-99.000000,-99.000000,-99.000000,-1,1
68475,570997,226.079472,35903.909284,35904.017785,0, 0, 0, 0,-99.000000,-99.000000,-99.000000,-1,1
68475,570998,226.556349,35904.386161,35904.494662,1, 0, 0, 1,6.646087,-2.229515,21.759124,-1,2
68475,570999,226.805356,35904.635167,35904.743670,1, 0, 0, 1,-7.923920,6.330028,14.994878,-1,2
68475,571000,226.823116,35904.652927,35904.761429,0, 0, 0, 0,-99.000000,-99.000000,-99.000000,-1,1
68475,571001,226.989260,35904.819071,35904.927574,0, 0, 0, 0,-99.000000,-99.000000,-99.000000,-1,1
68475,571002,227.067144,35904.896955,35905.005458,1, 0, 0, 1,1.106752,-4.169579,-4.608763,-1,2
68475,571003,227.088007,35904.917817,35905.026320,1, 0, 0, 1,6.272897,-0.263247,-4.425558,-1,2
68475,571004,227.143220,35904.973030,35905.081533,1, 0, 0, 1,0.771254,-8.971722,19.383128,-1,2
68475,571005,227.195700,35905.025510,35905.134013,1, 0, 0, 1,2.545304,6.095943,7.218765,-1,2
68475,571006,227.198876,35905.028686,35905.137189,1, 0, 0, 1,7.846615,2.128528,-5.617391,-1,2
68475,571007,227.560539,35905.390349,35905.498853,0, 0, 0, 0,-99.000000,-99.000000,-99.000000,-1,0
68475,571008,227.603110,35905.432920,35905.541424,0, 0, 0, 0,-99.000000,-99.000000,-99.000000,-1,0
68475,571009,227.648415,35905.478224,35905.586728,1, 0, 0, 1,5.658482,-2.305410,-19.330783,-1,2
68475,571010,227.661799,35905.491608,35905.600112,1, 0, 0, 1,-1.135363,-1.889469,-8.778405,-1,2
68475,571011,227.697143,35905.526952,35905.635457,1, 0, 0, 1,7.811596,-1.426073,-15.292499,-1,2
68475,571012,227.698719,35905.528528,35905.637032,0, 0, 0, 0,-99.000000,-99.000000,-99.000000,-1,1
68475,571013,227.753296,35905.583105,35905.691609,0, 0, 0, 0,-99.000000,-99.000000,-99.000000,-1,0
68475,571014,227.986560,35905.816369,35905.924874,0, 0, 0, 0,-99.000000,-99.000000,-99.000000,-1,0
68475,571015,227.998129,35905.827937,35905.936442,0, 0, 0, 0,-99.000000,-99.000000,-99.000000,-1,1
68475,571016,228.060933,35905.890741,35905.999246,0, 0, 0, 0,-99.000000,-99.000000,-99.000000,-1,1
68475,571017,228.062436,35905.892244,35906.000749,0, 0, 0, 0,-99.000000,-99.000000,-99.000000,-1,1
68475,571018,228.146155,35905.975963,35906.084468,1, 0, 0, 1,2.906502,-1.772090,-11.067706,-1,2
68475,571019,228.307545,35906.137353,35906.245859,0, 0, 0, 0,-99.000000,-99.000000,-99.000000,-1,1
68475,571020,228.449460,35906.279268,35906.387774,1, 0, 0, 1,9.999981,0.219110,15.846417,-1,3
68475,571021,228.460164,35906.289972,35906.398478,0, 0, 0, 0,-99.000000,-99.000000,-99.000000,-1,1
68475,571022,228.614363,35906.444170,35906.552677,0, 0, 0, 0,-99.000000,-99.000000,-99.000000,-1,1
68475,571023,228.990633,35906.820440,35906.928947,1, 0, 0, 1,-4.558646,6.011529,-16.864349,-1,2
68475,571024,229.065300,35906.895106,35907.003613,1, 0, 0, 1,5.956700,0.619944,1.877858,-1,2
68475,571025,229.153560,35906.983366,35907.091873,1, 0, 0, 1,7.452386,6.566241,-0.318622,-1,2
68475,571026,229.166528,35906.996334,35907.104841,0, 0, 0, 0,-99.000000,-99.000000,-99.000000,-1,1
68475,571027,229.239423,35907.069229,35907.177736,1, 0, 0, 1,1.521736,-5.541443,-9.583368,-1,2
68475,571028,229.527209,35907.357015,35907.465523,0, 0, 0, 0,-99.000000,-99.000000,-99.000000,-1,0
68475,571029,229.704900,35907.534705,35907.643214,1, 0, 0, 1,6.791388,-3.712782,18.182983,-1,2
68475,571030,229.747565,35907.577370,35907.685879,0, 0, 0, 0,-99.000000,-99.000000,-99.000000,-1,1
68475,571031,229.793961,35907.623766,35907.732275,1, 0, 0, 1,2.194185,-2.346248,-8.747735,-1,2
68475,571032,229.822703,35907.652508,35907.761016,1, 1, 0, 1,1.663609,-3.053622,21.314712,-1,2
68475,571033,230.019005,35907.848809,35907.957318,1, 0, 0, 1,-2.748641,3.620611,8.326159,-1,2
68475,571034,230.053731,35907.883535,35907.992044,0, 0, 0, 0,-99.000000,-99.000000,-99.000000,-1,0
68475,571035,230.114193,35907.943997,35908.052507,0, 0, 0, 0,-99.000000,-99.000000,-99.000000,-1,1
68475,571036,230.401559,35908.231363,35908.339872,1, 0, 0, 1,-0.128993,3.498737,6.235740,-1,2
68475,571037,230.462046,35908.291850,35908.400359,0, 0, 0, 0,-99.000000,-99.000000,-99.000000,-1,0
68475,571038,230.593732,35908.423535,35908.532045,1, 0, 0, 1,-3.581595,-6.341744,-1.918594,-1,2
68475,571039,230.597281,35908.427084,35908.535594,0, 0, 0, 0,-99.000000,-99.000000,-99.000000,-1,1
68475,571040,230.900799,35908.730601,35908.839112,1, 0, 0, 1,-6.978150,5.791373,-10.751964,-1,2
68475,571041,230.988479,35908.818282,35908.926793,0, 0, 0, 0,-99.000000,-99.000000,-99.000000,-1,1
68475,571042,231.011158,35908.840960,35908.949471,0, 0, 0, 0,-99.000000,-99.000000,-99.000000,-1,0
68475,571043,231.011834,35908.841636,35908.950147,0, 0, 0, 0,-99.000000,-99.000000,-99.000000,-1,1
68475,571044,231.012609,35908.842412,35908.950923,1, 0, 0, 1,-2.162056,-4.185008,20.238200,-1,2
68475,571045,231.095400,35908.925202,35909.033713,0, 0, 0, 0,-99.000000,-99.000000,-99.000000,-1,0
68475,571046,231.171348,35909.001150,35909.109661,0, 0, 0, 0,-99.000000,-99.000000,-99.000000,-1,1
68475,571047,231.420813,35909.250614,35909.359126,0, 0, 0, 0,-99.000000,-99.000000,-99.000000,-1,0
68475,571048,231.434336,35909.264137,35909.372649,1, 0, 0, 1,-7.595315,-2.778776,4.822277,-1,2
68475,571049,231.443638,35909.273440,35909.381952,0, 0, 0, 0,-99.000000,-99.000000,-99.000000,-1,1
68475,571050,231.787829,35909.617630,35909.726143,1, 0, 0, 1,3.204706,5.748851,-0.615277,-1,2
68475,571051,231.994661,35909.824462,35909.932975,0, 0, 0, 0,-99.000000,-99.000000,-99.000000,-1,1
68475,571052,232.048016,35909.877817,35909.986330,1, 0, 0, 1,6.287638,-2.254715,-17.392087,-1,2
68475,571053,232.163690,35909.993491,35910.102004,0, 0, 0, 0,-99.000000,-99.000000,-99.000000,-1,0
68475,571054,232.265823,35910.095623,35910.204136,1, 0, 0, 1,1.458213,-4.060434,-5.558666,-1,2
68475,571055,232.381663,35910.211462,35910.319976,0, 0, 0, 0,-99.000000,-99.000000,-99.000000,-1,0
68475,571056,232.417506,35910.247306,35910.355819,1, 0, 0, 1,-4.481678,2.372690,3.892670,-1,2
68475,571057,232.451979,35910.281779,35910.390293,0, 0, 0, 0,-99.000000,-99.000000,-99.000000,-1,1
68475,571058,232.494595,35910.324395,35910.432909,0, 0, 0, 0,-99.000000,-99.000000,-99.000000,-1,0
68475,571059,232.623173,35910.452972,35910.561486,0, 0, 0, 0,-99.000000,-99.000000,-99.000000,-1,1
68475,571060,233.093353,35910.923152,35911.031667,1, 0, 0, 1,1.096498,-8.369101,14.066206,-1,2
68475,571061,233.135659,35910.965458,35911.073973,1, 0, 0, 1,0.244276,-5.136144,17.937509,-1,2
68475,571062,233.209890,35911.039689,35911.148204,1, 0, 0, 1,8.038113,2.349195,10.747509,-1,2
68475,571063,233.348343,35911.178141,35911.286657,0, 0, 0, 0,-99.000000,-99.000000,-99.000000,-1,1
68475,571064,233.351537,35911.181335,35911.289851,1, 0, 0, 1,3.415127,-2.735971,-5.835611,-1,2
68475,571065,233.433076,35911.262874,35911.371389,0, 0, 0, 0,-99.000000,-99.000000,-99.000000,-1,1
68475,571066,233.446520,35911.276318,35911.384833,1, 0, 0, 1,-2.841479,9.999981,8.477214,-1,3
68475,571067,233.533185,35911.362982,35911.471498,1, 0, 0, 1,3.875126,1.939572,1.226267,-1,2
68475,571068,233.728308,35911.558105,35911.666622,0, 0, 0, 0,-99.000000,-99.000000,-99.000000,-1,1
68475,571069,233.861632,35911.691428,35911.799945,0, 0, 0, 0,-99.000000,-99.000000,-99.000000,-1,1
68475,571070,233.910957,35911.740754,35911.849271,0, 0, 0, 0,-99.000000,-99.000000,-99.000000,-1,1
68475,571071,234.123834,35911.953630,35912.062147,1, 0, 0, 1,-3.050497,-6.627657,-13.303249,-1,2
68475,571072,234.171075,35912.000871,35912.109389,1, 0, 0, 1,-7.924906,3.019401,-3.861302,-1,2
68475,571073,234.193443,35912.023239,35912.131757,0, 0, 0, 0,-99.000000,-99.000000,-99.000000,-1,1
68475,571074,234.424452,35912.254248,35912.362766,1, 0, 0, 1,-4.012184,1.265738,8.485001,-1,2
68475,571075,234.650956,35912.480751,35912.589269,0, 0, 0, 0,-99.000000,-99.000000,-99.000000,-1,1
68475,571076,234.783494,35912.613289,35912.721807,1, 0, 0, 1,4.290989,-5.820125,9.357157,-1,2
68475,571077,234.799740,35912.629535,35912.738054,0, 0, 0, 0,-99.000000,-99.000000,-99.000000,-1,0
68475,571078,234.837268,35912.667062,35912.775581,1, 0, 0, 1,-3.849657,-1.440889,-11.503394,-1,2
68475,571079,234.949176,35912.778971,35912.887489,0, 0, 0, 0,-99.000000,-99.000000,-99.000000,-1,1
68475,571080,234.965333,35912.795127,35912.903646,1, 0, 0, 1,8.188138,-0.046227,-1.456038,-1,2
68475,571081,235.087356,35912.917151,35913.025670,0, 0, 0, 0,-99.000000,-99.000000,-99.000000,-1,1
68475,571082,235.155056,35912.984850,35913.093370,0, 0, 0, 0,-99.000000,-99.000000,-99.000000,-1,1
68475,571083,235.187263,35913.017057,35913.125577,1, 0, 0, 1,0.097725,-5.575143,20.597411,-1,2
68475,571084,235.380867,35913.210660,35913.319180,1, 0, 0, 1,7.106682,-0.550674,-16.881275,-1,2
68475,571085,235.457974,35913.287767,35913.396287,1, 0, 0, 1,8.626875,0.509308,-20.713054,-1,2
68475,571086,235.565205,35913.394998,35913.503518,1, 0, 0, 1,-3.323868,-5.341033,13.791067,-1,2
68475,571087,235.620422,35913.450215,35913.558735,0, 0, 0, 0,-99.000000,-99.000000,-99.000000,-1,1
68475,571088,235.736081,35913.565874,35913.674395,1, 0, 0, 1,-7.433963,-1.130053,-18.425350,-1,2
68475,571089,235.869540,35913.699333,35913.807854,1, 0, 0, 1,-8.191184,-1.742514,11.611713,-1,2
68475,571090,235.940081,35913.769874,35913.878395,1, 0, 0, 1,-7.015125,-0.660683,-17.500386,-1,2
68475,571091,235.951242,35913.781035,35913.889556,0, 0, 0, 0,-99.000000,-99.000000,-99.000000,-1,1
68475,571092,236.058177,35913.887969,35913.996490,1, 0, 0, 1,-5.687863,4.881265,-13.941051,-1,2
68475,571093,236.061390,35913.891182,35913.999703,0, 0, 0, 0,-99.000000,-99.000000,-99.000000,-1,0
68475,571094,236.159720,35913.989512,35914.098034,1, 0, 0, 1,1.347793,7.559948,2.185335,-1,2
68475,571095,236.168754,35913.998546,35914.107067,1, 0, 0, 1,5.418958,0.532958,0.521400,-1,2
68475,571096,236.202238,35914.032030,35914.140551,0, 0, 0, 0,-99.000000,-99.000000,-99.000000,-1,0
68475,571097,236.257813,35914.087605,35914.196127,0, 0, 0, 0,-99.000000,-99.000000,-99.000000,-1,1
68475,571098,236.304922,35914.134714,35914.243236,0, 0, 0, 0,-99.000000,-99.000000,-99.000000,-1,1
68475,571099,236.325754,35914.155546,35914.264068,1, 0, 0, 1,7.193982,2.594280,-13.726041,-1,2
68475,571100,236.351155,35914.180947,35914.289469,1, 0, 0, 1,-0.404094,2.840103,-6.925358,-1,2
68475,571101,236.469758,35914.299549,35914.408071,1, 0, 0, 1,-8.735729,-0.070560,18.116448,-1,2
68475,571102,236.521535,35914.351326,35914.459849,0, 0, 0, 0,-99.000000,-99.000000,-99.000000,-1,1
68475,571103,236.610199,35914.439990,35914.548512,0, 0, 0, 0,-99.000000,-99.000000,-99.000000,-1,1
68475,571104,236.748402,35914.578193,35914.686715,0, 0, 0, 0,-99.000000,-99.000000,-99.000000,-1,1
68475,571105,236.844047,35914.673838,35914.782361,1, 0, 0, 1,3.760537,-1.205517,-0.261920,-1,2
68475,571106,236.859103,35914.688894,35914.797417,1, 0, 0, 1,1.769333,-7.637857,-17.454014,-1,2
68475,571107,237.017946,35914.847736,35914.956259,1, 0, 0, 1,-8.012295,2.555640,11.962579,-1,2
68475,571108,237.024014,35914.853805,35914.962328,0, 0, 0, 0,-99.000000,-99.000000,-99.000000,-1,0
68475,571109,237.107169,35914.936959,35915.045482,1, 0, 0, 1,2.606685,-1.573914,11.566081,-1,2
68475,571110,237.128205,35914.957995,35915.066518,1, 0, 0, 1,-1.297554,4.076663,-20.322288,-1,2
68475,571111,237.133258,35914.963048,35915.071572,1, 0, 0, 1,2.333104,3.254831,7.303152,-1,2
68475,571112,237.172382,35915.002172,35915.110696,1, 0, 0, 1,0.654145,-5.270459,1.504612,-1,3
68475,571113,237.176147,35915.005937,35915.114460,0, 0, 0, 0,-99.000000,-99.000000,-99.000000,-1,1
68475,571114,237.477752,35915.307541,35915.416065,1, 0, 0, 1,8.503157,-2.007162,-8.766771,-1,2
68475,571115,237.532153,35915.361943,35915.470467,1, 0, 0, 1,0.585187,0.029535,-11.599049,-1,2
68475,571116,237.580541,35915.410330,35915.518855,0, 0, 0, 0,-99.000000,-99.000000,-99.000000,-1,1
68475,571117,237.626894,35915.456683,35915.565208,1, 0, 0, 1,-4.141254,1.360121,13.533814,-1,2
68475,571118,237.637354,35915.467143,35915.575667,0, 0, 0, 0,-99.000000,-99.000000,-99.000000,-1,1
68475,571119,237.759914,35915.589703,35915.698228,0, 0, 0, 0,-99.000000,-99.000000,-99.000000,-1,0
68475,571120,237.777494,35915.607283,35915.715808,0, 0, 0, 0,-99.000000,-99.000000,-99.000000,-1,0
68475,571121,237.959615,35915.789404,35915.897929,0, 0, 0, 0,-99.000000,-99.000000,-99.000000,-1,1
68475,571122,237.975088,35915.804876,35915.913401,0, 0, 0, 0,-99.000000,-99.000000,-99.000000,-1,1
68475,571123,238.140762,35915.970550,35916.079076,0, 0, 0, 0,-99.000000,-99.000000,-99.000000,-1,1
68475,571124,238.387417,35916.217205,35916.325731,0, 0, 0, 0,-99.000000,-99.000000,-99.000000,-1,1
68475,571125,238.394390,35916.224177,35916.332703,0, 0, 0, 0,-99.000000,-99.000000,-99.000000,-1,1
68475,571126,238.607769,35916.437556,35916.546083,0, 0, 0, 0,-99.000000,-99.000000,-99.000000,-1,0
68475,571127,238.634935,35916.464722,35916.573248,0, 0, 0, 0,-99.000000,-99.000000,-99.000000,-1,1
68475,571128,238.756218,35916.586005,35916.694531,1, 0, 0, 1,2.757249,0.885205,-19.706834,-1,2
68475,571129,238.787755,35916.617542,35916.726069,0, 0, 0, 0,-99.000000,-99.000000,-99.000000,-1,1
68475,571130,238.804400,35916.634187,35916.742714,0, 0, 0, 0,-99.000000,-99.000000,-99.000000,-1,0
68475,571131,238.915041,35916.744828,35916.853354,1, 0, 0, 1,6.214595,-0.108128,-4.475345,-1,2
68475,571132,239.152218,35916.982004,35917.090532,1, 0, 0, 1,-1.321781,5.677819,-13.111561,-1,2
68475,571133,239.160363,35916.990149,35917.098676,0, 0, 0, 0,-99.000000,-99.000000,-99.000000,-1,1
68475,571134,239.186030,35917.015816,35917.124343,1, 0, 0, 1,4.113875,2.096586,10.078308,-1,2
68475,571135,239.245991,35917.075777,35917.184305,0, 0, 0, 0,-99.000000,-99.000000,-99.000000,-1,1
68475,571136,239.366587,35917.196372,35917.304900,0, 0, 0, 0,-99.000000,-99.000000,-99.000000,-1,1
68475,571137,239.390856,35917.220642,35917.329170,0, 0, 0, 0,-99.000000,-99.000000,-99.000000,-1,1
68475,571138,239.404327,35917.234112,35917.342640,1, 0, 0, 1,0.885493,4.693881,-18.979328,-1,2
68475,571139,239.574607,35917.404392,35917.512920,1, 0, 0, 1,0.704464,9.999981,-22.309938,-1,5
68475,571140,239.646965,35917.476750,35917.585278,1, 0, 0, 1,-0.498100,7.300728,1.595975,-1,2
68475,571141,239.673921,35917.503706,35917.612235,0, 0, 0, 0,-99.000000,-99.000000,-99.000000,-1,1
68475,571142,239.709250,35917.539035,35917.647564,1, 0, 0, 1,-2.101274,0.316018,-4.915425,-1,2
68475,571143,239.935573,35917.765357,35917.873886,1, 0, 0, 1,8.404550,2.131200,6.671063,-1,2
68475,571144,240.179489,35918.009273,35918.117803,0, 0, 0, 0,-99.000000,-99.000000,-99.000000,-1,0
68475,571145,240.320220,35918.150004,35918.258533,0, 0, 0, 0,-99.000000,-99.000000,-99.000000,-1,1
68475,571146,240.338138,35918.167921,35918.276451,0, 0, 0, 0,-99.000000,-99.000000,-99.000000,-1,1
68475,571147,240.721516,35918.551299,35918.659829,1, 0, 0, 1,6.994243,-5.269641,-11.317654,-1,2
68475,571148,241.039145,35918.868927,35918.977458,1, 0, 0, 1,2.170385,5.256847,8.515002,-1,2
68475,571149,241.182031,35919.011813,35919.120345,1, 0, 0, 1,-8.867811,5.358167,16.715510,-1,2
68475,571150,241.268748,35919.098530,35919.207062,0, 0, 0, 0,-99.000000,-99.000000,-99.000000,-1,1
68475,571151,241.362719,35919.192501,35919.301033,1, 0, 0, 1,-3.424523,1.640330,-15.936598,-1,2
68475,571152,241.432388,35919.262169,35919.370701,0, 0, 0, 0,-99.000000,-99.000000,-99.000000,-1,0
68475,571153,241.557727,35919.387508,35919.496041,1, 0, 0, 1,-0.318250,-4.321576,-8.701875,-1,2
68475,571154,241.615614,35919.445395,35919.553927,0, 0, 0, 0,-99.000000,-99.000000,-99.000000,-1,1
68475,571155,241.668060,35919.497841,35919.606374,0, 0, 0, 0,-99.000000,-99.000000,-99.000000,-1,1
68475,571156,241.881148,35919.710928,35919.819461,1, 0, 0, 1,-7.323408,-9.142777,-7.423819,-1,2
68475,571157,241.891264,35919.721044,35919.829577,1, 0, 0, 1,6.081804,-0.092293,-9.059754,-1,2
68475,571158,241.998328,35919.828109,35919.936642,1, 0, 0, 1,1.411533,-8.351888,13.956426,-1,2
68475,571159,242.034457,35919.864237,35919.972771,1, 0, 0, 1,8.358793,-3.463475,-22.222888,-1,2
68475,571160,242.037070,35919.866850,35919.975383,0, 0, 0, 0,-99.000000,-99.000000,-99.000000,-1,1
68475,571161,242.044349,35919.874129,35919.982663,1, 0, 0, 1,6.069587,0.390566,-7.895085,-1,2
68475,571162,242.100882,35919.930663,35920.039196,0, 0, 0, 0,-99.000000,-99.000000,-99.000000,-1,0
68475,571163,242.284400,35920.114180,35920.222714,0, 0, 0, 0,-99.000000,-99.000000,-99.000000,-1,1
68475,571164,242.388519,35920.218299,35920.326832,1, 0, 0, 1,4.821856,9.208554,7.650859,-1,2
68475,571165,242.530718,35920.360498,35920.469032,0, 0, 0, 0,-99.000000,-99.000000,-99.000000,-1,0
68475,571166,242.538069,35920.367848,35920.476382,1, 0, 0, 1,-2.419936,1.629674,-13.147323,-1,4
68475,571167,242.654307,35920.484086,35920.592620,1, 0, 0, 1,3.137987,-4.772772,-17.414166,-1,2
68475,571168,243.012136,35920.841914,35920.950449,1, 0, 0, 1,-0.045325,1.280030,-8.640071,-1,2
68475,571169,243.160887,35920.990665,35921.099201,1, 0, 0, 1,-1.033057,-0.032054,-6.462070,-1,2
68475,571170,243.313828,35921.143606,35921.252141,0, 0, 0, 0,-99.000000,-99.000000,-99.000000,-1,1
68475,571171,243.329875,35921.159653,35921.268189,1, 0, 0, 1,-3.171055,7.895944,5.891485,-1,2
68475,571172,243.399631,35921.229409,35921.337945,0, 0, 0, 0,-99.000000,-99.000000,-99.000000,-1,0
68475,571173,243.536305,35921.366082,35921.474618,1, 0, 0, 1,4.186044,10.281418,0.487469,-1,2
68475,571174,243.597164,35921.426941,35921.535478,1, 0, 0, 1,8.962198,-0.264648,-15.751816,-1,2
68475,571175,243.787922,35921.617699,35921.726236,1, 0, 0, 1,-0.994568,-2.543821,-12.070192,-1,2
68475,571176,243.874975,35921.704752,35921.813289,0, 0, 0, 0,-99.000000,-99.000000,-99.000000,-1,1
68475,571177,243.892511,35921.722288,35921.830825,1, 0, 0, 1,-6.813616,-0.949158,5.193594,-1,2
68475,571178,244.413333,35922.243108,35922.351647,0, 0, 0, 0,-99.000000,-99.000000,-99.000000,-1,0
68475,571179,244.539926,35922.369701,35922.478239,0, 0, 0, 0,-99.000000,-99.000000,-99.000000,-1,1
68475,571180,244.657702,35922.487477,35922.596016,1, 0, 0, 1,-7.799416,-1.239996,-17.828730,-1,2
68475,571181,244.734363,35922.564138,35922.672676,0, 0, 0, 0,-99.000000,-99.000000,-99.000000,-1,0
68475,571182,244.746374,35922.576149,35922.684687,1, 0, 0, 1,8.575049,0.556499,3.577172,-1,2
68475,571183,244.824511,35922.654285,35922.762824,1, 0, 0, 1,0.864279,-5.627350,-0.866419,-1,2
68475,571184,244.887648,35922.717423,35922.825962,1, 0, 0, 1,-3.078165,2.677742,10.513646,-1,2
68475,571185,244.951514,35922.781289,35922.889828,0, 0, 0, 0,-99.000000,-99.000000,-99.000000,-1,0
68475,571186,245.150075,35922.979849,35923.088389,0, 0, 0, 0,-99.000000,-99.000000,-99.000000,-1,1
68475,571187,245.226432,35923.056206,35923.164746,0, 0, 0, 0,-99.000000,-99.000000,-99.000000,-1,0
68475,571188,245.273848,35923.103622,35923.212162,1, 0, 0, 1,-1.545404,1.879815,13.911175,-1,2
68475,571189,245.420665,35923.250438,35923.358978,0, 0, 0, 0,-99.000000,-99.000000,-99.000000,-1,0
68475,571190,245.660914,35923.490687,35923.599228,0, 0, 0, 0,-99.000000,-99.000000,-99.000000,-1,1
68475,571191,245.686061,35923.515834,35923.624375,1, 0, 0, 1,-0.039883,-6.895337,13.743761,-1,2
68475,571192,245.695716,35923.525488,35923.634029,1, 0, 0, 1,4.513749,-3.242973,10.619432,-1,3
68475,571193,245.735471,35923.565244,35923.673784,0, 0, 0, 0,-99.000000,-99.000000,-99.000000,-1,1
68475,571194,245.945427,35923.775199,35923.883740,0, 0, 0, 0,-99.000000,-99.000000,-99.000000,-1,0
68475,571195,245.955600,35923.785372,35923.893914,0, 0, 0, 0,-99.000000,-99.000000,-99.000000,-1,1
68475,571196,246.029037,35923.858809,35923.967350,0, 0, 0, 0,-99.000000,-99.000000,-99.000000,-1,1
68475,571197,246.398126,35924.227897,35924.336439,1, 0, 0, 1,1.142006,2.860675,2.524959,-1,2
68475,571198,246.450534,35924.280306,35924.388848,0, 0, 0, 0,-99.000000,-99.000000,-99.000000,-1,0
68475,571199,246.527276,35924.357047,35924.465590,0, 0, 0, 0,-99.000000,-99.000000,-99.000000,-1,1
68475,571200,246.531890,35924.361661,35924.470203,0, 0, 0, 0,-99.000000,-99.000000,-99.000000,-1,1
68475,571201,246.678625,35924.508396,35924.616939,1, 0, 0, 1,-2.419078,-6.734989,6.876651,-1,2
68475,571202,246.714715,35924.544486,35924.653029,1, 0, 0, 1,5.735117,-4.307939,-13.625078,-1,2
68475,571203,246.820320,35924.650091,35924.758634,0, 0, 0, 0,-99.000000,-99.000000,-99.000000,-1,1
68475,571204,246.838370,35924.668141,35924.776684,0, 0, 0, 0,-99.000000,-99.000000,-99.000000,-1,1
68475,571205,246.853989,35924.683759,35924.792302,1, 0, 0, 1,3.857713,-9.856411,5.878548,-1,2
68475,571206,247.228447,35925.058217,35925.166761,1, 0, 0, 1,6.043209,-2.177984,7.453428,-1,2
68475,571207,247.239728,35925.069498,35925.178042,0, 0, 0, 0,-99.000000,-99.000000,-99.000000,-1,1
68475,571208,247.278927,35925.108697,35925.217241,1, 0, 0, 1,-0.783593,4.259013,4.372440,-1,2
68475,571209,247.305046,35925.134815,35925.243359,1, 0, 0, 1,0.100633,9.265253,9.255349,-1,2
68475,571210,247.312826,35925.142596,35925.251140,1, 0, 0, 1,-5.638597,5.913735,-11.834231,-1,2
68475,571211,247.316526,35925.146296,35925.254840,1, 0, 0, 1,-5.863615,1.341933,-19.939597,-1,2
68475,571212,247.391412,35925.221181,35925.329726,0, 0, 0, 0,-99.000000,-99.000000,-99.000000,-1,1
68475,571213,247.415672,35925.245442,35925.353986,0, 0, 0, 0,-99.000000,-99.000000,-99.000000,-1,1
68475,571214,247.478787,35925.308556,35925.417100,1, 0, 0, 1,-2.405453,8.130929,-22.335422,-1,2
68475,571215,247.486410,35925.316180,35925.424724,1, 0, 0, 1,-1.080855,-4.111012,5.366377,-1,2
68475,571216,247.563271,35925.393040,35925.501585,0, 0, 0, 0,-99.000000,-99.000000,-99.000000,-1,1
68475,571217,247.602469,35925.432238,35925.540783,0, 0, 0, 0,-99.000000,-99.000000,-99.000000,-1,0
68475,571218,247.795788,35925.625557,35925.734102,1, 0, 0, 1,-3.747751,-4.851678,16.208558,-1,2
68475,571219,247.920582,35925.750350,35925.858895,0, 0, 0, 0,-99.000000,-99.000000,-99.000000,-1,1
68475,571220,248.038473,35925.868241,35925.976786,1, 0, 0, 1,6.987801,-5.304058,-0.128511,-1,2
68475,571221,248.174702,35926.004470,35926.113016,0, 0, 0, 0,-99.000000,-99.000000,-99.000000,-1,1
68475,571222,248.480447,35926.310214,35926.418761,1, 0, 0, 1,5.449420,-4.754092,-1.553418,-1,2
68475,571223,248.494248,35926.324015,35926.432562,1, 0, 0, 1,-9.176697,-0.586450,3.874493,-1,2
68475,571224,248.524859,35926.354626,35926.463173,0, 0, 0, 0,-99.000000,-99.000000,-99.000000,-1,1
68475,571225,248.566161,35926.395928,35926.504474,1, 0, 0, 1,0.739541,-2.938756,16.093917,-1,2
68475,571226,248.573476,35926.403243,35926.511790,1, 0, 0, 1,7.214985,4.615727,-1.855173,-1,2
68475,571227,248.670966,35926.500733,35926.609279,1, 0, 0, 1,-0.395483,-7.342504,-0.773750,-1,3
68475,571228,248.690782,35926.520549,35926.629095,1, 0, 0, 1,8.247680,1.646138,-22.608870,-1,2
68475,571229,248.773148,35926.602914,35926.711461,0, 0, 0, 0,-99.000000,-99.000000,-99.000000,-1,1
68475,571230,248.977979,35926.807745,35926.916292,1, 0, 0, 1,0.072481,1.668298,14.626900,-1,2
68475,571231,249.327798,35927.157563,35927.266111,1, 0, 0, 1,-4.369713,-5.377015,7.960037,-1,2
68475,571232,249.407340,35927.237105,35927.345653,1, 0, 0, 1,5.150936,-9.267665,21.655797,-1,2
68475,571233,249.484233,35927.313998,35927.422546,1, 0, 0, 1,-3.760261,-1.207578,19.212173,-1,2
68475,571234,249.539852,35927.369617,35927.478165,1, 0, 0, 1,4.082621,6.403566,-16.013498,-1,2
68475,571235,249.543339,35927.373104,35927.481652,1, 0, 0, 1,0.709647,4.691501,16.227757,-1,2
68475,571236,249.616879,35927.446644,35927.555192,1, 0, 0, 1,0.201811,-0.554468,-19.661625,-1,2
68475,571237,249.758223,35927.587988,35927.696537,1, 0, 0, 1,4.867978,0.649416,-13.364825,-1,2
68475,571238,249.780936,35927.610700,35927.719249,0, 0, 0, 0,-99.000000,-99.000000,-99.000000,-1,1
68475,571239,249.858632,35927.688396,35927.796945,0, 0, 0, 0,-99.000000,-99.000000,-99.000000,-1,1
68475,571240,249.892672,35927.722436,35927.830985,1, 0, 0, 1,2.410430,8.486515,-9.489678,-1,2
68475,571241,250.013378,35927.843142,35927.951692,1, 0, 0, 1,-1.934553,-5.183982,9.928299,-1,2
68475,571242,250.028208,35927.857972,35927.966522,1, 0, 0, 1,7.944800,-1.665265,18.579367,-1,2
68475,571243,250.237516,35928.067280,35928.175830,1, 0, 0, 1,4.901289,-6.493032,13.687178,-1,2
68475,571244,250.271176,35928.100940,35928.209490,0, 0, 0, 0,-99.000000,-99.000000,-99.000000,-1,1
68475,571245,250.490564,35928.320327,35928.428877,1, 0, 0, 1,-3.514485,3.545263,-19.696625,-1,2
68475,571246,250.516096,35928.345859,35928.454410,1, 0, 0, 1,2.017006,-2.590103,-4.207624,-1,2
68475,571247,250.658671,35928.488434,35928.596985,1, 0, 0, 1,6.093367,-3.796945,-12.738375,-1,2
68475,571248,250.703948,35928.533710,35928.642261,0, 0, 0, 0,-99.000000,-99.000000,-99.000000,-1,1
68475,571249,250.924304,35928.754066,35928.862618,0, 0, 0, 0,-99.000000,-99.000000,-99.000000,-1,1
68475,571250,250.995285,35928.825047,35928.933599,1, 0, 0, 1,11.420184,13.952285,-3.192408,-1,2
68475,571251,251.025316,35928.855078,35928.963630,1, 0, 0, 1,4.341530,3.822056,5.294095,-1,2
68475,571252,251.294715,35929.124476,35929.233028,0, 0, 0, 0,-99.000000,-99.000000,-99.000000,-1,0
68475,571253,251.323324,35929.153085,35929.261637,0, 0, 0, 0,-99.000000,-99.000000,-99.000000,-1,1
68475,571254,251.367970,35929.197731,35929.306284,0, 0, 0, 0,-99.000000,-99.000000,-99.000000,-1,1
68475,571255,251.377596,35929.207357,35929.315909,1, 0, 0, 1,0.463238,-4.563664,10.566528,-1,2
68475,571256,251.417899,35929.247660,35929.356212,0, 0, 0, 0,-99.000000,-99.000000,-99.000000,-1,1
68475,571257,251.710704,35929.540464,35929.649017,1, 0, 0, 1,-5.723171,3.856848,16.312967,-1,2
68475,571258,251.780298,35929.610059,35929.718612,1, 0, 0, 1,-5.670511,-2.026192,1.548155,-1,2
68475,571259,251.875642,35929.705402,35929.813956,1, 0, 0, 1,6.259257,3.430367,7.236888,-1,2
68475,571260,251.909443,35929.739204,35929.847757,0, 0, 0, 0,-99.000000,-99.000000,-99.000000,-1,1
68475,571261,251.930141,35929.759901,35929.868454,0, 0, 0, 0,-99.000000,-99.000000,-99.000000,-1,0
68475,571262,251.951912,35929.781672,35929.890226,1, 0, 0, 1,8.735024,-5.007741,14.837579,-1,2
68475,571263,251.964126,35929.793887,35929.902440,1, 0, 0, 1,3.314076,5.077337,14.114881,-1,2
68475,571264,252.037960,35929.867720,35929.976274,0, 0, 0, 0,-99.000000,-99.000000,-99.000000,-1,1
68475,571265,252.148349,35929.978108,35930.086662,0, 0, 0, 0,-99.000000,-99.000000,-99.000000,-1,1
68475,571266,252.428893,35930.258652,35930.367206,0, 0, 0, 0,-99.000000,-99.000000,-99.000000,-1,1
68475,571267,252.640751,35930.470510,35930.579064,0, 0, 0, 0,-99.000000,-99.000000,-99.000000,-1,1
68475,571268,252.692485,35930.522244,35930.630799,0, 0, 0, 0,-99.000000,-99.000000,-99.000000,-1,0
68475,571269,252.823467,35930.653225,35930.761780,0, 0, 0, 0,-99.000000,-99.000000,-99.000000,-1,1
68475,571270,252.824652,35930.654410,35930.762965,0, 0, 0, 0,-99.000000,-99.000000,-99.000000,-1,1
68475,571271,252.876316,35930.706074,35930.814630,0, 0, 0, 0,-99.000000,-99.000000,-99.000000,-1,0
68475,571272,252.894369,35930.724127,35930.832682,0, 0, 0, 0,-99.000000,-99.000000,-99.000000,-1,1
68475,571273,253.068763,35930.898521,35931.007076,1, 0, 0, 1,2.224325,-9.929778,15.070273,-1,2
68475,571274,253.144091,35930.973849,35931.082405,0, 0, 0, 0,-99.000000,-99.000000,-99.000000,-1,1
68475,571275,253.159705,35930.989463,35931.098019,1, 0, 0, 1,-0.074170,7.248801,15.733696,-1,2
68475,571276,253.189670,35931.019427,35931.127983,0, 0, 0, 0,-99.000000,-99.000000,-99.000000,-1,1
68475,571277,253.213224,35931.042982,35931.151538,1, 0, 0, 1,3.479111,4.958869,13.773431,-1,2
68475,571278,253.284267,35931.114025,35931.222581,0, 0, 0, 0,-99.000000,-99.000000,-99.000000,-1,0
68475,571279,253.356792,35931.186549,35931.295106,1, 0, 0, 1,-1.670808,-2.455741,12.377889,-1,2
68475,571280,253.381776,35931.211534,35931.320090,0, 0, 0, 0,-99.000000,-99.000000,-99.000000,-1,1
68475,571281,253.410110,35931.239867,35931.348423,0, 0, 0, 0,-99.000000,-99.000000,-99.000000,-1,1
68475,571282,253.634454,35931.464211,35931.572768,1, 0, 0, 1,6.239947,-5.340241,-1.346540,-1,2
68475,571283,253.646628,35931.476385,35931.584942,0, 0, 0, 0,-99.000000,-99.000000,-99.000000,-1,1
68475,571284,253.789581,35931.619338,35931.727895,1, 0, 0, 1,-7.034494,-4.906962,-17.421670,-1,2
68475,571285,253.812948,35931.642705,35931.751262,1, 0, 0, 1,3.248946,-9.113747,-9.969888,-1,2
68475,571286,254.308471,35932.138227,35932.246785,1, 0, 0, 1,1.243535,2.822811,15.726406,-1,2
68475,571287,254.316858,35932.146613,35932.255172,1, 0, 0, 1,7.755423,1.195620,-17.422428,-1,2
68475,571288,254.388308,35932.218063,35932.326621,1, 0, 0, 1,-6.486391,3.361579,7.116576,-1,2
68475,571289,254.400409,35932.230164,35932.338722,1, 0, 0, 1,3.924813,9.766029,-15.865144,-1,2
68475,571290,254.445620,35932.275376,35932.383934,1, 0, 0, 1,8.323915,11.727881,-9.285896,-1,2
68475,571291,254.726758,35932.556513,35932.665072,0, 0, 0, 0,-99.000000,-99.000000,-99.000000,-1,1
68475,571292,254.765379,35932.595133,35932.703692,0, 0, 0, 0,-99.000000,-99.000000,-99.000000,-1,1
68475,571293,254.922113,35932.751867,35932.860426,1, 0, 0, 1,-4.086797,-2.116140,-6.373540,-1,2
68475,571294,254.941184,35932.770938,35932.879497,1, 0, 0, 1,4.604691,0.558372,12.441269,-1,2
68475,571295,254.955939,35932.785693,35932.894252,1, 0, 0, 1,2.159432,-0.774488,-9.414480,-1,2
68475,571296,254.985401,35932.815155,35932.923715,1, 0, 0, 1,-0.201030,-2.961118,-10.167455,-1,2
68475,571297,255.042197,35932.871951,35932.980510,0, 0, 0, 0,-99.000000,-99.000000,-99.000000,-1,1
68475,571298,255.081583,35932.911336,35933.019896,0, 0, 0, 0,-99.000000,-99.000000,-99.000000,-1,1
68475,571299,255.186341,35933.016095,35933.124655,1, 0, 0, 1,-2.612956,0.608680,-8.707858,-1,2
68475,571300,255.192279,35933.022032,35933.130592,0, 0, 0, 0,-99.000000,-99.000000,-99.000000,-1,1
68475,571301,255.288851,35933.118604,35933.227164,1, 0, 0, 1,1.103759,2.574087,7.350379,-1,2
68475,571302,255.473497,35933.303250,35933.411811,0, 0, 0, 0,-99.000000,-99.000000,-99.000000,-1,1
68475,571303,255.484882,35933.314635,35933.423196,1, 0, 0, 1,-5.790580,2.618887,18.093281,-1,2
68475,571304,255.510795,35933.340548,35933.449109,1, 0, 0, 1,-1.835758,-3.174811,-1.597735,-1,2
68475,571305,255.536782,35933.366534,35933.475095,0, 0, 0, 0,-99.000000,-99.000000,-99.000000,-1,1
68475,571306,255.595106,35933.424859,35933.533419,0, 0, 0, 0,-99.000000,-99.000000,-99.000000,-1,0
68475,571307,255.646735,35933.476488,35933.585049,1, 0, 0, 1,-6.844865,4.695297,-6.449294,-1,2
68475,571308,255.666777,35933.496530,35933.605091,0, 0, 0, 0,-99.000000,-99.000000,-99.000000,-1,1
68475,571309,255.832133,35933.661886,35933.770447,1, 0, 0, 1,-2.407350,7.786854,-13.321180,-1,3
68475,571310,255.843759,35933.673511,35933.782072,0, 0, 0, 0,-99.000000,-99.000000,-99.000000,-1,1
68475,571311,255.963339,35933.793091,35933.901652,1, 0, 0, 1,-2.386524,-5.843529,-18.541761,-1,2
68475,571312,256.075721,35933.905473,35934.014034,0, 0, 0, 0,-99.000000,-99.000000,-99.000000,-1,1
68475,571313,256.378606,35934.208357,35934.316919,1, 0, 0, 1,-1.535104,7.422669,-5.333966,-1,2
68475,571314,256.472975,35934.302726,35934.411288,1, 0, 0, 1,6.993023,1.623827,17.099744,-1,2
68475,571315,256.528160,35934.357911,35934.466474,0, 0, 0, 0,-99.000000,-99.000000,-99.000000,-1,1
68475,571316,256.550182,35934.379933,35934.488495,1, 0, 0, 1,2.581174,4.384180,-17.951279,-1,3
68475,571317,256.563068,35934.392819,35934.501382,1, 0, 0, 1,2.768962,-6.711652,11.070159,-1,2
68475,571318,256.608078,35934.437828,35934.546391,1, 0, 0, 1,2.577249,7.015467,14.976672,-1,2
68475,571319,256.650127,35934.479878,35934.588441,0, 0, 0, 0,-99.000000,-99.000000,-99.000000,-1,1
68475,571320,256.688153,35934.517904,35934.626467,1, 0, 0, 1,-7.273022,0.026877,4.373232,-1,2
68475,571321,256.755891,35934.585641,35934.694204,0, 0, 0, 0,-99.000000,-99.000000,-99.000000,-1,1
68475,571322,256.865474,35934.695224,35934.803788,0, 0, 0, 0,-99.000000,-99.000000,-99.000000,-1,1
68475,571323,256.968592,35934.798342,35934.906905,1, 0, 0, 1,0.795827,-4.438452,-12.438423,-1,2
68475,571324,257.001432,35934.831182,35934.939745,1, 0, 0, 1,2.217696,-8.759448,-6.149823,-1,2
68475,571325,257.135575,35934.965325,35935.073889,1, 0, 0, 1,5.443683,-2.510901,-12.137392,-1,2
68475,571326,257.282141,35935.111890,35935.220455,0, 0, 0, 0,-99.000000,-99.000000,-99.000000,-1,0
68475,571327,257.285509,35935.115258,35935.223822,1, 0, 0, 1,5.592547,4.240420,-5.801924,-1,2
68475,571328,257.429214,35935.258963,35935.367527,1, 0, 0, 1,-7.072403,2.090631,8.450327,-1,2
68475,571329,257.521694,35935.351443,35935.460007,1, 0, 0, 1,2.357031,1.119063,2.397072,-1,2
68475,571330,257.544182,35935.373930,35935.482495,0, 0, 0, 0,-99.000000,-99.000000,-99.000000,-1,0
68475,571331,257.835501,35935.665249,35935.773815,1, 0, 0, 1,2.484674,1.076010,-18.579443,-1,2
68475,571332,257.836104,35935.665852,35935.774417,0, 0, 0, 0,-99.000000,-99.000000,-99.000000,-1,1
68475,571333,257.978846,35935.808594,35935.917160,1, 0, 0, 1,2.678312,8.208894,-11.529455,-1,2
68475,571334,258.001387,35935.831135,35935.939700,1, 0, 0, 1,2.703064,-4.419448,13.547124,-1,2
68475,571335,258.047217,35935.876964,35935.985530,1, 0, 0, 1,3.876080,-6.665848,10.141511,-1,2
68475,571336,258.133272,35935.963020,35936.071585,1, 0, 0, 1,-3.945919,-6.876223,6.001108,-1,2
68475,571337,258.162194,35935.991941,35936.100507,0, 0, 0, 0,-99.000000,-99.000000,-99.000000,-1,1
68475,571338,258.186946,35936.016694,35936.125260,0, 0, 0, 0,-99.000000,-99.000000,-99.000000,-1,0
68475,571339,258.333549,35936.163296,35936.271863,1, 0, 0, 1,5.891007,0.647765,-20.750887,-1,2
68475,571340,258.354712,35936.184459,35936.293025,1, 0, 0, 1,1.140141,-1.249748,5.060140,-1,2
68475,571341,258.366070,35936.195817,35936.304384,0, 0, 0, 0,-99.000000,-99.000000,-99.000000,-1,1
68475,571342,258.412647,35936.242394,35936.350960,1, 0, 0, 1,-1.218085,-0.337940,-11.992521,-1,2
68475,571343,258.420404,35936.250151,35936.358717,0, 0, 0, 0,-99.000000,-99.000000,-99.000000,-1,1
68475,571344,258.927893,35936.757639,35936.866207,0, 0, 0, 0,-99.000000,-99.000000,-99.000000,-1,1
68475,571345,258.983758,35936.813504,35936.922071,1, 0, 0, 1,2.776707,10.025301,8.849907,-1,2
68475,571346,259.084595,35936.914341,35937.022909,0, 0, 0, 0,-99.000000,-99.000000,-99.000000,-1,1
68475,571347,259.154291,35936.984037,35937.092605,0, 0, 0, 0,-99.000000,-99.000000,-99.000000,-1,0
68475,571348,259.167440,35936.997185,35937.105753,0, 0, 0, 0,-99.000000,-99.000000,-99.000000,-1,0
68475,571349,259.197673,35937.027418,35937.135986,0, 0, 0, 0,-99.000000,-99.000000,-99.000000,-1,1
68475,571350,259.367956,35937.197701,35937.306270,0, 0, 0, 0,-99.000000,-99.000000,-99.000000,-1,0
68475,571351,259.516246,35937.345991,35937.454559,0, 0, 0, 0,-99.000000,-99.000000,-99.000000,-1,1
68475,571352,259.559051,35937.388795,35937.497364,1, 0, 0, 1,-4.680595,-1.127342,22.325888,-1,2
68475,571353,259.580120,35937.409865,35937.518434,1, 0, 0, 1,2.976363,-2.986454,-7.209057,-1,2
68475,571354,259.750223,35937.579968,35937.688537,0, 0, 0, 0,-99.000000,-99.000000,-99.000000,-1,1
68475,571355,259.782919,35937.612663,35937.721232,0, 0, 0, 0,-99.000000,-99.000000,-99.000000,-1,1
68475,571356,259.848580,35937.678324,35937.786893,0, 0, 0, 0,-99.000000,-99.000000,-99.000000,-1,1
68475,571357,259.873151,35937.702895,35937.811464,1, 0, 0, 1,-6.725585,-1.018902,-11.232608,-1,3
68475,571358,259.873737,35937.703481,35937.812050,1, 0, 0, 1,1.631063,0.782068,12.684675,-1,2
68475,571359,260.053078,35937.882822,35937.991391,1, 0, 0, 1,-0.005204,0.547976,-14.002195,-1,2
68475,571360,260.063133,35937.892877,35938.001447,1, 0, 0, 1,-1.311785,0.487392,-17.436163,-1,2
68475,571361,260.064829,35937.894573,35938.003143,0, 0, 0, 0,-99.000000,-99.000000,-99.000000,-1,1
68475,571362,260.260704,35938.090447,35938.199017,1, 0, 0, 1,3.215532,-2.916641,-12.744100,-1,2
68475,571363,260.434713,35938.264456,35938.373026,0, 0, 0, 0,-99.000000,-99.000000,-99.000000,-1,1
68475,571364,260.470878,35938.300621,35938.409192,0, 0, 0, 0,-99.000000,-99.000000,-99.000000,-1,1
68475,571365,260.496055,35938.325797,35938.434368,0, 0, 0, 0,-99.000000,-99.000000,-99.000000,-1,1
68475,571366,260.656566,35938.486308,35938.594879,0, 0, 0, 0,-99.000000,-99.000000,-99.000000,-1,0
68475,571367,260.769834,35938.599577,35938.708148,1, 0, 0, 1,-3.042946,5.622100,-14.237340,-1,2
68475,571368,260.908275,35938.738017,35938.846588,1, 0, 0, 1,5.319148,0.274692,-2.119943,-1,2
68475,571369,261.048796,35938.878538,35938.987110,1, 0, 0, 1,2.327242,-0.437699,18.359008,-1,2
68475,571370,261.079116,35938.908857,35939.017429,1, 0, 0, 1,-1.724130,-6.125869,-1.645187,-1,2
68475,571371,261.082235,35938.911977,35939.020549,1, 0, 0, 1,-4.415329,-6.754795,1.081176,-1,2
68475,571372,261.134448,35938.964190,35939.072762,1, 0, 0, 1,7.099206,-2.913992,-5.787897,-1,2
68475,571373,261.364570,35939.194311,35939.302883,1, 0, 0, 1,0.317517,-1.856481,8.522008,-1,2
68475,571374,261.474776,35939.304517,35939.413089,0, 0, 0, 0,-99.000000,-99.000000,-99.000000,-1,0
68475,571375,261.582851,35939.412592,35939.521164,1, 0, 0, 1,-3.523643,5.072782,-6.437182,-1,2
68475,571376,261.754185,35939.583925,35939.692498,0, 0, 0, 0,-99.000000,-99.000000,-99.000000,-1,0
68475,571377,261.981558,35939.811298,35939.919872,1, 0, 0, 1,4.117866,5.755163,3.457507,-1,2
68475,571378,262.101662,35939.931402,35940.039976,1, 0, 0, 1,-0.854184,16.084069,0.070443,-1,2
68475,571379,262.159221,35939.988961,35940.097535,0, 0, 0, 0,-99.000000,-99.000000,-99.000000,-1,1
68475,571380,262.498933,35940.328672,35940.437247,1, 0, 0, 1,-2.237127,1.558733,-4.915055,-1,2
68475,571381,262.564178,35940.393916,35940.502491,1, 0, 0, 1,4.087902,9.024561,4.551948,-1,2
68475,571382,262.611401,35940.441140,35940.549715,1, 0, 0, 1,-3.259521,2.877965,-1.459865,-1,2
68475,571383,262.698685,35940.528423,35940.636999,1, 0, 0, 1,-6.092914,3.946934,2.413997,-1,2
68475,571384,262.925577,35940.755315,35940.863890,1, 0, 0, 1,5.466820,2.791458,-3.417404,-1,2
68475,571385,263.076679,35940.906417,35941.014993,1, 0, 0, 1,-2.447089,-9.257887,-11.936365,-1,2
68475,571386,263.256582,35941.086319,35941.194896,1, 0, 0, 1,-5.050607,-2.983643,0.912157,-1,2
68475,571387,263.286985,35941.116723,35941.225299,0, 0, 0, 0,-99.000000,-99.000000,-99.000000,-1,1
68475,571388,263.784934,35941.614670,35941.723248,1, 0, 0, 1,-3.789907,-5.259096,4.849171,-1,2
68475,571389,264.006888,35941.836624,35941.945202,1, 0, 0, 1,5.999385,-3.416328,-3.013802,-1,2
68475,571390,264.145860,35941.975595,35942.084173,0, 0, 0, 0,-99.000000,-99.000000,-99.000000,-1,1
68475,571391,264.203257,35942.032992,35942.141571,0, 0, 0, 0,-99.000000,-99.000000,-99.000000,-1,1
68475,571392,264.280837,35942.110572,35942.219151,0, 0, 0, 0,-99.000000,-99.000000,-99.000000,-1,0
68475,571393,264.457443,35942.287178,35942.395757,1, 0, 0, 1,5.758143,1.084830,-8.218179,-1,2
68475,571394,264.653926,35942.483661,35942.592240,0, 0, 0, 0,-99.000000,-99.000000,-99.000000,-1,1
68475,571395,264.744422,35942.574156,35942.682735,0, 0, 0, 0,-99.000000,-99.000000,-99.000000,-1,0
68475,571396,264.773096,35942.602830,35942.711409,1, 0, 0, 1,2.548047,-3.102160,-11.800509,-1,2
68475,571397,264.799410,35942.629144,35942.737723,0, 0, 0, 0,-99.000000,-99.000000,-99.000000,-1,1
68475,571398,264.829399,35942.659133,35942.767712,1, 0, 0, 1,-0.054378,1.656022,-3.673562,-1,2
68475,571399,265.015214,35942.844948,35942.953528,0, 0, 0, 0,-99.000000,-99.000000,-99.000000,-1,0
68475,571400,265.039843,35942.869577,35942.978157,0, 0, 0, 0,-99.000000,-99.000000,-99.000000,-1,1
68475,571401,265.045371,35942.875104,35942.983684,0, 0, 0, 0,-99.000000,-99.000000,-99.000000,-1,0
68475,571402,265.108247,35942.937980,35943.046560,1, 0, 0, 1,-7.281677,-0.321357,-0.740462,-1,2
68475,571403,265.200149,35943.029882,35943.138462,0, 0, 0, 0,-99.000000,-99.000000,-99.000000,-1,1
68475,571404,265.336501,35943.166234,35943.274814,1, 0, 0, 1,-1.969599,6.294041,9.159759,-1,2
68475,571405,265.554934,35943.384667,35943.493248,1, 0, 0, 1,-1.327146,6.977196,8.852052,-1,2
68475,571406,265.597265,35943.426998,35943.535579,1, 0, 0, 1,1.153869,4.259894,-14.450517,-1,2
68475,571407,265.626843,35943.456575,35943.565156,1, 0, 0, 1,-6.021198,0.550400,9.842126,-1,2
68475,571408,265.883417,35943.713149,35943.821731,1, 0, 0, 1,-1.299207,-1.960368,-9.171422,-1,2
68475,571409,265.896867,35943.726599,35943.835180,0, 0, 0, 0,-99.000000,-99.000000,-99.000000,-1,1
68475,571410,266.193369,35944.023101,35944.131683,1, 0, 0, 1,-2.920380,7.361830,-16.058285,-1,2
68475,571411,266.509042,35944.338773,35944.447356,1, 0, 0, 1,-3.054311,14.917369,1.816660,-1,2
68475,571412,266.516197,35944.345928,35944.454511,0, 0, 0, 0,-99.000000,-99.000000,-99.000000,-1,0
68475,571413,266.673461,35944.503191,35944.611774,1, 0, 0, 1,3.408235,-4.845512,-3.004690,-1,2
68475,571414,266.770451,35944.600181,35944.708764,1, 0, 0, 1,0.482565,-0.769555,-4.708914,-1,2
68475,571415,266.777303,35944.607033,35944.715616,0, 0, 0, 0,-99.000000,-99.000000,-99.000000,-1,1
68475,571416,266.963440,35944.793170,35944.901754,1, 0, 0, 1,-2.487217,-6.393869,19.757568,-1,4
68475,571417,266.997213,35944.826943,35944.935527,0, 0, 0, 0,-99.000000,-99.000000,-99.000000,-1,0
68475,571418,267.055454,35944.885183,35944.993767,0, 0, 0, 0,-99.000000,-99.000000,-99.000000,-1,1
68475,571419,267.139395,35944.969125,35945.077709,0, 0, 0, 0,-99.000000,-99.000000,-99.000000,-1,0
68475,571420,267.170335,35945.000064,35945.108648,1, 0, 0, 1,2.407696,6.234731,-20.228818,-1,2
68475,571421,267.392891,35945.222620,35945.331204,0, 0, 0, 0,-99.000000,-99.000000,-99.000000,-1,1
68475,571422,267.610568,35945.440296,35945.548881,0, 0, 0, 0,-99.000000,-99.000000,-99.000000,-1,1
68475,571423,267.662429,35945.492157,35945.600742,0, 0, 0, 0,-99.000000,-99.000000,-99.000000,-1,1
68475,571424,267.814461,35945.644189,35945.752775,1, 0, 0, 1,3.168699,7.245592,-4.602825,-1,2
68475,571425,267.892786,35945.722514,35945.831099,1, 0, 0, 1,-3.811748,0.501319,-3.298400,-1,2
68475,571426,268.047785,35945.877513,35945.986099,0, 0, 0, 0,-99.000000,-99.000000,-99.000000,-1,0
68475,571427,268.306952,35946.136678,35946.245265,0, 0, 0, 0,-99.000000,-99.000000,-99.000000,-1,1
68475,571428,268.393131,35946.222858,35946.331445,1, 0, 0, 1,5.545348,1.642516,8.445347,-1,2
68475,571429,268.393598,35946.223325,35946.331912,1, 0, 0, 1,-3.683359,3.939675,7.894498,-1,2
68475,571430,268.411532,35946.241258,35946.349845,0, 0, 0, 0,-99.000000,-99.000000,-99.000000,-1,1
68475,571431,268.439888,35946.269615,35946.378202,1, 0, 0, 1,-2.104760,2.808541,-0.122934,-1,2
68475,571432,268.467974,35946.297701,35946.406288,0, 0, 0, 0,-99.000000,-99.000000,-99.000000,-1,0
68475,571433,268.529693,35946.359420,35946.468007,0, 0, 0, 0,-99.000000,-99.000000,-99.000000,-1,0
68475,571434,268.674688,35946.504414,35946.613002,1, 0, 0, 1,-5.990914,4.370763,9.019150,-1,2
68475,571435,268.742463,35946.572189,35946.680776,0, 0, 0, 0,-99.000000,-99.000000,-99.000000,-1,1
68475,571436,268.832119,35946.661845,35946.770433,1, 0, 0, 1,-5.555464,0.510882,5.243782,-1,2
68475,571437,269.253369,35947.083094,35947.191683,1, 0, 0, 1,2.100760,3.969986,-3.813507,-1,8
68475,571438,269.373521,35947.203246,35947.311835,1, 0, 0, 1,4.006708,-7.071998,5.239820,-1,2
68475,571439,269.392970,35947.222694,35947.331283,1, 0, 0, 1,3.046640,2.531480,14.086293,-1,2
68475,571440,269.468447,35947.298172,35947.406761,1, 0, 0, 1,-4.431556,3.133585,12.177532,-1,2
68475,571441,269.800544,35947.630268,35947.738858,0, 0, 0, 0,-99.000000,-99.000000,-99.000000,-1,1
68475,571442,269.884918,35947.714642,35947.823232,1, 0, 0, 1,-4.032159,9.961027,-19.151250,-1,2
68475,571443,269.925369,35947.755093,35947.863683,1, 0, 0, 1,3.631892,3.263812,17.191526,-1,2
68475,571444,269.946240,35947.775964,35947.884554,1, 0, 0, 1,2.924553,-6.157333,8.853528,-1,2
68475,571445,270.022965,35947.852688,35947.961278,1, 0, 0, 1,1.476318,-2.358298,-21.222617,-1,2
68475,571446,270.253874,35948.083597,35948.192187,1, 0, 0, 1,-8.165940,-16.636566,-16.613593,-1,2
68475,571447,270.265230,35948.094953,35948.203544,1, 0, 0, 1,2.152430,-7.954054,-0.636503,-1,2
68475,571448,270.338738,35948.168461,35948.277051,0, 0, 0, 0,-99.000000,-99.000000,-99.000000,-1,0
68475,571449,270.663746,35948.493469,35948.602060,1, 0, 0, 1,-5.102977,-3.389718,1.468033,-1,2
68475,571450,271.060327,35948.890048,35948.998640,0, 0, 0, 0,-99.000000,-99.000000,-99.000000,-1,1
68475,571451,271.274648,35949.104369,35949.212962,1, 0, 0, 1,7.067835,-1.682614,-13.967959,-1,3
68475,571452,271.283836,35949.113557,35949.222149,1, 0, 0, 1,3.698897,-6.976734,19.157660,-1,2
68475,571453,271.425311,35949.255032,35949.363625,1, 0, 0, 1,-6.501771,-4.166636,-20.304057,-1,4
68475,571454,271.650506,35949.480226,35949.588819,1, 0, 0, 1,-5.095797,-0.661385,20.452065,-1,2
68475,571455,271.709505,35949.539225,35949.647819,0, 0, 0, 0,-99.000000,-99.000000,-99.000000,-1,0
68475,571456,271.786030,35949.615750,35949.724344,0, 0, 0, 0,-99.000000,-99.000000,-99.000000,-1,1
68475,571457,272.029431,35949.859150,35949.967744,0, 0, 0, 0,-99.000000,-99.000000,-99.000000,-1,0
68475,571458,272.052840,35949.882560,35949.991154,1, 0, 0, 1,-3.931521,6.494397,-19.087638,-1,2
68475,571459,272.169700,35949.999419,35950.108013,1, 0, 0, 1,1.514902,-8.275673,-3.901680,-1,6
68475,571460,272.245345,35950.075064,35950.183658,1, 0, 0, 1,-1.929019,6.051716,18.728164,-1,2
68475,571461,272.250909,35950.080628,35950.189222,1, 0, 0, 1,6.964947,-3.953102,-2.958370,-1,2
68475,571462,272.277018,35950.106737,35950.215332,1, 0, 0, 1,-4.009935,-8.025321,11.547981,-1,2
68475,571463,272.344302,35950.174021,35950.282616,1, 0, 0, 1,-5.650351,2.873040,14.939844,-1,2
68475,571464,272.469225,35950.298944,35950.407539,1, 1, 0, 1,1.733049,0.344580,-5.795473,-1,2
68475,571465,272.614858,35950.444577,35950.553172,0, 0, 0, 0,-99.000000,-99.000000,-99.000000,-1,1
68475,571466,272.628827,35950.458545,35950.567140,0, 0, 0, 0,-99.000000,-99.000000,-99.000000,-1,1
68475,571467,272.647544,35950.477262,35950.585858,0, 0, 0, 0,-99.000000,-99.000000,-99.000000,-1,1
68475,571468,272.877727,35950.707444,35950.816040,0, 0, 0, 0,-99.000000,-99.000000,-99.000000,-1,1
68475,571469,272.945822,35950.775540,35950.884136,0, 0, 0, 0,-99.000000,-99.000000,-99.000000,-1,1
68475,571470,272.980690,35950.810408,35950.919004,1, 0, 0, 1,3.959734,0.553535,7.182529,-1,2
68475,571471,273.061588,35950.891306,35950.999902,1, 0, 0, 1,-2.000552,3.114150,3.286588,-1,2
68475,571472,273.143027,35950.972744,35951.081341,0, 0, 0, 0,-99.000000,-99.000000,-99.000000,-1,1
68475,571473,273.209771,35951.039488,35951.148084,0, 0, 0, 0,-99.000000,-99.000000,-99.000000,-1,1
68475,571474,273.246450,35951.076167,35951.184763,1, 0, 0, 1,3.096324,0.597349,-10.240217,-1,2
68475,571475,273.406857,35951.236573,35951.345170,1, 0, 0, 1,-0.051960,8.812492,18.598915,-1,5
68475,571476,273.458234,35951.287951,35951.396547,0, 0, 0, 0,-99.000000,-99.000000,-99.000000,-1,1
68475,571477,273.482092,35951.311809,35951.420406,1, 0, 0, 1,-3.337314,5.401649,4.591466,-1,2
68475,571478,273.658331,35951.488047,35951.596645,1, 0, 0, 1,10.222023,6.412262,7.118981,-1,2
68475,571479,273.672772,35951.502488,35951.611085,0, 0, 0, 0,-99.000000,-99.000000,-99.000000,-1,1
68475,571480,273.737717,35951.567433,35951.676031,1, 0, 0, 1,3.336903,-9.014934,14.609407,-1,2
68475,571481,273.761649,35951.591365,35951.699962,1, 0, 0, 1,7.257430,8.217462,-4.117546,-1,5
68475,571482,273.907966,35951.737682,35951.846280,1, 0, 0, 1,2.275325,-6.223982,-15.043661,-1,2
68475,571483,273.961688,35951.791404,35951.900002,1, 0, 0, 1,3.781837,-3.916850,21.352567,-1,2
68475,571484,274.003436,35951.833151,35951.941749,1, 0, 0, 1,-6.092924,-5.240264,5.697987,-1,2
68475,571485,274.058054,35951.887769,35951.996368,0, 0, 0, 0,-99.000000,-99.000000,-99.000000,-1,1
68475,571486,274.235870,35952.065585,35952.174184,1, 0, 0, 1,1.882152,-6.753235,9.898202,-1,2
68475,571487,274.599366,35952.429080,35952.537680,0, 0, 0, 0,-99.000000,-99.000000,-99.000000,-1,1
68475,571488,274.620869,35952.450583,35952.559183,0, 0, 0, 0,-99.000000,-99.000000,-99.000000,-1,1
68475,571489,274.679998,35952.509712,35952.618312,1, 0, 0, 1,-5.420009,-2.281831,18.013572,-1,2
68475,571490,274.740225,35952.569939,35952.678539,1, 0, 0, 1,-9.673025,-11.597367,20.619629,-1,2
68475,571491,274.765368,35952.595082,35952.703682,1, 0, 0, 1,-4.149816,7.604962,13.300959,-1,3
68475,571492,274.800914,35952.630627,35952.739227,1, 0, 0, 1,-5.460953,-1.096329,-18.615606,-1,2
68475,571493,275.065101,35952.894814,35953.003414,1, 0, 0, 1,-6.613859,-0.554847,3.518153,-1,2
68475,571494,275.069397,35952.899110,35953.007711,1, 0, 0, 1,4.401613,-6.544348,12.509777,-1,2
68475,571495,275.181089,35953.010802,35953.119402,1, 0, 0, 1,-1.414589,-5.349598,-2.828215,-1,2
68475,571496,275.371784,35953.201497,35953.310098,1, 0, 0, 1,-4.925298,3.340289,20.086860,-1,4
68475,571497,275.483239,35953.312952,35953.421553,1, 0, 0, 1,-3.852388,-8.067294,2.413051,-1,2
68475,571498,275.492167,35953.321879,35953.430480,1, 0, 0, 1,1.487203,5.778774,-7.647703,-1,2
68475,571499,275.526302,35953.356015,35953.464616,0, 0, 0, 0,-99.000000,-99.000000,-99.000000,-1,1
68475,571500,275.584357,35953.414069,35953.522670,1, 0, 0, 1,6.403763,-12.331199,-12.260911,-1,2
68475,571501,275.589678,35953.419390,35953.527991,1, 0, 0, 1,-2.220313,1.663064,-21.583774,-1,2
68475,571502,275.706761,35953.536473,35953.645074,0, 0, 0, 0,-99.000000,-99.000000,-99.000000,-1,1
68475,571503,275.740407,35953.570119,35953.678721,0, 0, 0, 0,-99.000000,-99.000000,-99.000000,-1,1
68475,571504,276.309892,35954.139603,35954.248205,0, 0, 0, 0,-99.000000,-99.000000,-99.000000,-1,1
68475,571505,276.323611,35954.153322,35954.261924,0, 0, 0, 0,-99.000000,-99.000000,-99.000000,-1,1
68475,571506,276.390741,35954.220451,35954.329054,1, 0, 0, 1,6.461285,2.759200,6.613206,-1,2
68475,571507,276.463706,35954.293416,35954.402019,1, 0, 0, 1,-5.848097,3.807771,12.707121,-1,2
68475,571508,276.482722,35954.312433,35954.421036,1, 0, 0, 1,1.252613,-9.573101,17.212904,-1,2
68475,571509,276.722416,35954.552126,35954.660730,1, 0, 0, 1,0.219975,-1.012459,-9.418712,-1,2
68475,571510,276.751167,35954.580877,35954.689481,1, 0, 0, 1,5.708556,-4.057007,-15.402488,-1,2
68475,571511,276.829368,35954.659078,35954.767682,0, 0, 0, 0,-99.000000,-99.000000,-99.000000,-1,1
68475,571512,276.937972,35954.767682,35954.876286,0, 0, 0, 0,-99.000000,-99.000000,-99.000000,-1,1
68475,571513,277.084359,35954.914068,35955.022673,1, 0, 0, 1,2.868085,4.116733,3.275973,-1,2
68475,571514,277.132642,35954.962351,35955.070956,0, 0, 0, 0,-99.000000,-99.000000,-99.000000,-1,0
68475,571515,277.202016,35955.031725,35955.140330,1, 0, 0, 1,-2.320127,3.702748,7.742133,-1,2
68475,571516,277.342170,35955.171879,35955.280483,0, 0, 0, 0,-99.000000,-99.000000,-99.000000,-1,0
68475,571517,277.385422,35955.215131,35955.323736,1, 0, 0, 1,0.423285,4.233118,-6.199463,-1,2
68475,571518,277.598346,35955.428054,35955.536660,1, 0, 0, 1,1.571542,3.047501,-2.165386,-1,2
68475,571519,277.692437,35955.522145,35955.630750,1, 0, 0, 1,-2.034429,-6.258080,17.019612,-1,2
68475,571520,277.841922,35955.671629,35955.780235,0, 0, 0, 0,-99.000000,-99.000000,-99.000000,-1,1
68475,571521,277.870256,35955.699963,35955.808569,0, 0, 0, 0,-99.000000,-99.000000,-99.000000,-1,0
68475,571522,278.141539,35955.971246,35956.079852,1, 0, 0, 1,3.596854,6.949597,0.162034,-1,2
68475,571523,278.258988,35956.088694,35956.197301,0, 0, 0, 0,-99.000000,-99.000000,-99.000000,-1,1
68475,571524,278.351083,35956.180790,35956.289396,0, 0, 0, 0,-99.000000,-99.000000,-99.000000,-1,0
68475,571525,278.440465,35956.270172,35956.378779,1, 0, 0, 1,-6.249475,1.253188,-1.153242,-1,2
68475,571526,278.633617,35956.463323,35956.571931,0, 0, 0, 0,-99.000000,-99.000000,-99.000000,-1,0
68475,571527,279.116023,35956.945728,35957.054336,0, 0, 0, 0,-99.000000,-99.000000,-99.000000,-1,1
68475,571528,279.154233,35956.983938,35957.092547,0, 0, 0, 0,-99.000000,-99.000000,-99.000000,-1,0
68475,571529,279.188387,35957.018092,35957.126701,1, 0, 0, 1,-5.774455,-2.633087,7.855030,-1,3
68475,571530,279.428236,35957.257941,35957.366550,1, 0, 0, 1,0.271232,-8.176686,-20.870204,-1,2
68475,571531,279.441632,35957.271336,35957.379945,0, 0, 0, 0,-99.000000,-99.000000,-99.000000,-1,1
68475,571532,279.567363,35957.397067,35957.505677,1, 0, 0, 1,-4.860315,-0.064572,9.612857,-1,2
68475,571533,279.694213,35957.523917,35957.632527,0, 0, 0, 0,-99.000000,-99.000000,-99.000000,-1,1
68475,571534,279.845355,35957.675058,35957.783668,1, 0, 0, 1,-3.387881,-3.237495,-13.780258,-1,2
68475,571535,279.931421,35957.761124,35957.869734,0, 0, 0, 0,-99.000000,-99.000000,-99.000000,-1,0
68475,571536,279.981921,35957.811624,35957.920235,1, 0, 0, 1,-0.757519,-1.902917,5.436560,-1,2
68475,571537,280.033931,35957.863634,35957.972244,1, 0, 0, 1,-5.619246,2.187603,12.044487,-1,2
68475,571538,280.309055,35958.138757,35958.247368,1, 0, 0, 1,-4.695840,-5.252186,7.360599,-1,4
68475,571539,280.327872,35958.157575,35958.266186,0, 0, 0, 0,-99.000000,-99.000000,-99.000000,-1,0
68475,571540,280.328325,35958.158028,35958.266639,1, 0, 0, 1,-7.405400,-1.067044,-20.960610,-1,2
68475,571541,280.459600,35958.289303,35958.397914,1, 1, 0, 1,1.038919,0.688851,18.954211,-1,2
68475,571542,280.638581,35958.468283,35958.576895,1, 0, 0, 1,-3.955300,6.752208,-11.522055,-1,2
68475,571543,280.739121,35958.568823,35958.677435,1, 1, 0, 1,2.276676,1.194611,-13.241445,-1,3
68475,571544,280.908996,35958.738698,35958.847310,1, 0, 0, 1,-1.997347,0.829616,-4.451886,-1,2
68475,571545,281.069146,35958.898848,35959.007460,0, 0, 0, 0,-99.000000,-99.000000,-99.000000,-1,1
68475,571546,281.323269,35959.152970,35959.261583,1, 0, 0, 1,7.350284,1.791476,-6.980902,-1,5
68475,571547,281.551710,35959.381410,35959.490023,1, 0, 0, 1,4.272741,5.836920,-4.309946,-1,2
68475,571548,281.598559,35959.428259,35959.536873,1, 0, 0, 1,2.375040,-7.951242,19.623981,-1,2
68475,571549,281.654601,35959.484301,35959.592914,0, 0, 0, 0,-99.000000,-99.000000,-99.000000,-1,1
68475,571550,281.794252,35959.623952,35959.732566,1, 0, 0, 1,-7.557377,-1.485522,0.008502,-1,2
68475,571551,281.856843,35959.686543,35959.795156,0, 0, 0, 0,-99.000000,-99.000000,-99.000000,-1,1
68475,571552,281.905081,35959.734781,35959.843395,1, 0, 0, 1,0.160217,-1.044168,0.674867,-1,2
68475,571553,281.923895,35959.753594,35959.862208,1, 0, 0, 1,-5.615239,3.656135,-3.623773,-1,2
68475,571554,281.946460,35959.776159,35959.884774,1, 0, 0, 1,-3.179047,0.560310,4.406100,-1,3
68475,571555,282.000554,35959.830253,35959.938867,1, 1, 0, 1,1.213499,1.243077,-20.491926,-1,2
68475,571556,282.010713,35959.840412,35959.949026,1, 0, 0, 1,7.812795,2.714901,3.536921,-1,2
68475,571557,282.022422,35959.852121,35959.960735,0, 0, 0, 0,-99.000000,-99.000000,-99.000000,-1,1
68475,571558,282.048501,35959.878200,35959.986814,1, 0, 0, 1,6.600778,-2.056389,-13.150451,-1,2
68475,571559,282.086515,35959.916214,35960.024829,0, 0, 0, 0,-99.000000,-99.000000,-99.000000,-1,1
68475,571560,282.213076,35960.042775,35960.151390,0, 0, 0, 0,-99.000000,-99.000000,-99.000000,-1,1
68475,571561,282.337440,35960.167139,35960.275754,1, 0, 0, 1,1.001963,-3.306395,-18.845908,-1,2
68475,571562,282.432970,35960.262668,35960.371283,1, 0, 0, 1,-7.423008,1.915880,-4.078555,-1,2
68475,571563,282.451468,35960.281166,35960.389782,0, 0, 0, 0,-99.000000,-99.000000,-99.000000,-1,1
68475,571564,282.854560,35960.684257,35960.792873,1, 0, 0, 1,2.473291,-2.604400,-0.132946,-1,2
68475,571565,282.995772,35960.825469,35960.934085,0, 0, 0, 0,-99.000000,-99.000000,-99.000000,-1,1
68475,571566,283.037412,35960.867109,35960.975726,0, 0, 0, 0,-99.000000,-99.000000,-99.000000,-1,0
68475,571567,283.231503,35961.061200,35961.169816,0, 0, 0, 0,-99.000000,-99.000000,-99.000000,-1,0
68475,571568,283.422582,35961.252279,35961.360896,1, 0, 0, 1,-0.801666,1.251553,19.395791,-1,2
68475,571569,283.635320,35961.465016,35961.573634,0, 0, 0, 0,-99.000000,-99.000000,-99.000000,-1,0
68475,571570,283.808030,35961.637725,35961.746343,1, 0, 0, 1,3.698467,-3.499850,-1.983588,-1,2
68475,571571,284.053897,35961.883592,35961.992210,0, 0, 0, 0,-99.000000,-99.000000,-99.000000,-1,1
68475,571572,284.232556,35962.062251,35962.170869,1, 0, 0, 1,5.062772,3.628700,-22.460445,-1,2
68475,571573,284.360715,35962.190409,35962.299028,1, 0, 0, 1,-5.095020,3.129791,-12.178418,-1,2
68475,571574,284.368007,35962.197702,35962.306321,0, 0, 0, 0,-99.000000,-99.000000,-99.000000,-1,1
68475,571575,284.452366,35962.282060,35962.390679,1, 0, 0, 1,-0.082264,-7.162397,-17.092938,-1,2
68475,571576,284.491306,35962.321000,35962.429619,1, 0, 0, 1,0.395424,5.095096,-13.124021,-1,2
68475,571577,284.544235,35962.373929,35962.482549,1, 0, 0, 1,-2.600112,1.049208,3.211958,-1,2
68475,571578,284.580141,35962.409835,35962.518455,0, 0, 0, 0,-99.000000,-99.000000,-99.000000,-1,1
68475,571579,284.697273,35962.526967,35962.635586,1, 0, 0, 1,2.424165,4.530897,8.383299,-1,2
68475,571580,284.704427,35962.534121,35962.642741,1, 0, 0, 1,-5.004216,-1.566477,9.791690,-1,2
68475,571581,284.730396,35962.560090,35962.668710,1, 0, 0, 1,2.274242,-3.713166,4.829953,-1,2
68475,571582,284.797700,35962.627393,35962.736013,0, 0, 0, 0,-99.000000,-99.000000,-99.000000,-1,1
68475,571583,284.933651,35962.763344,35962.871964,1, 0, 0, 1,6.818502,1.612180,-8.385058,-1,2
68475,571584,284.991381,35962.821074,35962.929695,0, 0, 0, 0,-99.000000,-99.000000,-99.000000,-1,1
68475,571585,284.997062,35962.826755,35962.935375,1, 0, 0, 1,-9.276529,-4.670011,17.423048,-1,2
68475,571586,285.298374,35963.128067,35963.236688,1, 0, 0, 1,6.889287,0.015298,-1.073658,-1,2
68475,571587,285.321286,35963.150978,35963.259599,0, 0, 0, 0,-99.000000,-99.000000,-99.000000,-1,1
68475,571588,285.481408,35963.311101,35963.419722,0, 0, 0, 0,-99.000000,-99.000000,-99.000000,-1,1
68475,571589,285.537731,35963.367423,35963.476044,0, 0, 0, 0,-99.000000,-99.000000,-99.000000,-1,0
68475,571590,285.612128,35963.441820,35963.550441,0, 0, 0, 0,-99.000000,-99.000000,-99.000000,-1,1
68475,571591,285.632179,35963.461871,35963.570493,1, 0, 0, 1,-0.673310,-2.601529,12.898363,-1,2
68475,571592,285.678826,35963.508518,35963.617140,1, 0, 0, 1,2.498284,5.432405,21.154458,-1,2
68475,571593,285.723642,35963.553333,35963.661955,1, 0, 0, 1,-6.905036,0.498595,2.992171,-1,2
68475,571594,286.060354,35963.890045,35963.998667,1, 0, 0, 1,-3.898566,-2.213170,16.638222,-1,2
68475,571595,286.087160,35963.916851,35964.025474,0, 0, 0, 0,-99.000000,-99.000000,-99.000000,-1,0
68475,571596,286.094091,35963.923782,35964.032404,0, 0, 0, 0,-99.000000,-99.000000,-99.000000,-1,0
68475,571597,286.146586,35963.976277,35964.084899,1, 0, 0, 1,1.142041,-2.285906,0.081535,-1,2
68475,571598,286.420634,35964.250325,35964.358948,1, 0, 0, 1,-0.855439,-6.072514,-5.388921,-1,2
68475,571599,286.448635,35964.278325,35964.386948,0, 0, 0, 0,-99.000000,-99.000000,-99.000000,-1,0
68475,571600,286.470542,35964.300232,35964.408856,1, 0, 0, 1,-2.969751,0.187914,17.917071,-1,2
68475,571601,286.477510,35964.307201,35964.415824,0, 0, 0, 0,-99.000000,-99.000000,-99.000000,-1,1
68475,571602,286.528566,35964.358256,35964.466880,1, 0, 0, 1,1.761168,-3.767022,-8.094412,-1,2
68475,571603,286.729835,35964.559524,35964.668148,0, 0, 0, 0,-99.000000,-99.000000,-99.000000,-1,1
68475,571604,286.745989,35964.575678,35964.684302,1, 0, 0, 1,-0.014065,-2.786189,-17.580217,-1,2
68475,571605,286.765772,35964.595461,35964.704085,0, 0, 0, 0,-99.000000,-99.000000,-99.000000,-1,0
68475,571606,286.917701,35964.747390,35964.856014,1, 0, 0, 1,-1.298457,6.871574,5.552040,-1,2
68475,571607,287.077082,35964.906771,35965.015395,0, 0, 0, 0,-99.000000,-99.000000,-99.000000,-1,0
68475,571608,287.133489,35964.963178,35965.071802,1, 0, 0, 1,-0.636280,0.639676,0.915099,-1,2
68475,571609,287.237820,35965.067508,35965.176133,0, 0, 0, 0,-99.000000,-99.000000,-99.000000,-1,0
68475,571610,287.251941,35965.081629,35965.190254,1, 0, 0, 1,1.565094,6.580568,14.399061,-1,2
68475,571611,287.325898,35965.155586,35965.264211,1, 0, 0, 1,1.516708,-5.146646,-2.386353,-1,2
68475,571612,287.747880,35965.577568,35965.686194,1, 0, 0, 1,1.628423,-5.858991,6.625311,-1,2
68475,571613,287.825293,35965.654981,35965.763607,1, 0, 0, 1,-7.076269,2.078494,-18.690277,-1,4
68475,571614,288.015960,35965.845647,35965.954273,1, 0, 0, 1,5.326903,0.369130,11.369891,-1,2
68475,571615,288.103337,35965.933024,35966.041650,0, 0, 0, 0,-99.000000,-99.000000,-99.000000,-1,1
68475,571616,288.119143,35965.948830,35966.057456,0, 0, 0, 0,-99.000000,-99.000000,-99.000000,-1,1
68475,571617,288.174724,35966.004411,35966.113038,1, 0, 0, 1,3.091472,5.228549,-0.569042,-1,2
68475,571618,288.253244,35966.082931,35966.191558,1, 0, 0, 1,2.157145,-4.743572,11.278975,-1,2
68475,571619,288.365847,35966.195534,35966.304161,1, 0, 0, 1,-4.523293,2.243537,-4.449465,-1,2
68475,571620,288.366304,35966.195991,35966.304618,1, 0, 0, 1,7.765348,-1.599744,-2.117623,-1,2
68475,571621,288.464224,35966.293910,35966.402538,1, 0, 0, 1,-5.782645,0.392537,7.511609,-1,2
68475,571622,288.609004,35966.438690,35966.547318,1, 0, 0, 1,2.897954,-5.046689,-15.660327,-1,2
68475,571623,288.742821,35966.572506,35966.681134,1, 0, 0, 1,0.902502,-2.639278,-19.484605,-1,2
68475,571624,288.744670,35966.574356,35966.682984,0, 0, 0, 0,-99.000000,-99.000000,-99.000000,-1,1
68475,571625,289.214037,35967.043722,35967.152351,1, 0, 0, 1,7.395539,-1.843951,18.743031,-1,2
68475,571626,289.460934,35967.290618,35967.399247,0, 0, 0, 0,-99.000000,-99.000000,-99.000000,-1,1
68475,571627,289.497070,35967.326754,35967.435383,0, 0, 0, 0,-99.000000,-99.000000,-99.000000,-1,1
68475,571628,290.565796,35968.395478,35968.504110,0, 0, 0, 0,-99.000000,-99.000000,-99.000000,-1,1
68475,571629,290.648852,35968.478533,35968.587165,0, 0, 0, 0,-99.000000,-99.000000,-99.000000,-1,1
68475,571630,290.677576,35968.507258,35968.615890,1, 0, 0, 1,-4.594803,5.246610,-15.693287,-1,5
68475,571631,290.777383,35968.607064,35968.715696,0, 0, 0, 0,-99.000000,-99.000000,-99.000000,-1,0
68475,571632,290.879974,35968.709656,35968.818288,1, 0, 0, 1,-6.821411,2.080160,0.945161,-1,2
68475,571633,291.074321,35968.904002,35969.012635,0, 0, 0, 0,-99.000000,-99.000000,-99.000000,-1,0
68475,571634,291.356261,35969.185941,35969.294574,1, 0, 0, 1,3.888676,2.437878,20.769802,-1,2
68475,571635,291.436232,35969.265912,35969.374545,0, 0, 0, 0,-99.000000,-99.000000,-99.000000,-1,1
68475,571636,291.437889,35969.267569,35969.376202,1, 0, 0, 1,-1.714797,-1.847818,-4.707594,-1,2
68475,571637,291.687420,35969.517100,35969.625733,0, 0, 0, 0,-99.000000,-99.000000,-99.000000,-1,1
68475,571638,291.842514,35969.672193,35969.780827,1, 0, 0, 1,2.271354,-3.698927,-11.387635,-1,2
68475,571639,292.145067,35969.974746,35970.083380,0, 0, 0, 0,-99.000000,-99.000000,-99.000000,-1,1
68475,571640,292.282827,35970.112505,35970.221140,0, 0, 0, 0,-99.000000,-99.000000,-99.000000,-1,0
68475,571641,292.336234,35970.165912,35970.274547,1, 0, 0, 1,7.120382,10.628516,9.229555,-1,2
68475,571642,292.406426,35970.236104,35970.344740,1, 0, 0, 1,0.748560,-7.680263,8.846316,-1,2
68475,571643,292.442865,35970.272543,35970.381178,1, 0, 0, 1,7.891985,-1.665529,-0.181635,-1,6
68475,571644,292.532886,35970.362563,35970.471199,0, 0, 0, 0,-99.000000,-99.000000,-99.000000,-1,1
68475,571645,292.588475,35970.418153,35970.526789,0, 0, 0, 0,-99.000000,-99.000000,-99.000000,-1,0
68475,571646,292.617082,35970.446760,35970.555396,1, 0, 0, 1,7.534272,0.373588,-0.672381,-1,2
68475,571647,292.710895,35970.540572,35970.649208,1, 0, 0, 1,8.107584,1.375020,5.728946,-1,2
68475,571648,292.786674,35970.616352,35970.724988,1, 0, 0, 1,3.857549,-2.004159,-1.947852,-1,2
68475,571649,292.806461,35970.636139,35970.744775,1, 1, 0, 1,0.196428,-1.645240,21.203688,-1,4
68475,571650,292.844936,35970.674613,35970.783250,1, 0, 0, 1,-1.950077,2.229978,14.832108,-1,2
68475,571651,292.845989,35970.675666,35970.784303,1, 0, 0, 1,-0.123137,6.700820,-2.308297,-1,2
68475,571652,292.981928,35970.811605,35970.920242,0, 0, 0, 0,-99.000000,-99.000000,-99.000000,-1,0
68475,571653,293.149425,35970.979102,35971.087738,1, 0, 0, 1,-0.859701,0.157069,1.191009,-1,2
68475,571654,293.231865,35971.061542,35971.170179,0, 0, 0, 0,-99.000000,-99.000000,-99.000000,-1,1
68475,571655,293.284852,35971.114529,35971.223166,0, 0, 0, 0,-99.000000,-99.000000,-99.000000,-1,1
68475,571656,293.327531,35971.157207,35971.265844,1, 0, 0, 1,5.177224,3.138735,-21.691753,-1,2
68475,571657,293.426106,35971.255782,35971.364419,1, 0, 0, 1,2.295212,-0.917078,-3.454033,-1,2
68475,571658,293.523538,35971.353214,35971.461852,0, 0, 0, 0,-99.000000,-99.000000,-99.000000,-1,1
68475,571659,293.585463,35971.415139,35971.523776,0, 0, 0, 0,-99.000000,-99.000000,-99.000000,-1,1
68475,571660,293.682187,35971.511862,35971.620500,1, 0, 0, 1,-0.853448,4.702381,-0.981711,-1,2
68475,571661,293.759618,35971.589294,35971.697932,0, 0, 0, 0,-99.000000,-99.000000,-99.000000,-1,1
68475,571662,293.846772,35971.676447,35971.785085,1, 0, 0, 1,-6.534528,5.147772,-0.774865,-1,2
68475,571663,293.863892,35971.693567,35971.802205,1, 0, 0, 1,9.715265,7.083375,0.055619,-1,2
68475,571664,293.917764,35971.747439,35971.856077,1, 0, 0, 1,-1.732371,-2.343274,-7.699712,-1,2
68475,571665,293.942389,35971.772064,35971.880702,0, 0, 0, 0,-99.000000,-99.000000,-99.000000,-1,0
68475,571666,294.042548,35971.872223,35971.980862,1, 0, 0, 1,7.788023,1.825713,-17.504913,-1,2
68475,571667,294.054836,35971.884511,35971.993150,1, 0, 0, 1,-3.372360,7.762332,-21.480392,-1,2
68475,571668,294.284338,35972.114012,35972.222651,0, 0, 0, 0,-99.000000,-99.000000,-99.000000,-1,1
68475,571669,294.339579,35972.169254,35972.277893,1, 0, 0, 1,-5.028303,-3.660832,13.157782,-1,2
68475,571670,294.422566,35972.252240,35972.360879,0, 0, 0, 0,-99.000000,-99.000000,-99.000000,-1,1
68475,571671,294.698588,35972.528261,35972.636901,0, 0, 0, 0,-99.000000,-99.000000,-99.000000,-1,0
68475,571672,294.728507,35972.558180,35972.666820,0, 0, 0, 0,-99.000000,-99.000000,-99.000000,-1,1
68475,571673,294.739709,35972.569383,35972.678023,1, 0, 0, 1,-7.165692,3.703142,15.746716,-1,2
68475,571674,294.816200,35972.645874,35972.754514,0, 0, 0, 0,-99.000000,-99.000000,-99.000000,-1,0
68475,571675,294.918179,35972.747852,35972.856492,1, 0, 0, 1,2.104057,2.650327,2.456056,-1,2
68475,571676,295.202782,35973.032454,35973.141095,0, 0, 0, 0,-99.000000,-99.000000,-99.000000,-1,1
68475,571677,295.305594,35973.135266,35973.243907,0, 0, 0, 0,-99.000000,-99.000000,-99.000000,-1,0
68475,571678,295.341319,35973.170992,35973.279633,1, 0, 0, 1,3.717342,-4.397193,15.619666,-1,2
68475,571679,295.343586,35973.173258,35973.281899,1, 0, 0, 1,4.594768,2.270441,5.351203,-1,2
68475,571680,295.410534,35973.240206,35973.348847,0, 0, 0, 0,-99.000000,-99.000000,-99.000000,-1,0
68475,571681,295.434457,35973.264129,35973.372771,0, 0, 0, 0,-99.000000,-99.000000,-99.000000,-1,0
68475,571682,295.479148,35973.308820,35973.417462,0, 0, 0, 0,-99.000000,-99.000000,-99.000000,-1,0
68475,571683,295.482686,35973.312358,35973.421000,0, 0, 0, 0,-99.000000,-99.000000,-99.000000,-1,0
68475,571684,295.713756,35973.543428,35973.652070,0, 0, 0, 0,-99.000000,-99.000000,-99.000000,-1,1
68475,571685,295.870978,35973.700650,35973.809292,1, 0, 0, 1,0.952929,6.778564,3.287758,-1,2
68475,571686,295.947577,35973.777248,35973.885890,1, 0, 0, 1,-8.033632,0.590734,8.295122,-1,2
68475,571687,296.032524,35973.862195,35973.970838,1, 0, 0, 1,6.177325,3.759665,-3.328423,-1,2
68475,571688,296.046152,35973.875823,35973.984466,1, 0, 0, 1,4.248370,3.872515,6.472307,-1,2
68475,571689,296.160358,35973.990028,35974.098671,1, 0, 0, 1,-5.482163,-3.145410,-12.573942,-1,2
68475,571690,296.202222,35974.031892,35974.140535,1, 0, 0, 1,-6.532016,-1.286784,-1.796100,-1,6
68475,571691,296.229709,35974.059379,35974.168022,1, 0, 0, 1,-3.878399,7.009853,5.753107,-1,2
68475,571692,296.257298,35974.086969,35974.195612,0, 0, 0, 0,-99.000000,-99.000000,-99.000000,-1,1
68475,571693,296.295697,35974.125367,35974.234010,1, 0, 0, 1,-9.658979,7.784590,-5.822828,-1,2
68475,571694,296.858031,35974.687700,35974.796345,1, 0, 0, 1,6.852901,1.837173,19.575331,-1,2
68475,571695,297.019146,35974.848815,35974.957459,1, 0, 0, 1,-8.237078,-0.375618,-2.137995,-1,2
68475,571696,297.044958,35974.874627,35974.983272,1, 0, 0, 1,0.104154,6.607068,11.706955,-1,2
68475,571697,297.062171,35974.891840,35975.000484,1, 1, 0, 1,1.942320,2.788293,-5.003641,-1,2
68475,571698,297.096990,35974.926659,35975.035303,0, 0, 0, 0,-99.000000,-99.000000,-99.000000,-1,0
68475,571699,297.359294,35975.188962,35975.297607,1, 0, 0, 1,2.144200,-1.878690,-4.389627,-1,2
68475,571700,297.723205,35975.552873,35975.661519,1, 0, 0, 1,-3.738810,2.993837,5.113081,-1,2
68475,571701,297.986475,35975.816142,35975.924789,1, 0, 0, 1,2.218646,4.181282,8.186357,-1,2
68475,571702,298.127259,35975.956926,35976.065573,1, 0, 0, 1,-0.201393,1.062399,-9.445711,-1,2
68475,571703,298.143084,35975.972751,35976.081398,0, 0, 0, 0,-99.000000,-99.000000,-99.000000,-1,1
68475,571704,298.201487,35976.031153,35976.139800,0, 0, 0, 0,-99.000000,-99.000000,-99.000000,-1,1
68475,571705,298.278915,35976.108581,35976.217228,1, 0, 0, 1,-5.208681,0.159821,-0.262299,-1,2
68475,571706,298.294424,35976.124090,35976.232738,1, 0, 0, 1,4.332428,7.908623,18.651094,-1,2
68475,571707,298.355873,35976.185539,35976.294186,1, 0, 0, 1,4.595051,-2.719709,-7.517999,-1,2
68475,571708,298.452388,35976.282054,35976.390702,1, 0, 0, 1,6.482255,-2.331671,3.767775,-1,2
68475,571709,298.558844,35976.388510,35976.497158,0, 0, 0, 0,-99.000000,-99.000000,-99.000000,-1,0
68475,571710,298.707418,35976.537083,35976.645731,1, 0, 0, 1,3.361584,5.973335,-3.010562,-1,2
68475,571711,298.713851,35976.543517,35976.652165,0, 0, 0, 0,-99.000000,-99.000000,-99.000000,-1,1
68475,571712,298.868297,35976.697963,35976.806611,1, 0, 0, 1,3.539960,-6.680919,12.953657,-1,2
68475,571713,298.906911,35976.736576,35976.845225,0, 0, 0, 0,-99.000000,-99.000000,-99.000000,-1,1
68475,571714,299.180219,35977.009884,35977.118533,1, 0, 0, 1,-1.422925,-4.666190,10.508249,-1,2
68475,571715,299.333814,35977.163478,35977.272127,0, 0, 0, 0,-99.000000,-99.000000,-99.000000,-1,1
68475,571716,299.464194,35977.293858,35977.402508,0, 0, 0, 0,-99.000000,-99.000000,-99.000000,-1,1
68475,571717,299.539713,35977.369376,35977.478026,1, 0, 0, 1,2.004736,0.595062,-3.844443,-1,3
68475,571718,299.623324,35977.452988,35977.561638,0, 0, 0, 0,-99.000000,-99.000000,-99.000000,-1,1
68475,571719,299.955577,35977.785240,35977.893890,0, 0, 0, 0,-99.000000,-99.000000,-99.000000,-1,0
68475,571720,299.957183,35977.786846,35977.895497,0, 0, 0, 0,-99.000000,-99.000000,-99.000000,-1,0
68475,571721,300.098232,35977.927894,35978.036545,1, 0, 0, 1,-8.278701,-4.387226,-6.884456,-1,2
68475,571722,300.105673,35977.935335,35978.043986,1, 0, 0, 1,-1.348900,-3.629743,0.905105,-1,2
68475,571723,300.244228,35978.073890,35978.182541,0, 0, 0, 0,-99.000000,-99.000000,-99.000000,-1,1
68475,571724,300.631009,35978.460671,35978.569323,0, 0, 0, 0,-99.000000,-99.000000,-99.000000,-1,1
68475,571725,300.657301,35978.486963,35978.595615,1, 0, 0, 1,3.030509,2.050795,-17.378108,-1,2
68475,571726,300.923330,35978.752991,35978.861644,0, 0, 0, 0,-99.000000,-99.000000,-99.000000,-1,1
68475,571727,300.978614,35978.808275,35978.916927,0, 0, 0, 0,-99.000000,-99.000000,-99.000000,-1,1
68475,571728,301.014119,35978.843780,35978.952432,0, 0, 0, 0,-99.000000,-99.000000,-99.000000,-1,1
68475,571729,301.021084,35978.850744,35978.959397,0, 0, 0, 0,-99.000000,-99.000000,-99.000000,-1,1
68475,571730,301.117933,35978.947593,35979.056246,1, 0, 0, 1,5.261688,5.781735,1.692642,-1,2
68475,571731,301.300314,35979.129975,35979.238628,1, 0, 0, 1,-2.575257,3.061952,-5.100003,-1,2
68475,571732,301.415111,35979.244771,35979.353424,1, 0, 0, 1,-1.593131,-1.543855,13.457813,-1,2
68475,571733,301.443081,35979.272741,35979.381394,1, 0, 0, 1,-2.433535,-3.655180,-1.170825,-1,2
68475,571734,301.556603,35979.386262,35979.494916,0, 0, 0, 0,-99.000000,-99.000000,-99.000000,-1,0
68475,571735,301.702569,35979.532229,35979.640883,1, 0, 0, 1,1.337545,4.259186,-7.718466,-1,2
68475,571736,301.770003,35979.599662,35979.708316,1, 0, 0, 1,-1.042651,1.912989,-12.606273,-1,2
68475,571737,301.801876,35979.631535,35979.740190,0, 0, 0, 0,-99.000000,-99.000000,-99.000000,-1,1
68475,571738,301.850200,35979.679860,35979.788514,1, 0, 0, 1,2.649662,4.549565,0.480940,-1,2
68475,571739,301.876649,35979.706308,35979.814962,0, 0, 0, 0,-99.000000,-99.000000,-99.000000,-1,0
68475,571740,301.954774,35979.784433,35979.893088,1, 0, 0, 1,-6.634215,0.161619,-0.667652,-1,2
68475,571741,301.979618,35979.809277,35979.917932,1, 0, 0, 1,0.051560,-8.728337,-8.633975,-1,2
68475,571742,302.083681,35979.913340,35980.021994,1, 0, 0, 1,-2.619313,0.660648,-15.331689,-1,2
68475,571743,302.090816,35979.920475,35980.029130,1, 0, 0, 1,6.836272,-1.305762,18.058200,-1,2
68475,571744,302.119489,35979.949147,35980.057802,1, 0, 0, 1,-0.945500,-4.290259,12.522819,-1,2
68475,571745,302.273146,35980.102804,35980.211459,0, 0, 0, 0,-99.000000,-99.000000,-99.000000,-1,1
68475,571746,302.317241,35980.146899,35980.255554,1, 0, 0, 1,5.411760,-0.653546,-4.241315,-1,2
68475,571747,302.462662,35980.292320,35980.400975,1, 0, 0, 1,-8.650656,-0.958785,-1.395920,-1,2
68475,571748,302.498624,35980.328282,35980.436938,1, 0, 0, 1,7.343248,-7.648728,8.016065,-1,3
68475,571749,302.521877,35980.351534,35980.460190,1, 0, 0, 1,1.113881,-2.596337,18.033778,-1,2
68475,571750,302.552462,35980.382119,35980.490775,0, 0, 0, 0,-99.000000,-99.000000,-99.000000,-1,0
68475,571751,302.722990,35980.552647,35980.661303,1, 0, 0, 1,-6.600229,0.738316,-10.931172,-1,2
68475,571752,302.825508,35980.655165,35980.763821,0, 0, 0, 0,-99.000000,-99.000000,-99.000000,-1,1
68475,571753,302.908590,35980.738247,35980.846904,0, 0, 0, 0,-99.000000,-99.000000,-99.000000,-1,1
68475,571754,302.981412,35980.811069,35980.919725,0, 0, 0, 0,-99.000000,-99.000000,-99.000000,-1,1
68475,571755,302.999204,35980.828861,35980.937517,1, 0, 0, 1,3.189929,-3.100796,-9.619813,-1,2
68475,571756,303.071870,35980.901526,35981.010183,1, 0, 0, 1,-7.146971,-2.583712,-12.106769,-1,2
68475,571757,303.099604,35980.929260,35981.037917,1, 0, 0, 1,-2.759165,6.223600,17.523031,-1,2
68475,571758,303.350994,35981.180650,35981.289307,1, 0, 0, 1,0.635313,6.498781,10.957274,-1,2
68475,571759,303.484991,35981.314647,35981.423305,0, 0, 0, 0,-99.000000,-99.000000,-99.000000,-1,1
68475,571760,303.512743,35981.342398,35981.451056,1, 0, 0, 1,3.272038,-0.878306,11.490487,-1,2
68475,571761,303.596753,35981.426408,35981.535066,0, 0, 0, 0,-99.000000,-99.000000,-99.000000,-1,1
68475,571762,303.611090,35981.440746,35981.549404,1, 0, 0, 1,-0.462354,-0.077276,-0.443187,-1,2
68475,571763,303.898540,35981.728195,35981.836854,0, 0, 0, 0,-99.000000,-99.000000,-99.000000,-1,0
68475,571764,303.945295,35981.774950,35981.883609,1, 0, 0, 1,-5.625753,0.525623,-9.236437,-1,2
68475,571765,303.957247,35981.786902,35981.895560,1, 0, 0, 1,-3.720311,-4.512470,1.224527,-1,2
68475,571766,304.018061,35981.847715,35981.956374,1, 0, 0, 1,-5.288949,4.037724,0.202364,-1,2
68475,571767,304.025414,35981.855069,35981.963728,1, 0, 0, 1,6.453657,-0.650438,-0.671079,-1,2
68475,571768,304.363484,35982.193138,35982.301798,1, 0, 0, 1,8.861922,-1.803412,-18.673119,-1,2
68475,571769,304.475040,35982.304694,35982.413354,1, 0, 0, 1,-9.215530,-1.099499,13.377857,-1,2
68475,571770,304.937421,35982.767073,35982.875734,1, 0, 0, 1,5.544974,2.065793,12.521368,-1,2
68475,571771,304.957313,35982.786966,35982.895627,0, 0, 0, 0,-99.000000,-99.000000,-99.000000,-1,1
68475,571772,305.050313,35982.879965,35982.988626,1, 0, 0, 1,-1.567497,3.820713,11.818964,-1,2
68475,571773,305.050769,35982.880422,35982.989083,1, 0, 0, 1,-6.481406,-1.927937,-14.683541,-1,2
68475,571774,305.114193,35982.943845,35983.052506,1, 0, 0, 1,-6.273903,-3.045704,-7.032246,-1,2
68475,571775,305.150770,35982.980423,35983.089084,0, 0, 0, 0,-99.000000,-99.000000,-99.000000,-1,1
68475,571776,305.316243,35983.145895,35983.254556,0, 0, 0, 0,-99.000000,-99.000000,-99.000000,-1,1
68475,571777,305.354073,35983.183725,35983.292386,0, 0, 0, 0,-99.000000,-99.000000,-99.000000,-1,1
68475,571778,305.362439,35983.192091,35983.300753,0, 0, 0, 0,-99.000000,-99.000000,-99.000000,-1,1
68475,571779,305.428884,35983.258536,35983.367198,1, 0, 0, 1,7.998967,-3.323469,-2.764454,-1,2
68475,571780,305.614783,35983.444434,35983.553096,0, 0, 0, 0,-99.000000,-99.000000,-99.000000,-1,1
68475,571781,305.693776,35983.523427,35983.632090,0, 0, 0, 0,-99.000000,-99.000000,-99.000000,-1,0
68475,571782,306.039860,35983.869511,35983.978174,1, 0, 0, 1,7.919062,2.279169,-17.081158,-1,2
68475,571783,306.044889,35983.874540,35983.983203,1, 0, 0, 1,4.806676,0.148502,-11.927247,-1,2
68475,571784,306.047218,35983.876869,35983.985532,0, 0, 0, 0,-99.000000,-99.000000,-99.000000,-1,1
68475,571785,306.107536,35983.937186,35984.045850,1, 0, 0, 1,-2.964236,0.318102,-11.645887,-1,2
68475,571786,306.202156,35984.031806,35984.140469,0, 0, 0, 0,-99.000000,-99.000000,-99.000000,-1,1
68475,571787,306.270567,35984.100217,35984.208880,1, 0, 0, 1,3.687133,7.230256,16.141127,-1,2
68475,571788,306.628819,35984.458468,35984.567133,1, 0, 0, 1,-7.126583,-2.678855,-5.315596,-1,2
68475,571789,306.776745,35984.606394,35984.715058,1, 0, 0, 1,6.932540,4.938793,-17.939528,-1,5
68475,571790,306.781698,35984.611347,35984.720011,1, 0, 0, 1,0.679986,8.567496,16.232744,-1,2
68475,571791,306.832947,35984.662596,35984.771261,0, 0, 0, 0,-99.000000,-99.000000,-99.000000,-1,0
68475,571792,306.886322,35984.715971,35984.824636,1, 0, 0, 1,6.575845,3.158108,-6.712125,-1,2
68475,571793,306.938640,35984.768288,35984.876953,0, 0, 0, 0,-99.000000,-99.000000,-99.000000,-1,1
68475,571794,306.939501,35984.769150,35984.877815,1, 0, 0, 1,6.462027,4.979398,-14.629509,-1,2
68475,571795,306.987100,35984.816748,35984.925413,1, 0, 0, 1,-3.034301,5.434819,-8.015590,-1,2
68475,571796,307.330199,35985.159847,35985.268513,1, 0, 0, 1,1.471155,-4.599274,-14.602420,-1,2
68475,571797,307.401777,35985.231425,35985.340091,1, 0, 0, 1,-4.721629,-1.363197,-6.417767,-1,2
68475,571798,307.442911,35985.272559,35985.381225,1, 0, 0, 1,0.784862,-0.176933,-0.273257,-1,2
68475,571799,307.506879,35985.336526,35985.445192,0, 0, 0, 0,-99.000000,-99.000000,-99.000000,-1,1
68475,571800,307.661236,35985.490883,35985.599549,1, 0, 0, 1,7.130583,2.707886,-22.473148,-1,2
68475,571801,307.720463,35985.550110,35985.658776,1, 0, 0, 1,6.294302,1.085957,16.470848,-1,2
68475,571802,307.722801,35985.552448,35985.661115,1, 0, 0, 1,3.569822,-2.267365,-13.986119,-1,2
68475,571803,307.839556,35985.669203,35985.777869,1, 0, 0, 1,4.853238,9.248989,-6.493292,-1,2
68475,571804,307.852305,35985.681952,35985.790618,0, 0, 0, 0,-99.000000,-99.000000,-99.000000,-1,1
68475,571805,308.062561,35985.892208,35986.000875,0, 0, 0, 0,-99.000000,-99.000000,-99.000000,-1,1
68475,571806,308.069749,35985.899395,35986.008062,0, 0, 0, 0,-99.000000,-99.000000,-99.000000,-1,1
68475,571807,308.315867,35986.145513,35986.254180,0, 0, 0, 0,-99.000000,-99.000000,-99.000000,-1,0
68475,571808,308.356133,35986.185779,35986.294446,1, 0, 0, 1,6.131835,-5.329607,-3.891260,-1,2
68475,571809,308.456243,35986.285889,35986.394557,0, 0, 0, 0,-99.000000,-99.000000,-99.000000,-1,1
68475,571810,308.537534,35986.367179,35986.475847,0, 0, 0, 0,-99.000000,-99.000000,-99.000000,-1,0
68475,571811,308.541726,35986.371372,35986.480040,1, 0, 0, 1,-1.231182,-3.102536,13.305855,-1,2
68475,571812,308.572534,35986.402180,35986.510848,1, 0, 0, 1,5.974298,3.222717,7.933373,-1,2
68475,571813,308.901412,35986.731057,35986.839726,1, 0, 0, 1,7.084095,1.617935,-16.214054,-1,2
68475,571814,308.971122,35986.800766,35986.909435,1, 0, 0, 1,7.756480,7.820632,-6.256799,-1,2
68475,571815,309.015064,35986.844708,35986.953377,0, 0, 0, 0,-99.000000,-99.000000,-99.000000,-1,1
68475,571816,309.107846,35986.937491,35987.046160,1, 0, 0, 1,6.044633,0.214439,-12.004035,-1,2
68475,571817,309.118658,35986.948302,35987.056971,1, 0, 0, 1,-4.460238,1.148751,5.820760,-1,2
68475,571818,309.273371,35987.103015,35987.211684,1, 0, 0, 1,6.775667,-0.014195,18.993333,-1,2
68475,571819,309.989419,35987.819061,35987.927732,1, 0, 0, 1,1.738614,-6.786331,-5.148175,-1,2
68475,571820,310.029084,35987.858726,35987.967397,1, 0, 0, 1,-1.934535,-2.032231,-4.144479,-1,2
68475,571821,310.178226,35988.007868,35988.116539,1, 0, 0, 1,-7.387849,2.864159,-4.143796,-1,2
68475,571822,310.190111,35988.019753,35988.128424,1, 0, 0, 1,-3.601250,-0.928718,-14.507767,-1,2
68475,571823,310.213019,35988.042661,35988.151333,0, 0, 0, 0,-99.000000,-99.000000,-99.000000,-1,1
68475,571824,310.306135,35988.135777,35988.244449,1, 0, 0, 1,-1.508657,0.256598,22.690137,-1,2
68475,571825,310.622532,35988.452173,35988.560845,0, 0, 0, 0,-99.000000,-99.000000,-99.000000,-1,1
68475,571826,310.827344,35988.656985,35988.765657,0, 0, 0, 0,-99.000000,-99.000000,-99.000000,-1,1
68475,571827,310.924858,35988.754499,35988.863171,0, 0, 0, 0,-99.000000,-99.000000,-99.000000,-1,0
68475,571828,310.925250,35988.754891,35988.863564,1, 0, 0, 1,2.729437,-8.643089,17.065906,-1,2
68475,571829,310.980856,35988.810497,35988.919170,0, 0, 0, 0,-99.000000,-99.000000,-99.000000,-1,1
68475,571830,311.075143,35988.904783,35989.013456,0, 0, 0, 0,-99.000000,-99.000000,-99.000000,-1,1
68475,571831,311.219001,35989.048641,35989.157315,0, 0, 0, 0,-99.000000,-99.000000,-99.000000,-1,0
68475,571832,311.295643,35989.125283,35989.233957,0, 0, 0, 0,-99.000000,-99.000000,-99.000000,-1,1
68475,571833,311.318369,35989.148009,35989.256683,0, 0, 0, 0,-99.000000,-99.000000,-99.000000,-1,0
68475,571834,311.359701,35989.189341,35989.298015,1, 0, 0, 1,7.857987,2.048227,6.360131,-1,2
68475,571835,311.460314,35989.289954,35989.398628,0, 0, 0, 0,-99.000000,-99.000000,-99.000000,-1,1
68475,571836,311.580775,35989.410414,35989.519089,1, 0, 0, 1,-4.008857,-8.514009,19.100036,-1,2
68475,571837,311.791662,35989.621301,35989.729976,1, 0, 0, 1,4.656035,-3.734622,6.939992,-1,2
68475,571838,311.860483,35989.690122,35989.798797,1, 0, 0, 1,6.562818,-3.416874,3.308472,-1,2
68475,571839,311.939911,35989.769550,35989.878225,1, 0, 0, 1,-2.417056,6.090479,-4.602095,-1,2
68475,571840,311.990833,35989.820472,35989.929146,0, 0, 0, 0,-99.000000,-99.000000,-99.000000,-1,1
68475,571841,312.294328,35990.123966,35990.232642,1, 0, 0, 1,7.728971,1.847543,-9.243477,-1,2
68475,571842,312.485891,35990.315528,35990.424204,1, 0, 0, 1,-5.197498,3.293108,-4.693787,-1,2
68475,571843,312.828537,35990.658174,35990.766851,0, 0, 0, 0,-99.000000,-99.000000,-99.000000,-1,0
68475,571844,312.914865,35990.744501,35990.853178,0, 0, 0, 0,-99.000000,-99.000000,-99.000000,-1,1
68475,571845,312.916307,35990.745943,35990.854620,0, 0, 0, 0,-99.000000,-99.000000,-99.000000,-1,0
68475,571846,313.090573,35990.920210,35991.028887,1, 0, 0, 1,-2.474569,4.898423,-4.620629,-1,2
68475,571847,313.321896,35991.151532,35991.260210,1, 0, 0, 1,2.424404,-3.518582,-2.675748,-1,4
68475,571848,313.443368,35991.273003,35991.381681,1, 0, 0, 1,-3.975585,-6.632406,17.819002,-1,2
68475,571849,313.477346,35991.306982,35991.415660,1, 0, 0, 1,2.868923,1.720476,-16.485855,-1,2
68475,571850,313.482683,35991.312318,35991.420996,1, 0, 0, 1,-0.559853,-4.028534,21.376493,-1,2
68475,571851,313.514335,35991.343971,35991.452649,0, 0, 0, 0,-99.000000,-99.000000,-99.000000,-1,1
68475,571852,313.598738,35991.428373,35991.537052,1, 0, 0, 1,-1.225954,-8.276427,8.650114,-1,2
68475,571853,313.662259,35991.491895,35991.600573,0, 0, 0, 0,-99.000000,-99.000000,-99.000000,-1,1
68475,571854,313.874992,35991.704627,35991.813305,1, 0, 0, 1,2.570772,-0.818739,-8.914666,-1,2
68475,571855,314.097436,35991.927071,35992.035750,0, 0, 0, 0,-99.000000,-99.000000,-99.000000,-1,1
68475,571856,314.283275,35992.112909,35992.221588,0, 0, 0, 0,-99.000000,-99.000000,-99.000000,-1,1
68475,571857,314.527104,35992.356737,35992.465417,0, 0, 0, 0,-99.000000,-99.000000,-99.000000,-1,1
68475,571858,314.743456,35992.573089,35992.681770,1, 0, 0, 1,0.248536,1.120662,18.444043,-1,2
68475,571859,314.855497,35992.685130,35992.793810,1, 0, 0, 1,5.750874,-1.368211,-1.195927,-1,2
68475,571860,315.359343,35993.188975,35993.297657,0, 0, 0, 0,-99.000000,-99.000000,-99.000000,-1,1
68475,571861,315.608051,35993.437682,35993.546364,0, 0, 0, 0,-99.000000,-99.000000,-99.000000,-1,1
68475,571862,315.646637,35993.476268,35993.584951,1, 0, 0, 1,2.032347,5.864097,1.344838,-1,2
68475,571863,315.843530,35993.673161,35993.781844,1, 0, 0, 1,1.063820,-1.243889,8.051417,-1,2
68475,571864,315.982173,35993.811804,35993.920487,1, 0, 0, 1,-1.618203,9.571326,-15.172894,-1,2
68475,571865,316.063151,35993.892781,35994.001464,1, 0, 0, 1,-1.412233,-4.739498,-16.626164,-1,2
68475,571866,316.146704,35993.976335,35994.085018,0, 0, 0, 0,-99.000000,-99.000000,-99.000000,-1,1
68475,571867,316.195482,35994.025113,35994.133796,1, 0, 0, 1,7.302631,-0.384532,-5.200103,-1,2
68475,571868,316.437841,35994.267470,35994.376154,1, 0, 0, 1,-9.455520,9.517311,-5.514958,-1,2
68475,571869,316.475328,35994.304957,35994.413642,0, 0, 0, 0,-99.000000,-99.000000,-99.000000,-1,0
68475,571870,316.676906,35994.506535,35994.615219,1, 0, 0, 1,-5.752141,3.748425,15.611089,-1,2
68475,571871,316.687711,35994.517340,35994.626024,1, 0, 0, 1,2.886530,-3.783598,-4.568251,-1,2
68475,571872,316.877479,35994.707107,35994.815792,1, 0, 0, 1,-1.147946,-0.009575,-9.593044,-1,2
68475,571873,316.895214,35994.724843,35994.833528,0, 0, 0, 0,-99.000000,-99.000000,-99.000000,-1,1
68475,571874,317.037341,35994.866969,35994.975654,1, 0, 0, 1,3.197114,-1.265910,5.379000,-1,2
68475,571875,317.108849,35994.938477,35995.047163,0, 0, 0, 0,-99.000000,-99.000000,-99.000000,-1,1
68475,571876,317.194400,35995.024028,35995.132713,1, 0, 0, 1,4.959263,-0.816401,4.936989,-1,2
68475,571877,317.329054,35995.158681,35995.267367,1, 0, 0, 1,-1.758163,3.638508,-7.164649,-1,2
68475,571878,317.689189,35995.518816,35995.627502,1, 0, 0, 1,5.605915,4.318342,15.195138,-1,2
68475,571879,317.794863,35995.624490,35995.733177,1, 0, 0, 1,-2.500913,5.983919,0.487304,-1,2
68475,571880,317.813254,35995.642881,35995.751567,1, 0, 0, 1,-3.838140,-9.467908,15.892869,-1,4
68475,571881,317.983421,35995.813048,35995.921735,0, 0, 0, 0,-99.000000,-99.000000,-99.000000,-1,1
68475,571882,318.013085,35995.842712,35995.951399,1, 0, 0, 1,4.833653,0.164409,0.641676,-1,3
68475,571883,318.045946,35995.875572,35995.984259,0, 0, 0, 0,-99.000000,-99.000000,-99.000000,-1,1
68475,571884,318.172765,35996.002391,35996.111078,1, 0, 0, 1,4.679815,1.270938,15.714220,-1,2
68475,571885,318.253409,35996.083035,35996.191723,0, 0, 0, 0,-99.000000,-99.000000,-99.000000,-1,0
68475,571886,318.363060,35996.192686,35996.301374,1, 0, 0, 1,5.489021,-1.560986,4.120871,-1,4
68475,571887,318.415887,35996.245513,35996.354201,0, 0, 0, 0,-99.000000,-99.000000,-99.000000,-1,0
68475,571888,318.600527,35996.430152,35996.538841,1, 0, 0, 1,8.458249,0.372943,-2.135366,-1,2
68475,571889,318.688899,35996.518524,35996.627213,0, 0, 0, 0,-99.000000,-99.000000,-99.000000,-1,1
68475,571890,318.696140,35996.525765,35996.634453,1, 0, 0, 1,-2.525577,6.433236,15.572513,-1,2
68475,571891,318.882332,35996.711957,35996.820645,1, 0, 0, 1,-0.311928,8.363473,-12.574861,-1,2
68475,571892,318.895757,35996.725381,35996.834070,1, 0, 0, 1,7.581305,-4.656439,10.918913,-1,2
68475,571893,318.921291,35996.750915,35996.859604,0, 0, 0, 0,-99.000000,-99.000000,-99.000000,-1,1
68475,571894,319.288794,35997.118418,35997.227108,1, 0, 0, 1,1.457553,-4.817444,5.589548,-1,2
68475,571895,319.380953,35997.210576,35997.319266,1, 0, 0, 1,-3.310661,10.972341,-16.809065,-1,2
68475,571896,319.469335,35997.298958,35997.407648,1, 0, 0, 1,-1.578736,-3.612107,-14.507390,-1,2
68475,571897,319.515470,35997.345093,35997.453784,1, 0, 0, 1,7.264118,1.825450,-10.979510,-1,2
68475,571898,319.521569,35997.351193,35997.459883,0, 0, 0, 0,-99.000000,-99.000000,-99.000000,-1,1
68475,571899,319.568534,35997.398157,35997.506847,1, 0, 0, 1,-0.246399,0.166872,-2.963926,-1,2
68475,571900,319.622209,35997.451832,35997.560523,0, 0, 0, 0,-99.000000,-99.000000,-99.000000,-1,1
68475,571901,319.659389,35997.489012,35997.597702,1, 0, 0, 1,-3.061603,4.310893,-6.352962,-1,2
68475,571902,319.694606,35997.524229,35997.632919,0, 0, 0, 0,-99.000000,-99.000000,-99.000000,-1,1
68475,571903,319.746203,35997.575826,35997.684516,1, 0, 0, 1,7.843469,2.144844,12.207121,-1,2
68475,571904,319.833323,35997.662946,35997.771637,1, 0, 0, 1,0.590712,-1.084063,-13.345226,-1,2
68475,571905,319.949452,35997.779074,35997.887765,0, 0, 0, 0,-99.000000,-99.000000,-99.000000,-1,1
68475,571906,320.154934,35997.984556,35998.093248,1, 0, 0, 1,-1.182809,4.572491,14.939659,-1,2
68475,571907,320.175334,35998.004956,35998.113647,1, 0, 0, 1,-1.926361,6.275608,-18.026521,-1,2
68475,571908,320.238643,35998.068265,35998.176956,0, 0, 0, 0,-99.000000,-99.000000,-99.000000,-1,1
68475,571909,320.466586,35998.296207,35998.404899,1, 0, 0, 1,4.033233,2.233846,-5.998400,-1,2
68475,571910,320.522250,35998.351871,35998.460563,1, 0, 0, 1,-8.122585,-3.757014,-18.881484,-1,2
68475,571911,320.696216,35998.525837,35998.634529,1, 0, 0, 1,2.704916,0.726263,6.468168,-1,2
68475,571912,320.829734,35998.659355,35998.768048,0, 0, 0, 0,-99.000000,-99.000000,-99.000000,-1,1
68475,571913,320.882545,35998.712166,35998.820859,0, 0, 0, 0,-99.000000,-99.000000,-99.000000,-1,1
68475,571914,321.104593,35998.934213,35999.042906,1, 0, 0, 1,-5.783701,-8.124315,20.233351,-1,2
68475,571915,321.113719,35998.943339,35999.052033,0, 0, 0, 0,-99.000000,-99.000000,-99.000000,-1,0
68475,571916,321.175024,35999.004644,35999.113338,1, 0, 0, 1,-0.866463,1.561205,17.344664,-1,2
68475,571917,321.179630,35999.009250,35999.117944,0, 0, 0, 0,-99.000000,-99.000000,-99.000000,-1,1
68475,571918,321.426139,35999.255758,35999.364452,0, 0, 0, 0,-99.000000,-99.000000,-99.000000,-1,0
68475,571919,321.456866,35999.286485,35999.395179,1, 0, 0, 1,-7.494100,-0.013590,7.231264,-1,2
68475,571920,321.531267,35999.360886,35999.469580,0, 0, 0, 0,-99.000000,-99.000000,-99.000000,-1,1
68475,571921,321.712067,35999.541686,35999.650381,1, 0, 0, 1,-5.337508,-0.173248,11.952778,-1,2
68475,571922,321.740111,35999.569730,35999.678424,0, 0, 0, 0,-99.000000,-99.000000,-99.000000,-1,1
68475,571923,321.868846,35999.698464,35999.807159,1, 0, 0, 1,0.859953,-0.665029,-13.240053,-1,2
68475,571924,321.996285,35999.825903,35999.934599,0, 0, 0, 0,-99.000000,-99.000000,-99.000000,-1,0
68475,571925,322.021234,35999.850852,35999.959547,0, 0, 0, 0,-99.000000,-99.000000,-99.000000,-1,1
68475,571926,322.176269,36000.005887,36000.114582,1, 0, 0, 1,-8.914670,-2.882478,9.659727,-1,2
68475,571927,322.220459,36000.050077,36000.158773,1, 0, 0, 1,7.668091,1.516096,-13.083786,-1,2
68475,571928,322.388820,36000.218438,36000.327134,1, 0, 0, 1,1.342590,2.655989,7.200706,-1,2
68475,571929,322.558309,36000.387926,36000.496622,1, 0, 0, 1,5.645739,5.151007,16.817366,-1,2
68475,571930,322.920636,36000.750252,36000.858949,1, 0, 0, 1,-4.782589,-5.062499,9.012151,-1,2
68475,571931,323.057935,36000.887551,36000.996248,0, 0, 0, 0,-99.000000,-99.000000,-99.000000,-1,1
68475,571932,323.071363,36000.900979,36001.009676,1, 0, 0, 1,7.141087,2.600360,7.700938,-1,2
68475,571933,323.169480,36000.999096,36001.107793,1, 0, 0, 1,-0.832685,8.808891,-8.556367,-1,2
68475,571934,323.360530,36001.190145,36001.298843,1, 0, 0, 1,1.764355,1.493136,-16.953963,-1,2
68475,571935,323.361377,36001.190993,36001.299691,1, 0, 0, 1,0.483698,-5.083034,17.592050,-1,2
68475,571936,323.375093,36001.204708,36001.313406,1, 0, 0, 1,2.594590,2.660723,-13.725039,-1,2
68475,571937,323.626160,36001.455775,36001.564473,1, 0, 0, 1,2.758726,0.316515,11.725621,-1,2
68475,571938,323.800734,36001.630349,36001.739047,1, 0, 0, 1,-1.358674,-4.244418,7.737025,-1,2
68475,571939,323.931195,36001.760809,36001.869508,1, 0, 0, 1,-2.487182,10.261848,17.034194,-1,2
68475,571940,324.144114,36001.973728,36002.082428,0, 0, 0, 0,-99.000000,-99.000000,-99.000000,-1,1
68475,571941,324.146301,36001.975915,36002.084615,1, 0, 0, 1,-5.910963,5.143671,-13.774297,-1,2
68475,571942,324.225027,36002.054641,36002.163341,0, 0, 0, 0,-99.000000,-99.000000,-99.000000,-1,1
68475,571943,324.537644,36002.367257,36002.475958,0, 0, 0, 0,-99.000000,-99.000000,-99.000000,-1,1
68475,571944,324.588879,36002.418492,36002.527193,1, 0, 0, 1,6.826697,0.351281,17.804476,-1,2
68475,571945,324.666925,36002.496538,36002.605238,0, 0, 0, 0,-99.000000,-99.000000,-99.000000,-1,1
68475,571946,324.689135,36002.518747,36002.627448,1, 0, 0, 1,0.199995,-2.742189,-3.842063,-1,2
68475,571947,324.796466,36002.626078,36002.734779,0, 0, 0, 0,-99.000000,-99.000000,-99.000000,-1,1
68475,571948,324.877559,36002.707172,36002.815873,1, 0, 0, 1,-4.790653,4.634452,13.721418,-1,10
68475,571949,324.917738,36002.747351,36002.856052,1, 0, 0, 1,3.778875,-5.386129,14.693104,-1,2
68475,571950,324.930777,36002.760390,36002.869091,1, 0, 0, 1,2.751174,-7.049420,16.811131,-1,2
68475,571951,325.052119,36002.881731,36002.990433,0, 0, 0, 0,-99.000000,-99.000000,-99.000000,-1,1
68475,571952,325.277576,36003.107188,36003.215889,1, 0, 0, 1,-6.780434,2.956307,10.431673,-1,2
68475,571953,325.531444,36003.361056,36003.469758,1, 0, 0, 1,-3.784955,-7.735140,7.652262,-1,2
68475,571954,325.993575,36003.823185,36003.931888,0, 0, 0, 0,-99.000000,-99.000000,-99.000000,-1,1
68475,571955,326.017886,36003.847496,36003.956199,0, 0, 0, 0,-99.000000,-99.000000,-99.000000,-1,0
68475,571956,326.037199,36003.866809,36003.975513,0, 0, 0, 0,-99.000000,-99.000000,-99.000000,-1,1
68475,571957,326.191696,36004.021306,36004.130010,1, 0, 0, 1,4.872427,3.991523,16.086657,-1,2
68475,571958,326.208183,36004.037793,36004.146496,1, 0, 0, 1,-5.303630,-3.726090,21.461266,-1,2
68475,571959,326.434075,36004.263684,36004.372388,0, 0, 0, 0,-99.000000,-99.000000,-99.000000,-1,0
68475,571960,326.561266,36004.390875,36004.499579,0, 0, 0, 0,-99.000000,-99.000000,-99.000000,-1,1
68475,571961,326.600282,36004.429891,36004.538596,0, 0, 0, 0,-99.000000,-99.000000,-99.000000,-1,1
68475,571962,326.728001,36004.557610,36004.666315,1, 0, 0, 1,2.280097,2.644154,-16.027126,-1,2
68475,571963,326.734144,36004.563753,36004.672458,0, 0, 0, 0,-99.000000,-99.000000,-99.000000,-1,1
68475,571964,326.736724,36004.566332,36004.675037,1, 0, 0, 1,0.995751,-2.851550,2.650231,-1,2
68475,571965,326.754304,36004.583913,36004.692618,1, 0, 0, 1,-7.957152,4.023564,-7.589389,-1,2
68475,571966,326.826130,36004.655739,36004.764444,0, 0, 0, 0,-99.000000,-99.000000,-99.000000,-1,0
68475,571967,326.900278,36004.729886,36004.838592,1, 0, 0, 1,1.776159,0.184717,-13.430412,-1,2
68475,571968,327.069253,36004.898861,36005.007567,0, 0, 0, 0,-99.000000,-99.000000,-99.000000,-1,1
68475,571969,327.188595,36005.018203,36005.126909,1, 0, 0, 1,9.999996,3.663247,-16.558577,-1,7
68475,571970,327.192333,36005.021941,36005.130647,1, 0, 0, 1,7.281339,4.930630,17.031095,-1,2
68475,571971,327.239282,36005.068889,36005.177595,0, 0, 0, 0,-99.000000,-99.000000,-99.000000,-1,1
68475,571972,327.322573,36005.152181,36005.260887,1, 0, 0, 1,5.376804,-6.620521,1.935462,-1,2
68475,571973,327.406783,36005.236390,36005.345096,1, 0, 0, 1,3.969564,1.820003,10.073704,-1,2
68475,571974,327.410667,36005.240275,36005.348981,1, 0, 0, 1,0.171140,-3.135533,9.469460,-1,2
68475,571975,327.589376,36005.418983,36005.527690,1, 0, 0, 1,-4.605820,8.630543,8.643926,-1,2
68475,571976,327.657361,36005.486968,36005.595675,1, 0, 0, 1,3.736138,-0.382393,13.392701,-1,2
68475,571977,327.744275,36005.573882,36005.682589,1, 0, 0, 1,-0.964809,-8.469355,6.837839,-1,3
68475,571978,327.979382,36005.808988,36005.917696,1, 0, 0, 1,-3.695644,3.761188,-7.185727,-1,2
68475,571979,328.088264,36005.917870,36006.026577,0, 0, 0, 0,-99.000000,-99.000000,-99.000000,-1,0
68475,571980,328.213172,36006.042778,36006.151485,1, 0, 0, 1,2.810316,-10.274774,-17.627698,-1,2
68475,571981,328.410434,36006.240040,36006.348748,1, 0, 0, 1,3.511290,3.009669,16.444386,-1,2
68475,571982,328.562870,36006.392475,36006.501183,0, 0, 0, 0,-99.000000,-99.000000,-99.000000,-1,0
68475,571983,328.588025,36006.417630,36006.526338,1, 0, 0, 1,-3.917817,-3.946187,12.008745,-1,2
68475,571984,328.609242,36006.438847,36006.547556,0, 0, 0, 0,-99.000000,-99.000000,-99.000000,-1,1
68475,571985,328.702779,36006.532384,36006.641093,0, 0, 0, 0,-99.000000,-99.000000,-99.000000,-1,1
68475,571986,328.866896,36006.696500,36006.805209,1, 0, 0, 1,-5.670604,0.463373,16.333216,-1,2
68475,571987,328.962404,36006.792008,36006.900717,0, 0, 0, 0,-99.000000,-99.000000,-99.000000,-1,1
68475,571988,328.984701,36006.814305,36006.923015,1, 0, 0, 1,3.556620,2.732875,18.052612,-1,2
68475,571989,329.076684,36006.906287,36007.014997,1, 0, 0, 1,-0.626300,-0.332568,-16.720840,-1,2
68475,571990,329.095707,36006.925311,36007.034020,0, 0, 0, 0,-99.000000,-99.000000,-99.000000,-1,1
68475,571991,329.129353,36006.958957,36007.067667,1, 0, 0, 1,-2.158198,-7.355992,3.340169,-1,2
68475,571992,329.170291,36006.999895,36007.108604,1, 0, 0, 1,-3.761762,0.897651,2.554923,-1,2
68475,571993,329.178813,36007.008417,36007.117127,0, 0, 0, 0,-99.000000,-99.000000,-99.000000,-1,1
68475,571994,329.229422,36007.059025,36007.167735,0, 0, 0, 0,-99.000000,-99.000000,-99.000000,-1,0
68475,571995,329.593347,36007.422950,36007.531661,1, 0, 0, 1,2.966567,6.429621,18.930692,-1,2
68475,571996,329.821071,36007.650673,36007.759384,0, 0, 0, 0,-99.000000,-99.000000,-99.000000,-1,0
68475,571997,329.842462,36007.672064,36007.780775,1, 0, 0, 1,-3.135105,-2.165639,-2.359436,-1,2
68475,571998,330.035603,36007.865205,36007.973916,1, 0, 0, 1,-1.736949,-17.322694,16.247862,-1,2
68475,571999,330.050622,36007.880224,36007.988936,1, 0, 0, 1,4.315448,0.087587,22.100468,-1,2
68475,572000,330.065529,36007.895131,36008.003843,1, 0, 0, 1,3.236656,0.360899,-6.623378,-1,2
68475,572001,330.089728,36007.919330,36008.028042,1, 0, 0, 1,-1.139883,-6.921227,11.633797,-1,2
68475,572002,330.151253,36007.980854,36008.089566,1, 0, 0, 1,5.122645,-0.397962,2.575227,-1,2
68475,572003,330.181864,36008.011466,36008.120177,1, 0, 0, 1,-0.611677,-2.531940,12.749751,-1,2
68475,572004,330.368550,36008.198152,36008.306864,0, 0, 0, 0,-99.000000,-99.000000,-99.000000,-1,0
68475,572005,330.578734,36008.408335,36008.517048,1, 0, 0, 1,-1.210108,-6.711548,3.711268,-1,2
68475,572006,330.632396,36008.461997,36008.570710,0, 0, 0, 0,-99.000000,-99.000000,-99.000000,-1,0
68475,572007,330.896939,36008.726539,36008.835252,1, 0, 0, 1,-7.078875,-2.525120,-19.356400,-1,2
68475,572008,330.909026,36008.738626,36008.847339,1, 0, 0, 1,-1.571389,2.141430,-20.523367,-1,2
68475,572009,330.923964,36008.753564,36008.862278,0, 0, 0, 0,-99.000000,-99.000000,-99.000000,-1,1
68475,572010,331.056538,36008.886138,36008.994851,1, 0, 0, 1,-7.704433,-0.063926,-4.183119,-1,2
68475,572011,331.176714,36009.006313,36009.115027,0, 0, 0, 0,-99.000000,-99.000000,-99.000000,-1,1
68475,572012,331.214395,36009.043995,36009.152709,1, 0, 0, 1,0.643312,5.350450,-13.645187,-1,2
68475,572013,331.328225,36009.157825,36009.266539,0, 0, 0, 0,-99.000000,-99.000000,-99.000000,-1,1
68475,572014,331.449494,36009.279093,36009.387807,0, 0, 0, 0,-99.000000,-99.000000,-99.000000,-1,0
68475,572015,331.522624,36009.352223,36009.460938,0, 0, 0, 0,-99.000000,-99.000000,-99.000000,-1,1
68475,572016,331.626619,36009.456218,36009.564933,1, 0, 0, 1,-8.342694,-1.296736,-6.955507,-1,2
68475,572017,331.706588,36009.536187,36009.644902,1, 0, 0, 1,8.392897,4.676770,8.437726,-1,2
68475,572018,331.815847,36009.645446,36009.754161,1, 0, 0, 1,2.541530,-4.151921,15.908855,-1,2
68475,572019,331.903668,36009.733266,36009.841982,0, 0, 0, 0,-99.000000,-99.000000,-99.000000,-1,0
68475,572020,331.968287,36009.797885,36009.906601,1, 0, 0, 1,1.065663,0.355418,13.992351,-1,3
68475,572021,332.091189,36009.920787,36010.029503,1, 0, 0, 1,-4.627934,-5.065887,19.092788,-1,2
68475,572022,332.304631,36010.134229,36010.242945,1, 0, 0, 1,-7.955175,-0.597385,-6.603945,-1,2
68475,572023,332.307004,36010.136602,36010.245318,1, 0, 0, 1,0.985024,0.289953,18.373107,-1,2
68475,572024,332.386395,36010.215993,36010.324709,1, 0, 0, 1,-6.599944,4.307758,-13.032633,-1,2
68475,572025,332.610401,36010.439998,36010.548714,1, 0, 0, 1,-10.831929,-1.817751,4.768690,-1,2
68475,572026,332.633125,36010.462722,36010.571439,0, 0, 0, 0,-99.000000,-99.000000,-99.000000,-1,1
68475,572027,332.723000,36010.552597,36010.661314,0, 0, 0, 0,-99.000000,-99.000000,-99.000000,-1,1
68475,572028,332.745290,36010.574886,36010.683603,1, 0, 0, 1,-3.024114,-2.165598,0.595124,-1,2
68475,572029,332.760486,36010.590083,36010.698800,1, 0, 0, 1,4.411896,0.875382,12.506275,-1,2
68475,572030,332.829415,36010.659011,36010.767728,0, 0, 0, 0,-99.000000,-99.000000,-99.000000,-1,1
68475,572031,332.983572,36010.813168,36010.921886,0, 0, 0, 0,-99.000000,-99.000000,-99.000000,-1,1
68475,572032,332.984697,36010.814293,36010.923011,1, 0, 0, 1,2.226982,6.956431,14.810984,-1,2
68475,572033,333.139158,36010.968754,36011.077472,1, 0, 0, 1,-6.512645,-2.243842,-15.232204,-1,2
68475,572034,333.153893,36010.983488,36011.092206,0, 0, 0, 0,-99.000000,-99.000000,-99.000000,-1,1
68475,572035,333.165208,36010.994804,36011.103521,1, 0, 0, 1,-4.373618,5.777345,-3.353309,-1,2
68475,572036,333.274285,36011.103880,36011.212598,1, 0, 0, 1,3.913964,2.302198,18.348562,-1,2
68475,572037,333.309566,36011.139161,36011.247880,0, 0, 0, 0,-99.000000,-99.000000,-99.000000,-1,1
68475,572038,333.381101,36011.210696,36011.319415,0, 0, 0, 0,-99.000000,-99.000000,-99.000000,-1,0
68475,572039,333.599931,36011.429526,36011.538245,0, 0, 0, 0,-99.000000,-99.000000,-99.000000,-1,1
68475,572040,333.822039,36011.651633,36011.760352,1, 0, 0, 1,0.519285,-1.518020,-10.659408,-1,2
68475,572041,333.832721,36011.662315,36011.771035,1, 0, 0, 1,2.581375,-4.882064,-12.841459,-1,2
68475,572042,334.099103,36011.928697,36012.037416,1, 0, 0, 1,4.469285,5.663753,-15.015436,-1,2
68475,572043,334.105631,36011.935225,36012.043944,1, 0, 0, 1,5.086546,-1.536048,15.244082,-1,2
68475,572044,334.182684,36012.012278,36012.120997,1, 0, 0, 1,1.386716,1.282058,-7.621388,-1,2
68475,572045,334.358798,36012.188391,36012.297111,1, 0, 0, 1,0.276728,5.725835,14.991890,-1,2
68475,572046,334.484648,36012.314241,36012.422961,0, 0, 0, 0,-99.000000,-99.000000,-99.000000,-1,1
68475,572047,334.602646,36012.432239,36012.540960,1, 0, 0, 1,1.472002,-8.452496,15.905922,-1,2
68475,572048,334.638204,36012.467796,36012.576517,0, 0, 0, 0,-99.000000,-99.000000,-99.000000,-1,0
68475,572049,334.698350,36012.527942,36012.636663,0, 0, 0, 0,-99.000000,-99.000000,-99.000000,-1,0
68475,572050,334.969524,36012.799116,36012.907838,1, 0, 0, 1,-3.251133,-9.999981,9.116359,-1,3
68475,572051,334.983486,36012.813078,36012.921799,1, 0, 0, 1,-6.273352,2.770095,-0.614560,-1,2
68475,572052,335.116812,36012.946404,36013.055126,0, 0, 0, 0,-99.000000,-99.000000,-99.000000,-1,0
68475,572053,335.144205,36012.973797,36013.082519,1, 0, 0, 1,-3.486620,10.010199,-5.295082,-1,2
68475,572054,335.155235,36012.984827,36013.093549,1, 0, 0, 1,2.782086,-5.604727,12.415872,-1,2
68475,572055,335.411707,36013.241298,36013.350021,1, 0, 0, 1,7.410486,1.668273,7.347285,-1,2
68475,572056,335.476619,36013.306210,36013.414932,1, 0, 0, 1,-3.479696,7.581177,9.239242,-1,2
68475,572057,335.654973,36013.484563,36013.593286,1, 0, 0, 1,2.422404,-1.902798,1.627243,-1,2
68475,572058,336.001399,36013.830989,36013.939713,1, 0, 0, 1,6.090540,-1.085255,-17.801691,-1,2
68475,572059,336.291322,36014.120912,36014.229636,1, 0, 0, 1,7.029025,-5.791303,-7.376719,-1,2
68475,572060,336.351380,36014.180969,36014.289694,0, 0, 0, 0,-99.000000,-99.000000,-99.000000,-1,0
68475,572061,336.470524,36014.300113,36014.408837,1, 0, 0, 1,-2.302408,-6.072730,-3.976578,-1,2
68475,572062,336.579668,36014.409257,36014.517982,0, 0, 0, 0,-99.000000,-99.000000,-99.000000,-1,1
68475,572063,336.913799,36014.743387,36014.852112,0, 0, 0, 0,-99.000000,-99.000000,-99.000000,-1,1
68475,572064,337.321074,36015.150661,36015.259387,1, 0, 0, 1,2.861036,6.990719,17.317909,-1,2
68475,572065,337.502130,36015.331717,36015.440444,1, 0, 0, 1,-0.635337,-8.092713,-7.801465,-1,3
68475,572066,337.685134,36015.514720,36015.623447,0, 0, 0, 0,-99.000000,-99.000000,-99.000000,-1,1
68475,572067,337.814455,36015.644041,36015.752768,1, 0, 0, 1,-6.131947,4.278540,-10.002155,-1,2
68475,572068,337.886832,36015.716418,36015.825146,1, 0, 0, 1,-0.422181,-1.629869,-13.573162,-1,2
68475,572069,338.154989,36015.984574,36016.093302,1, 0, 0, 1,-6.040987,-0.802376,-10.307007,-1,2
68475,572070,338.219493,36016.049078,36016.157806,1, 0, 0, 1,6.900281,1.189143,6.706880,-1,2
68475,572071,338.268522,36016.098108,36016.206836,1, 0, 0, 1,-6.298765,4.735090,-0.236289,-1,2
68475,572072,338.296910,36016.126495,36016.235223,1, 0, 0, 1,5.934768,-2.353407,-10.739719,-1,2
68475,572073,338.426387,36016.255972,36016.364701,1, 0, 0, 1,7.108661,-1.631272,-2.428410,-1,2
68475,572074,338.512951,36016.342536,36016.451264,1, 0, 0, 1,1.407964,9.999998,-20.486510,-1,3
68475,572075,338.596844,36016.426429,36016.535158,0, 0, 0, 0,-99.000000,-99.000000,-99.000000,-1,1
68475,572076,338.655364,36016.484949,36016.593678,1, 0, 0, 1,0.869923,-8.501100,-10.788008,-1,2
68475,572077,339.140042,36016.969625,36017.078355,0, 0, 0, 0,-99.000000,-99.000000,-99.000000,-1,1
68475,572078,339.195643,36017.025226,36017.133956,1, 0, 0, 1,2.393613,-3.023607,11.828139,-1,2
68475,572079,339.402479,36017.232062,36017.340793,1, 0, 0, 1,1.786715,0.534586,-16.046649,-1,2
68475,572080,339.423206,36017.252789,36017.361519,1, 0, 0, 1,0.079164,-0.002916,3.126685,-1,2
68475,572081,339.715374,36017.544956,36017.653687,0, 0, 0, 0,-99.000000,-99.000000,-99.000000,-1,1
68475,572082,339.782479,36017.612061,36017.720793,1, 0, 0, 1,-5.977601,-3.856233,-1.245021,-1,2
68475,572083,339.970986,36017.800568,36017.909299,1, 0, 0, 1,8.022325,-1.889025,21.218665,-1,3
68475,572084,339.977356,36017.806938,36017.915669,0, 0, 0, 0,-99.000000,-99.000000,-99.000000,-1,1
68475,572085,340.113435,36017.943017,36018.051749,1, 0, 0, 1,-6.090465,-4.706001,16.193526,-1,2
68475,572086,340.150443,36017.980024,36018.088756,1, 0, 0, 1,-1.686617,-7.825047,-4.105659,-1,2
68475,572087,340.223203,36018.052784,36018.161516,1, 0, 0, 1,-5.300759,-5.320272,7.338733,-1,2
68475,572088,340.232787,36018.062368,36018.171101,1, 0, 0, 1,-0.451492,-7.715969,-17.057082,-1,2
68475,572089,340.284401,36018.113982,36018.222714,1, 0, 0, 1,-3.200927,-0.722779,16.673810,-1,2
68475,572090,340.342682,36018.172263,36018.280995,1, 0, 0, 1,-7.162971,0.019939,17.194680,-1,2
68475,572091,340.416029,36018.245610,36018.354342,1, 0, 0, 1,2.128614,5.559201,-13.916485,-1,2
68475,572092,340.439401,36018.268982,36018.377714,0, 0, 0, 0,-99.000000,-99.000000,-99.000000,-1,0
68475,572093,340.585524,36018.415105,36018.523837,0, 0, 0, 0,-99.000000,-99.000000,-99.000000,-1,1
68475,572094,340.613901,36018.443481,36018.552214,0, 0, 0, 0,-99.000000,-99.000000,-99.000000,-1,1
68475,572095,341.217104,36019.046684,36019.155418,1, 0, 0, 1,-6.259223,-5.121722,15.108529,-1,2
68475,572096,341.343838,36019.173417,36019.282151,0, 0, 0, 0,-99.000000,-99.000000,-99.000000,-1,0
68475,572097,341.459305,36019.288883,36019.397618,1, 0, 0, 1,-3.807109,3.133825,17.754218,-1,2
68475,572098,341.570372,36019.399951,36019.508685,0, 0, 0, 0,-99.000000,-99.000000,-99.000000,-1,1
68475,572099,341.902848,36019.732426,36019.841162,0, 0, 0, 0,-99.000000,-99.000000,-99.000000,-1,0
68475,572100,341.985902,36019.815479,36019.924215,1, 0, 0, 1,-1.111185,-6.428493,13.009299,-1,2
68475,572101,342.120389,36019.949966,36020.058702,0, 0, 0, 0,-99.000000,-99.000000,-99.000000,-1,1
68475,572102,342.166749,36019.996326,36020.105062,1, 0, 0, 1,1.817702,-7.880853,-9.663826,-1,2
68475,572103,342.282233,36020.111811,36020.220547,1, 0, 0, 1,-3.121701,1.876905,17.282190,-1,2
68475,572104,342.465792,36020.295369,36020.404105,1, 0, 0, 1,-6.340792,-5.171554,21.648757,-1,2
68475,572105,342.570894,36020.400471,36020.509208,0, 0, 0, 0,-99.000000,-99.000000,-99.000000,-1,1
68475,572106,342.606205,36020.435782,36020.544519,0, 0, 0, 0,-99.000000,-99.000000,-99.000000,-1,1
68475,572107,342.906982,36020.736558,36020.845295,0, 0, 0, 0,-99.000000,-99.000000,-99.000000,-1,0
68475,572108,343.458452,36021.288027,36021.396765,0, 0, 0, 0,-99.000000,-99.000000,-99.000000,-1,1
68475,572109,343.785783,36021.615357,36021.724097,1, 0, 0, 1,5.707997,0.537970,-20.809018,-1,2
68475,572110,343.806872,36021.636446,36021.745185,0, 0, 0, 0,-99.000000,-99.000000,-99.000000,-1,0
68475,572111,343.852814,36021.682388,36021.791127,1, 0, 0, 1,-4.882088,4.101832,-14.855603,-1,2
68475,572112,343.905523,36021.735097,36021.843836,1, 0, 0, 1,-7.072008,-1.710849,-17.173106,-1,2
68475,572113,344.091544,36021.921117,36022.029858,0, 0, 0, 0,-99.000000,-99.000000,-99.000000,-1,1
68475,572114,344.107927,36021.937500,36022.046240,0, 0, 0, 0,-99.000000,-99.000000,-99.000000,-1,0
68475,572115,344.205748,36022.035321,36022.144061,1, 0, 0, 1,-5.219945,1.131007,-11.996610,-1,2
68475,572116,344.250430,36022.080003,36022.188743,1, 0, 0, 1,-0.831422,8.835897,-17.826012,-1,2
68475,572117,344.304750,36022.134323,36022.243063,0, 0, 0, 0,-99.000000,-99.000000,-99.000000,-1,0
68475,572118,344.327737,36022.157310,36022.266050,1, 0, 0, 1,-4.946372,-4.698615,-10.449147,-1,2
68475,572119,344.360649,36022.190222,36022.298962,1, 0, 0, 1,-2.485998,-1.000109,-6.123619,-1,2
68475,572120,344.372516,36022.202089,36022.310829,1, 0, 0, 1,3.170325,-3.349931,15.015558,-1,2
68475,572121,344.535311,36022.364884,36022.473625,1, 0, 0, 1,-0.083235,5.317697,-9.612825,-1,2
68475,572122,344.564847,36022.394420,36022.503161,1, 0, 0, 1,1.143571,10.318517,13.148628,-1,2
68475,572123,344.699274,36022.528846,36022.637587,0, 0, 0, 0,-99.000000,-99.000000,-99.000000,-1,1
68475,572124,344.759677,36022.589249,36022.697990,0, 0, 0, 0,-99.000000,-99.000000,-99.000000,-1,0
68475,572125,344.892163,36022.721735,36022.830477,1, 0, 0, 1,1.207448,23.048830,-15.265498,-1,2
68475,572126,345.041920,36022.871492,36022.980233,0, 0, 0, 0,-99.000000,-99.000000,-99.000000,-1,0
68475,572127,345.053488,36022.883059,36022.991801,0, 0, 0, 0,-99.000000,-99.000000,-99.000000,-1,0
68475,572128,345.247389,36023.076961,36023.185703,0, 0, 0, 0,-99.000000,-99.000000,-99.000000,-1,0
68475,572129,345.317169,36023.146740,36023.255482,0, 0, 0, 0,-99.000000,-99.000000,-99.000000,-1,1
68475,572130,345.317820,36023.147391,36023.256133,1, 0, 0, 1,-0.669297,0.925513,16.202011,-1,2
68475,572131,345.529507,36023.359077,36023.467820,0, 0, 0, 0,-99.000000,-99.000000,-99.000000,-1,0
68475,572132,345.533503,36023.363074,36023.471817,1, 0, 0, 1,4.285782,11.910932,-20.506984,-1,2
68475,572133,345.601094,36023.430665,36023.539408,1, 0, 0, 1,4.080732,-1.267940,-15.722748,-1,2
68475,572134,345.627022,36023.456593,36023.565336,0, 0, 0, 0,-99.000000,-99.000000,-99.000000,-1,1
68475,572135,345.874047,36023.703616,36023.812360,0, 0, 0, 0,-99.000000,-99.000000,-99.000000,-1,1
68475,572136,345.925346,36023.754915,36023.863659,1, 0, 0, 1,1.834318,-1.144502,13.710668,-1,2
68475,572137,345.929680,36023.759250,36023.867993,1, 0, 0, 1,-2.736070,-9.905340,6.307403,-1,2
68475,572138,346.025553,36023.855123,36023.963867,0, 0, 0, 0,-99.000000,-99.000000,-99.000000,-1,1
68475,572139,346.160738,36023.990308,36024.099052,1, 1, 0, 1,-0.290220,-0.578894,-9.530467,-1,5
68475,572140,346.211160,36024.040729,36024.149473,0, 0, 0, 0,-99.000000,-99.000000,-99.000000,-1,0
68475,572141,346.211304,36024.040873,36024.149617,0, 0, 0, 0,-99.000000,-99.000000,-99.000000,-1,0
68475,572142,346.243162,36024.072731,36024.181475,0, 0, 0, 0,-99.000000,-99.000000,-99.000000,-1,0
68475,572143,346.332050,36024.161619,36024.270363,1, 0, 0, 1,1.190203,6.785492,13.128283,-1,2
68475,572144,346.422561,36024.252130,36024.360875,1, 0, 0, 1,-0.188685,8.546267,-15.697420,-1,7
68475,572145,346.426710,36024.256279,36024.365024,0, 0, 0, 0,-99.000000,-99.000000,-99.000000,-1,1
68475,572146,346.467256,36024.296825,36024.405569,0, 0, 0, 0,-99.000000,-99.000000,-99.000000,-1,1
68475,572147,346.568465,36024.398033,36024.506778,1, 0, 0, 1,-3.602183,2.002087,-3.490454,-1,2
68475,572148,346.683091,36024.512660,36024.621405,1, 0, 0, 1,7.598452,-2.585143,17.689858,-1,2
68475,572149,346.781311,36024.610880,36024.719625,0, 0, 0, 0,-99.000000,-99.000000,-99.000000,-1,1
68475,572150,346.823727,36024.653295,36024.762040,1, 0, 0, 1,-3.380108,3.412940,12.652876,-1,2
68475,572151,347.021147,36024.850715,36024.959461,1, 0, 0, 1,-2.813431,0.605779,-1.606333,-1,2
68475,572152,347.056507,36024.886075,36024.994821,1, 0, 0, 1,-2.790981,-0.943548,9.361188,-1,2
68475,572153,347.071201,36024.900769,36025.009515,0, 0, 0, 0,-99.000000,-99.000000,-99.000000,-1,0
68475,572154,347.113368,36024.942936,36025.051682,1, 0, 0, 1,-5.085742,5.109727,-2.849710,-1,2
68475,572155,347.157966,36024.987534,36025.096280,1, 0, 0, 1,-8.206315,-0.251294,-15.389899,-1,2
68475,572156,347.245580,36025.075147,36025.183893,0, 0, 0, 0,-99.000000,-99.000000,-99.000000,-1,1
68475,572157,347.387719,36025.217286,36025.326033,1, 0, 0, 1,-1.871961,1.062667,-8.757641,-1,2
68475,572158,347.481700,36025.311267,36025.420014,1, 0, 0, 1,-2.525240,5.219277,-15.274052,-1,2
68475,572159,347.581840,36025.411406,36025.520153,0, 0, 0, 0,-99.000000,-99.000000,-99.000000,-1,0
68475,572160,347.600594,36025.430161,36025.538908,0, 0, 0, 0,-99.000000,-99.000000,-99.000000,-1,1
68475,572161,347.611509,36025.441076,36025.549823,1, 0, 0, 1,8.615547,4.296366,-1.315647,-1,2
68475,572162,347.765579,36025.595145,36025.703892,1, 0, 0, 1,-3.946844,2.100927,1.312047,-1,2
68475,572163,347.787359,36025.616925,36025.725673,1, 0, 0, 1,-4.928653,-4.174909,15.284862,-1,3
68475,572164,347.913728,36025.743294,36025.852041,1, 0, 0, 1,7.911244,0.544482,3.999976,-1,2
68475,572165,347.954064,36025.783630,36025.892377,1, 0, 0, 1,-1.272944,7.181018,-5.812653,-1,2
68475,572166,348.013554,36025.843119,36025.951867,1, 0, 0, 1,-2.773664,-2.278840,-10.824203,-1,2
68475,572167,348.342641,36026.172206,36026.280955,1, 0, 0, 1,-5.906965,-0.781793,-14.442862,-1,2
68475,572168,348.569468,36026.399032,36026.507781,0, 0, 0, 0,-99.000000,-99.000000,-99.000000,-1,0
68475,572169,348.608417,36026.437981,36026.546730,1, 0, 0, 1,4.961436,5.771680,-0.272103,-1,2
68475,572170,348.789777,36026.619341,36026.728090,1, 0, 0, 1,-7.950094,0.839633,-11.501570,-1,2
68475,572171,348.792591,36026.622155,36026.730905,1, 0, 0, 1,1.200402,-8.153163,11.583576,-1,2
68475,572172,348.989663,36026.819227,36026.927977,0, 0, 0, 0,-99.000000,-99.000000,-99.000000,-1,1
68475,572173,349.136292,36026.965855,36027.074605,1, 0, 0, 1,1.145216,0.946784,9.586625,-1,2
68475,572174,349.177446,36027.007009,36027.115760,0, 0, 0, 0,-99.000000,-99.000000,-99.000000,-1,1
68475,572175,349.364513,36027.194076,36027.302827,0, 0, 0, 0,-99.000000,-99.000000,-99.000000,-1,1
68475,572176,349.383076,36027.212639,36027.321390,1, 0, 0, 1,-8.554314,0.275005,-14.816528,-1,2
68475,572177,349.438434,36027.267997,36027.376748,0, 0, 0, 0,-99.000000,-99.000000,-99.000000,-1,1
68475,572178,349.482226,36027.311789,36027.420540,1, 0, 0, 1,-1.518560,3.857308,-16.908350,-1,2
68475,572179,349.676083,36027.505645,36027.614396,0, 0, 0, 0,-99.000000,-99.000000,-99.000000,-1,1
68475,572180,349.689817,36027.519379,36027.628130,0, 0, 0, 0,-99.000000,-99.000000,-99.000000,-1,1
68475,572181,349.797231,36027.626793,36027.735544,0, 0, 0, 0,-99.000000,-99.000000,-99.000000,-1,1
68475,572182,349.810155,36027.639717,36027.748468,1, 0, 0, 1,2.413978,0.395124,-11.096737,-1,2
68475,572183,349.849624,36027.679186,36027.787937,0, 0, 0, 0,-99.000000,-99.000000,-99.000000,-1,1
68475,572184,349.867329,36027.696891,36027.805643,0, 0, 0, 0,-99.000000,-99.000000,-99.000000,-1,0
68475,572185,349.922369,36027.751930,36027.860682,0, 0, 0, 0,-99.000000,-99.000000,-99.000000,-1,1
68475,572186,349.942244,36027.771806,36027.880558,1, 0, 0, 1,-6.429919,0.526665,-1.935448,-1,2
68475,572187,350.081606,36027.911167,36028.019920,1, 0, 0, 1,7.338797,2.683978,-9.453059,-1,2
68475,572188,350.163878,36027.993439,36028.102191,0, 0, 0, 0,-99.000000,-99.000000,-99.000000,-1,1
68475,572189,350.200772,36028.030334,36028.139086,1, 0, 0, 1,3.153944,0.835086,-12.036007,-1,2
68475,572190,350.225504,36028.055065,36028.163817,1, 0, 0, 1,-1.266695,-7.015185,20.344023,-1,2
68475,572191,350.378762,36028.208322,36028.317075,0, 0, 0, 0,-99.000000,-99.000000,-99.000000,-1,1
68475,572192,350.405475,36028.235036,36028.343789,1, 0, 0, 1,8.430090,-2.160649,7.956076,-1,2
68475,572193,350.968358,36028.797918,36028.906672,1, 0, 0, 1,-6.928969,10.291623,5.066054,-1,2
68475,572194,351.737438,36029.566996,36029.675751,1, 0, 0, 1,1.459908,-6.685944,12.586495,-1,2
68475,572195,351.755686,36029.585244,36029.694000,1, 0, 0, 1,0.118235,-0.045827,2.578104,-1,2
68475,572196,351.766489,36029.596047,36029.704803,0, 0, 0, 0,-99.000000,-99.000000,-99.000000,-1,1
68475,572197,351.814891,36029.644449,36029.753205,0, 0, 0, 0,-99.000000,-99.000000,-99.000000,-1,1
68475,572198,351.834223,36029.663781,36029.772536,1, 0, 0, 1,-2.703748,2.247321,1.801933,-1,2
68475,572199,352.112593,36029.942150,36030.050906,0, 0, 0, 0,-99.000000,-99.000000,-99.000000,-1,1
68475,572200,352.185762,36030.015319,36030.124076,1, 0, 0, 1,5.101937,2.739422,-21.332762,-1,2
68475,572201,352.384457,36030.214014,36030.322770,1, 0, 0, 1,-4.622206,1.838733,15.333422,-1,2
68475,572202,352.497234,36030.326791,36030.435548,0, 0, 0, 0,-99.000000,-99.000000,-99.000000,-1,0
68475,572203,352.845343,36030.674899,36030.783657,1, 0, 0, 1,1.493903,4.910620,-17.411434,-1,2
68475,572204,352.862136,36030.691692,36030.800449,1, 0, 0, 1,4.020339,1.716451,1.812126,-1,2
68475,572205,352.936652,36030.766207,36030.874965,1, 0, 0, 1,12.382511,7.805962,13.168985,-1,2
68475,572206,353.090453,36030.920008,36031.028766,1, 0, 0, 1,8.650167,0.208496,-16.344785,-1,2
68475,572207,353.114827,36030.944383,36031.053141,0, 0, 0, 0,-99.000000,-99.000000,-99.000000,-1,1
68475,572208,353.422222,36031.251777,36031.360536,1, 0, 0, 1,6.858407,1.813047,-13.108200,-1,2
68475,572209,353.441974,36031.271528,36031.380287,1, 0, 0, 1,8.294587,1.706807,-0.225141,-1,2
68475,572210,353.482383,36031.311937,36031.420696,1, 0, 0, 1,-6.924646,2.588327,-1.787777,-1,2
68475,572211,353.665103,36031.494658,36031.603417,1, 0, 0, 1,0.745966,6.393510,1.014939,-1,2
68475,572212,353.703413,36031.532967,36031.641726,0, 0, 0, 0,-99.000000,-99.000000,-99.000000,-1,1
68475,572213,353.705076,36031.534630,36031.643389,0, 0, 0, 0,-99.000000,-99.000000,-99.000000,-1,1
68475,572214,353.918526,36031.748080,36031.856839,1, 0, 0, 1,-3.024879,6.061445,0.531200,-1,2
68475,572215,354.289856,36032.119409,36032.228170,1, 0, 0, 1,0.820493,-2.019611,-12.174422,-1,2
68475,572216,354.379613,36032.209165,36032.317926,0, 0, 0, 0,-99.000000,-99.000000,-99.000000,-1,0
68475,572217,354.382871,36032.212423,36032.321184,1, 0, 0, 1,-0.620189,-3.386890,3.245222,-1,2
68475,572218,354.448550,36032.278102,36032.386863,0, 0, 0, 0,-99.000000,-99.000000,-99.000000,-1,0
68475,572219,354.588164,36032.417717,36032.526478,1, 0, 0, 1,2.236188,2.574717,-17.225730,-1,2
68475,572220,354.800969,36032.630520,36032.739282,1, 0, 0, 1,-6.161459,7.838247,11.021251,-1,2
68475,572221,354.815442,36032.644994,36032.753755,0, 0, 0, 0,-99.000000,-99.000000,-99.000000,-1,0
68475,572222,354.939058,36032.768610,36032.877372,1, 0, 0, 1,5.769276,-0.336843,-19.773998,-1,2
68475,572223,354.999668,36032.829220,36032.937982,0, 0, 0, 0,-99.000000,-99.000000,-99.000000,-1,1
68475,572224,355.351800,36033.181350,36033.290113,0, 0, 0, 0,-99.000000,-99.000000,-99.000000,-1,1
68475,572225,355.498995,36033.328546,36033.437309,1, 0, 0, 1,7.682074,-0.374686,-4.463518,-1,2
68475,572226,355.538862,36033.368412,36033.477175,1, 0, 0, 1,-5.462594,-0.432163,-5.165820,-1,3
68475,572227,355.590064,36033.419614,36033.528377,0, 0, 0, 0,-99.000000,-99.000000,-99.000000,-1,0
68475,572228,355.742404,36033.571954,36033.680718,0, 0, 0, 0,-99.000000,-99.000000,-99.000000,-1,0
68475,572229,355.880274,36033.709824,36033.818588,0, 0, 0, 0,-99.000000,-99.000000,-99.000000,-1,1
68475,572230,356.125945,36033.955494,36034.064258,1, 0, 0, 1,2.385636,0.870412,-0.681879,-1,2
68475,572231,356.282636,36034.112184,36034.220949,1, 0, 0, 1,4.240002,1.299541,-14.598646,-1,2
68475,572232,356.339939,36034.169487,36034.278252,0, 0, 0, 0,-99.000000,-99.000000,-99.000000,-1,1
68475,572233,356.360011,36034.189560,36034.298325,0, 0, 0, 0,-99.000000,-99.000000,-99.000000,-1,0
68475,572234,356.521052,36034.350600,36034.459365,0, 0, 0, 0,-99.000000,-99.000000,-99.000000,-1,1
68475,572235,356.537896,36034.367444,36034.476209,0, 0, 0, 0,-99.000000,-99.000000,-99.000000,-1,1
68475,572236,356.629606,36034.459154,36034.567920,1, 0, 0, 1,5.830225,0.357764,-5.494519,-1,2
68475,572237,356.699704,36034.529252,36034.638018,0, 0, 0, 0,-99.000000,-99.000000,-99.000000,-1,1
68475,572238,356.719057,36034.548605,36034.657371,1, 0, 0, 1,-1.613361,-0.070712,-3.034544,-1,2
68475,572239,356.832993,36034.662540,36034.771306,0, 0, 0, 0,-99.000000,-99.000000,-99.000000,-1,0
68475,572240,356.954164,36034.783712,36034.892478,1, 0, 0, 1,-1.047502,-7.017089,18.602927,-1,2
68475,572241,357.011979,36034.841527,36034.950293,1, 0, 0, 1,0.132447,7.095962,-12.389632,-1,2
68475,572242,357.019524,36034.849071,36034.957837,0, 0, 0, 0,-99.000000,-99.000000,-99.000000,-1,1
68475,572243,357.046026,36034.875573,36034.984339,1, 0, 0, 1,-1.863881,-7.461944,19.534092,-1,2
68475,572244,357.098806,36034.928353,36035.037119,1, 0, 0, 1,-3.592767,7.300408,-11.271005,-1,2
68475,572245,357.228530,36035.058077,36035.166843,1, 0, 0, 1,7.707288,4.529116,-6.641304,-1,2
68475,572246,357.296955,36035.126502,36035.235269,1, 0, 0, 1,-1.693418,6.136231,-18.208903,-1,2
68475,572247,357.394091,36035.223637,36035.332404,1, 0, 0, 1,0.290881,5.137366,-5.017088,-1,3
68475,572248,357.439441,36035.268988,36035.377755,0, 0, 0, 0,-99.000000,-99.000000,-99.000000,-1,1
68475,572249,357.590126,36035.419672,36035.528439,0, 0, 0, 0,-99.000000,-99.000000,-99.000000,-1,1
68475,572250,357.631751,36035.461297,36035.570064,0, 0, 0, 0,-99.000000,-99.000000,-99.000000,-1,0
68475,572251,357.767236,36035.596782,36035.705550,0, 0, 0, 0,-99.000000,-99.000000,-99.000000,-1,1
68475,572252,357.938541,36035.768087,36035.876855,1, 0, 0, 1,-2.798463,-4.995084,16.112168,-1,5
68475,572253,358.035448,36035.864993,36035.973761,0, 0, 0, 0,-99.000000,-99.000000,-99.000000,-1,1
68475,572254,358.260020,36036.089564,36036.198333,0, 0, 0, 0,-99.000000,-99.000000,-99.000000,-1,1
68475,572255,358.408648,36036.238193,36036.346962,0, 0, 0, 0,-99.000000,-99.000000,-99.000000,-1,1
68475,572256,358.474891,36036.304435,36036.413205,0, 0, 0, 0,-99.000000,-99.000000,-99.000000,-1,1
68475,572257,358.556062,36036.385606,36036.494375,0, 0, 0, 0,-99.000000,-99.000000,-99.000000,-1,0
68475,572258,358.571149,36036.400693,36036.509462,1, 0, 0, 1,-1.814362,-5.278265,-15.155166,-1,2
68475,572259,358.749569,36036.579113,36036.687883,1, 0, 0, 1,-1.446922,3.406648,-4.687564,-1,2
68475,572260,358.890535,36036.720078,36036.828848,1, 0, 0, 1,-2.860049,4.591227,7.959953,-1,2
68475,572261,358.894959,36036.724503,36036.833273,1, 0, 0, 1,-2.586358,7.772435,-17.393072,-1,2
68475,572262,358.946978,36036.776522,36036.885292,1, 0, 0, 1,-6.466669,0.101082,20.373914,-1,2
68475,572263,358.992401,36036.821944,36036.930714,1, 0, 0, 1,-2.962355,6.106726,-15.694716,-1,2
68475,572264,359.176032,36037.005575,36037.114346,1, 0, 0, 1,-7.264403,3.088167,-17.336912,-1,2
68475,572265,359.182017,36037.011560,36037.120330,1, 0, 0, 1,-40.535785,28.751177,8.508203,-1,2
68475,572266,359.213511,36037.043054,36037.151825,1, 0, 0, 1,0.088910,-1.826849,-14.504450,-1,2
68475,572267,359.215571,36037.045114,36037.153885,1, 0, 0, 1,1.905313,1.507754,-4.387067,-1,2
68475,572268,359.420597,36037.250140,36037.358911,1, 0, 0, 1,3.779399,3.601371,-16.357973,-1,2
68475,572269,359.445684,36037.275227,36037.383998,0, 0, 0, 0,-99.000000,-99.000000,-99.000000,-1,1
68475,572270,359.650278,36037.479820,36037.588592,1, 0, 0, 1,-1.008207,3.920237,-17.536359,-1,2
68475,572271,359.660110,36037.489652,36037.598424,0, 0, 0, 0,-99.000000,-99.000000,-99.000000,-1,1
68475,572272,359.674794,36037.504336,36037.613107,1, 0, 0, 1,-6.288650,1.666163,3.308057,-1,2
68475,572273,359.801069,36037.630610,36037.739382,0, 0, 0, 0,-99.000000,-99.000000,-99.000000,-1,0
68475,572274,359.913967,36037.743508,36037.852280,1, 0, 0, 1,-5.610389,1.502187,-16.837040,-1,2
68475,572275,359.941067,36037.770608,36037.879380,1, 0, 0, 1,1.895506,-6.160059,2.383920,-1,3
68475,572276,360.108869,36037.938410,36038.047182,0, 0, 0, 0,-99.000000,-99.000000,-99.000000,-1,1
68475,572277,360.154018,36037.983559,36038.092331,0, 0, 0, 0,-99.000000,-99.000000,-99.000000,-1,1
68475,572278,360.182792,36038.012333,36038.121106,0, 0, 0, 0,-99.000000,-99.000000,-99.000000,-1,1
68475,572279,360.305976,36038.135517,36038.244290,0, 0, 0, 0,-99.000000,-99.000000,-99.000000,-1,0
68475,572280,360.449806,36038.279347,36038.388120,1, 0, 0, 1,-0.476201,2.129909,-4.679497,-1,2
68475,572281,360.500146,36038.329686,36038.438459,0, 0, 0, 0,-99.000000,-99.000000,-99.000000,-1,1
68475,572282,360.522727,36038.352267,36038.461041,0, 0, 0, 0,-99.000000,-99.000000,-99.000000,-1,1
68475,572283,360.763305,36038.592845,36038.701618,0, 0, 0, 0,-99.000000,-99.000000,-99.000000,-1,1
68475,572284,360.782744,36038.612283,36038.721057,1, 0, 0, 1,0.678023,-2.739745,17.667253,-1,2
68475,572285,360.794341,36038.623881,36038.732655,1, 0, 0, 1,-2.447731,1.541207,2.009829,-1,2
68475,572286,361.023778,36038.853318,36038.962092,1, 0, 0, 1,-3.364766,7.547482,13.230406,-1,2
68475,572287,361.351231,36039.180770,36039.289545,0, 0, 0, 0,-99.000000,-99.000000,-99.000000,-1,0
68475,572288,361.353272,36039.182811,36039.291586,1, 0, 0, 1,7.005452,1.265571,-19.038130,-1,2
68475,572289,361.552943,36039.382481,36039.491256,1, 0, 0, 1,-2.795890,0.509774,-7.604649,-1,2
68475,572290,361.557761,36039.387299,36039.496075,1, 0, 0, 1,8.139781,-1.875204,15.759888,-1,2
68475,572291,361.722232,36039.551769,36039.660545,1, 0, 0, 1,-2.172462,-4.036794,-15.379059,-1,2
68475,572292,361.897429,36039.726967,36039.835743,0, 0, 0, 0,-99.000000,-99.000000,-99.000000,-1,1
68475,572293,362.155985,36039.985522,36040.094299,0, 0, 0, 0,-99.000000,-99.000000,-99.000000,-1,0
68475,572294,362.172045,36040.001582,36040.110359,0, 0, 0, 0,-99.000000,-99.000000,-99.000000,-1,1
68475,572295,362.280698,36040.110234,36040.219011,0, 0, 0, 0,-99.000000,-99.000000,-99.000000,-1,0
68475,572296,362.308992,36040.138529,36040.247306,0, 0, 0, 0,-99.000000,-99.000000,-99.000000,-1,1
68475,572297,362.309273,36040.138809,36040.247586,0, 0, 0, 0,-99.000000,-99.000000,-99.000000,-1,0
68475,572298,362.362536,36040.192073,36040.300850,1, 0, 0, 1,-4.442151,-7.735765,1.194585,-1,2
68475,572299,362.369544,36040.199081,36040.307858,1, 0, 0, 1,-1.672711,-3.071653,3.452136,-1,2
68475,572300,362.516761,36040.346297,36040.455075,1, 0, 0, 1,-5.460751,0.756292,9.952841,-1,2
68475,572301,362.599192,36040.428728,36040.537505,1, 0, 0, 1,-1.767615,-7.519750,13.308472,-1,2
68475,572302,362.795668,36040.625204,36040.733981,0, 0, 0, 0,-99.000000,-99.000000,-99.000000,-1,0
68475,572303,362.814725,36040.644260,36040.753038,1, 0, 0, 1,9.177587,6.494448,13.193127,-1,2
68475,572304,362.816762,36040.646297,36040.755075,1, 0, 0, 1,-4.446611,4.374862,-13.880750,-1,2
68475,572305,362.841015,36040.670551,36040.779329,1, 0, 0, 1,5.489247,2.671764,4.695043,-1,2
68475,572306,362.930799,36040.760334,36040.869113,0, 0, 0, 0,-99.000000,-99.000000,-99.000000,-1,1
68475,572307,363.193549,36041.023084,36041.131863,0, 0, 0, 0,-99.000000,-99.000000,-99.000000,-1,1
68475,572308,363.209161,36041.038696,36041.147474,1, 0, 0, 1,-0.548963,-0.500190,10.561419,-1,2
68475,572309,363.223021,36041.052555,36041.161334,0, 0, 0, 0,-99.000000,-99.000000,-99.000000,-1,1
68475,572310,363.256327,36041.085862,36041.194641,1, 0, 0, 1,2.001775,2.131668,-11.071049,-1,2
68475,572311,363.588157,36041.417691,36041.526471,0, 0, 0, 0,-99.000000,-99.000000,-99.000000,-1,1
68475,572312,363.603443,36041.432978,36041.541757,0, 0, 0, 0,-99.000000,-99.000000,-99.000000,-1,1
68475,572313,363.608507,36041.438041,36041.546820,1, 0, 0, 1,-0.578730,-2.156924,-11.977582,-1,2
68475,572314,363.811524,36041.641058,36041.749838,1, 0, 0, 1,-4.226854,5.724793,12.538893,-1,2
68475,572315,363.909716,36041.739249,36041.848029,1, 0, 0, 1,-3.462237,-2.112147,16.068982,-1,2
68475,572316,364.046482,36041.876015,36041.984795,1, 0, 0, 1,3.655113,4.631455,-13.699162,-1,2
68475,572317,364.059056,36041.888589,36041.997369,0, 0, 0, 0,-99.000000,-99.000000,-99.000000,-1,1
68475,572318,364.166302,36041.995835,36042.104616,1, 0, 0, 1,6.894054,3.366067,1.500740,-1,2
68475,572319,364.181965,36042.011498,36042.120279,0, 0, 0, 0,-99.000000,-99.000000,-99.000000,-1,1
68475,572320,364.309860,36042.139392,36042.248173,1, 0, 0, 1,1.042255,-3.404557,-2.338443,-1,2
68475,572321,364.332156,36042.161689,36042.270470,1, 0, 0, 1,10.669232,-7.965739,7.551949,-1,2
68475,572322,364.351085,36042.180618,36042.289399,1, 0, 0, 1,3.674543,5.805073,-13.827265,-1,2
68475,572323,364.466799,36042.296331,36042.405113,1, 0, 0, 1,8.453558,0.856064,-5.546918,-1,2
68475,572324,364.479861,36042.309393,36042.418174,0, 0, 0, 0,-99.000000,-99.000000,-99.000000,-1,1
68475,572325,364.656992,36042.486524,36042.595305,0, 0, 0, 0,-99.000000,-99.000000,-99.000000,-1,1
68475,572326,364.676759,36042.506291,36042.615073,1, 0, 0, 1,-5.182771,-2.974957,-17.888994,-1,2
68475,572327,364.741087,36042.570619,36042.679401,0, 0, 0, 0,-99.000000,-99.000000,-99.000000,-1,1
68475,572328,364.948112,36042.777643,36042.886426,1, 0, 0, 1,-7.273533,3.342473,-9.176764,-1,2
68475,572329,365.118419,36042.947950,36043.056732,1, 0, 0, 1,3.317865,-19.273256,-4.540429,-1,2
68475,572330,365.152269,36042.981800,36043.090583,0, 0, 0, 0,-99.000000,-99.000000,-99.000000,-1,0
68475,572331,365.264503,36043.094034,36043.202817,1, 0, 0, 1,5.554698,1.539516,7.632487,-1,2
68475,572332,365.463653,36043.293184,36043.401967,1, 0, 0, 1,5.153543,1.713896,-5.454523,-1,2
68475,572333,365.540715,36043.370245,36043.479029,1, 0, 0, 1,-7.283212,-0.851195,-16.622662,-1,2
68475,572334,365.565774,36043.395304,36043.504088,1, 0, 0, 1,-2.287981,0.633519,-0.175758,-1,2
68475,572335,365.699564,36043.529094,36043.637878,1, 0, 0, 1,8.058723,0.000127,12.615582,-1,2
68475,572336,365.735962,36043.565492,36043.674276,1, 0, 0, 1,2.740800,9.331815,-3.205382,-1,2
68475,572337,365.784751,36043.614281,36043.723065,1, 0, 0, 1,8.532289,3.059476,10.253059,-1,2
68475,572338,365.807186,36043.636716,36043.745500,1, 0, 0, 1,3.925877,-3.758842,19.151183,-1,2
68475,572339,366.073782,36043.903311,36044.012095,0, 0, 0, 0,-99.000000,-99.000000,-99.000000,-1,0
68475,572340,366.149627,36043.979156,36044.087941,1, 0, 0, 1,6.938114,-3.023517,-2.059170,-1,2
68475,572341,366.289963,36044.119492,36044.228277,0, 0, 0, 0,-99.000000,-99.000000,-99.000000,-1,1
68475,572342,366.342201,36044.171730,36044.280515,1, 0, 0, 1,-1.056502,5.089222,-7.323264,-1,2
68475,572343,366.688518,36044.518046,36044.626831,0, 0, 0, 0,-99.000000,-99.000000,-99.000000,-1,1
68475,572344,366.757846,36044.587374,36044.696160,1, 0, 0, 1,-7.807608,-0.378152,7.194286,-1,2
68475,572345,367.016952,36044.846480,36044.955266,0, 0, 0, 0,-99.000000,-99.000000,-99.000000,-1,1
68475,572346,367.023721,36044.853248,36044.962034,1, 0, 0, 1,5.256067,4.636339,-2.958349,-1,2
68475,572347,367.279979,36045.109505,36045.218292,0, 0, 0, 0,-99.000000,-99.000000,-99.000000,-1,0
68475,572348,367.315913,36045.145440,36045.254227,1, 0, 0, 1,4.594332,6.051864,1.037780,-1,2
68475,572349,367.328078,36045.157604,36045.266391,0, 0, 0, 0,-99.000000,-99.000000,-99.000000,-1,1
68475,572350,367.877501,36045.707026,36045.815814,1, 0, 0, 1,2.702148,-4.213799,-6.082273,-1,2
68475,572351,367.953238,36045.782763,36045.891552,1, 0, 0, 1,-5.693976,0.727118,-3.295076,-1,2
68475,572352,368.083927,36045.913451,36046.022240,0, 0, 0, 0,-99.000000,-99.000000,-99.000000,-1,1
68475,572353,368.131399,36045.960924,36046.069713,1, 0, 0, 1,2.584712,-4.976846,14.216032,-1,2
68475,572354,368.201621,36046.031146,36046.139934,0, 0, 0, 0,-99.000000,-99.000000,-99.000000,-1,0
68475,572355,368.246451,36046.075975,36046.184764,0, 0, 0, 0,-99.000000,-99.000000,-99.000000,-1,1
68475,572356,368.284226,36046.113750,36046.222539,1, 0, 0, 1,-3.488348,-1.171674,-4.202524,-1,2
68475,572357,368.295699,36046.125224,36046.234013,0, 0, 0, 0,-99.000000,-99.000000,-99.000000,-1,1
68475,572358,368.424598,36046.254123,36046.362912,0, 0, 0, 0,-99.000000,-99.000000,-99.000000,-1,0
68475,572359,368.451947,36046.281471,36046.390260,0, 0, 0, 0,-99.000000,-99.000000,-99.000000,-1,1
68475,572360,368.569931,36046.399454,36046.508244,1, 0, 0, 1,-2.346913,-1.740672,-7.768538,-1,2
68475,572361,368.571064,36046.400588,36046.509377,1, 0, 0, 1,-1.818176,0.021958,-2.755486,-1,2
68475,572362,368.618953,36046.448476,36046.557266,1, 0, 0, 1,-8.122000,2.657248,16.432135,-1,2
68475,572363,368.626664,36046.456188,36046.564977,1, 0, 0, 1,2.078053,-6.318463,-5.579785,-1,2
68475,572364,368.734341,36046.563864,36046.672654,1, 0, 0, 1,-7.707446,0.317836,7.209372,-1,2
68475,572365,368.994755,36046.824278,36046.933069,0, 0, 0, 0,-99.000000,-99.000000,-99.000000,-1,0
68475,572366,369.007694,36046.837217,36046.946007,1, 0, 0, 1,-2.900684,1.381648,9.057605,-1,2
68475,572367,369.273881,36047.103403,36047.212194,0, 0, 0, 0,-99.000000,-99.000000,-99.000000,-1,1
68475,572368,369.303102,36047.132624,36047.241415,0, 0, 0, 0,-99.000000,-99.000000,-99.000000,-1,1
68475,572369,369.305643,36047.135165,36047.243956,1, 0, 0, 1,-1.724240,-8.311221,6.370164,-1,2
68475,572370,369.456124,36047.285646,36047.394438,1, 0, 0, 1,4.110938,-2.171045,-4.892283,-1,2
68475,572371,369.525811,36047.355333,36047.464125,0, 0, 0, 0,-99.000000,-99.000000,-99.000000,-1,1
68475,572372,369.672862,36047.502383,36047.611175,1, 0, 0, 1,2.828141,-5.954634,10.324138,-1,2
68475,572373,369.816426,36047.645948,36047.754740,1, 0, 0, 1,-5.999382,5.524286,-8.572286,-1,2
68475,572374,369.844656,36047.674178,36047.782970,0, 0, 0, 0,-99.000000,-99.000000,-99.000000,-1,1
68475,572375,369.860401,36047.689922,36047.798714,1, 0, 0, 1,-2.745578,4.787385,-6.351642,-1,2
68475,572376,369.913670,36047.743191,36047.851983,1, 0, 0, 1,8.006121,-0.245923,16.853234,-1,2
68475,572377,370.082262,36047.911783,36048.020575,0, 0, 0, 0,-99.000000,-99.000000,-99.000000,-1,1
68475,572378,370.252214,36048.081735,36048.190528,1, 0, 0, 1,-5.873440,5.920823,9.100275,-1,2
68475,572379,370.339441,36048.168961,36048.277754,0, 0, 0, 0,-99.000000,-99.000000,-99.000000,-1,1
68475,572380,370.390170,36048.219691,36048.328484,1, 0, 0, 1,5.572703,5.466666,14.928531,-1,2
68475,572381,370.461171,36048.290691,36048.399484,1, 0, 0, 1,6.140172,1.344319,-18.843321,-1,2
68475,572382,370.494670,36048.324190,36048.432984,0, 0, 0, 0,-99.000000,-99.000000,-99.000000,-1,0
68475,572383,370.544264,36048.373784,36048.482578,1, 0, 0, 1,3.560544,3.353641,15.233887,-1,2
68475,572384,370.549125,36048.378645,36048.487439,1, 0, 0, 1,-0.699113,-2.375179,-5.138621,-1,2
68475,572385,370.719989,36048.549508,36048.658302,1, 0, 0, 1,3.599501,6.867429,11.089781,-1,2
68475,572386,371.074420,36048.903939,36049.012733,1, 0, 0, 1,-3.743975,2.341718,-6.052373,-1,2
68475,572387,371.095052,36048.924571,36049.033366,1, 0, 0, 1,6.823297,0.466633,10.130469,-1,2
68475,572388,371.331448,36049.160966,36049.269761,1, 0, 0, 1,-9.275121,-0.390407,11.535309,-1,2
68475,572389,371.391197,36049.220715,36049.329511,1, 0, 0, 1,-6.564559,-4.381843,16.605722,-1,2
68475,572390,371.425283,36049.254801,36049.363597,1, 0, 0, 1,3.979411,-2.770713,-3.429185,-1,2
68475,572391,371.608420,36049.437938,36049.546733,0, 0, 0, 0,-99.000000,-99.000000,-99.000000,-1,0
68475,572392,371.678996,36049.508513,36049.617309,1, 0, 0, 1,1.036678,4.044477,0.054572,-1,2
68475,572393,371.715129,36049.544646,36049.653442,1, 0, 0, 1,5.720649,2.873469,-18.596770,-1,2
68475,572394,371.751110,36049.580627,36049.689423,1, 0, 0, 1,8.553490,-0.765097,-3.317535,-1,2
68475,572395,371.869104,36049.698621,36049.807418,0, 0, 0, 0,-99.000000,-99.000000,-99.000000,-1,0
68475,572396,371.961290,36049.790807,36049.899603,1, 0, 0, 1,0.658582,-2.163745,18.012743,-1,2
68475,572397,372.056525,36049.886042,36049.994839,0, 0, 0, 0,-99.000000,-99.000000,-99.000000,-1,1
68475,572398,372.079108,36049.908625,36050.017421,1, 0, 0, 1,-3.005392,8.065150,-0.738851,-1,2
68475,572399,372.100778,36049.930294,36050.039091,1, 0, 0, 1,-7.262927,3.962281,9.191334,-1,2
68475,572400,372.230274,36050.059790,36050.168587,0, 0, 0, 0,-99.000000,-99.000000,-99.000000,-1,0
68475,572401,372.242152,36050.071668,36050.180465,0, 0, 0, 0,-99.000000,-99.000000,-99.000000,-1,1
68475,572402,372.286214,36050.115731,36050.224528,1, 0, 0, 1,-0.722615,-3.897546,-2.113185,-1,2
68475,572403,372.448086,36050.277602,36050.386399,0, 0, 0, 0,-99.000000,-99.000000,-99.000000,-1,1
68475,572404,372.519240,36050.348756,36050.457553,0, 0, 0, 0,-99.000000,-99.000000,-99.000000,-1,1
68475,572405,372.696172,36050.525688,36050.634486,1, 0, 0, 1,-6.206201,-4.756251,6.081193,-1,2
68475,572406,372.743187,36050.572703,36050.681501,1, 0, 0, 1,5.357820,6.129320,12.675430,-1,2
68475,572407,372.771858,36050.601373,36050.710171,1, 0, 0, 1,2.807355,-6.458854,-2.740533,-1,2
68475,572408,372.786525,36050.616040,36050.724838,0, 0, 0, 0,-99.000000,-99.000000,-99.000000,-1,1
68475,572409,373.048257,36050.877772,36050.986570,1, 0, 0, 1,-2.457744,-2.877731,-7.514009,-1,2
68475,572410,373.246554,36051.076068,36051.184867,1, 0, 0, 1,8.401418,-0.515465,7.143833,-1,2
68475,572411,373.303633,36051.133147,36051.241947,0, 0, 0, 0,-99.000000,-99.000000,-99.000000,-1,1
68475,572412,373.471459,36051.300972,36051.409772,0, 0, 0, 0,-99.000000,-99.000000,-99.000000,-1,1
68475,572413,373.509854,36051.339368,36051.448168,1, 0, 0, 1,-2.290737,-7.121323,-2.025730,-1,2
68475,572414,373.580364,36051.409878,36051.518678,1, 0, 0, 1,3.247042,-2.902700,-14.690351,-1,2
68475,572415,373.681457,36051.510971,36051.619771,0, 0, 0, 0,-99.000000,-99.000000,-99.000000,-1,1
68475,572416,373.725137,36051.554650,36051.663450,1, 0, 0, 1,6.930757,-0.824907,15.854934,-1,2
68475,572417,373.836265,36051.665778,36051.774578,1, 0, 0, 1,-5.997303,3.482906,10.228609,-1,2
68475,572418,373.937434,36051.766947,36051.875747,1, 0, 0, 1,6.735219,16.656331,9.534205,-1,2
68475,572419,373.982045,36051.811558,36051.920359,0, 0, 0, 0,-99.000000,-99.000000,-99.000000,-1,0
68475,572420,374.023605,36051.853118,36051.961919,1, 0, 0, 1,-4.633957,1.278809,13.003926,-1,2
68475,572421,374.166946,36051.996459,36052.105260,1, 0, 0, 1,-7.576636,-7.371229,-9.968393,-1,2
68475,572422,374.284176,36052.113688,36052.222490,0, 0, 0, 0,-99.000000,-99.000000,-99.000000,-1,1
68475,572423,374.320668,36052.150180,36052.258982,1, 0, 0, 1,-3.956779,1.444400,9.022149,-1,2
68475,572424,374.367493,36052.197005,36052.305806,0, 0, 0, 0,-99.000000,-99.000000,-99.000000,-1,1
68475,572425,374.516841,36052.346353,36052.455155,1, 0, 0, 1,-1.832352,3.932279,16.184582,-1,2
68475,572426,374.560545,36052.390057,36052.498858,0, 0, 0, 0,-99.000000,-99.000000,-99.000000,-1,1
68475,572427,374.571514,36052.401026,36052.509828,0, 0, 0, 0,-99.000000,-99.000000,-99.000000,-1,0
68475,572428,374.637620,36052.467132,36052.575934,0, 0, 0, 0,-99.000000,-99.000000,-99.000000,-1,0
68475,572429,374.835313,36052.664825,36052.773627,1, 0, 0, 1,-8.641851,4.283904,17.816930,-1,2
68475,572430,374.992700,36052.822211,36052.931014,1, 0, 0, 1,-4.466872,-1.498220,-10.057693,-1,2
68475,572431,375.136130,36052.965641,36053.074444,1, 0, 0, 1,-6.008120,1.858198,-4.057911,-1,2
68475,572432,375.448022,36053.277532,36053.386335,1, 0, 0, 1,5.218897,-5.678062,16.441806,-1,2
68475,572433,375.526093,36053.355602,36053.464406,0, 0, 0, 0,-99.000000,-99.000000,-99.000000,-1,1
68475,572434,375.594887,36053.424397,36053.533201,0, 0, 0, 0,-99.000000,-99.000000,-99.000000,-1,1
68475,572435,375.613337,36053.442846,36053.551650,0, 0, 0, 0,-99.000000,-99.000000,-99.000000,-1,1
68475,572436,375.723363,36053.552872,36053.661676,0, 0, 0, 0,-99.000000,-99.000000,-99.000000,-1,1
68475,572437,375.813903,36053.643412,36053.752216,1, 0, 0, 1,-5.905621,8.419078,-21.070069,-1,2
68475,572438,375.986696,36053.816205,36053.925009,0, 0, 0, 0,-99.000000,-99.000000,-99.000000,-1,1
68475,572439,376.052774,36053.882283,36053.991087,0, 0, 0, 0,-99.000000,-99.000000,-99.000000,-1,1
68475,572440,376.058378,36053.887887,36053.996691,0, 0, 0, 0,-99.000000,-99.000000,-99.000000,-1,0
68475,572441,376.276100,36054.105608,36054.214414,1, 0, 0, 1,-0.661864,5.113717,3.366347,-1,2
68475,572442,376.355269,36054.184777,36054.293582,1, 0, 0, 1,-1.546520,-4.747795,0.767116,-1,2
68475,572443,376.367478,36054.196987,36054.305792,1, 0, 0, 1,-1.347035,3.499645,20.668987,-1,2
68475,572444,376.398061,36054.227569,36054.336374,0, 0, 0, 0,-99.000000,-99.000000,-99.000000,-1,1
68475,572445,376.421299,36054.250807,36054.359612,0, 0, 0, 0,-99.000000,-99.000000,-99.000000,-1,1
68475,572446,376.541330,36054.370838,36054.479643,0, 0, 0, 0,-99.000000,-99.000000,-99.000000,-1,0
68475,572447,376.575386,36054.404893,36054.513699,1, 0, 0, 1,-0.841807,5.013864,2.950244,-1,2
68475,572448,376.795187,36054.624695,36054.733501,1, 0, 0, 1,-0.153953,0.650322,-12.852358,-1,2
68475,572449,376.866560,36054.696067,36054.804873,1, 0, 0, 1,8.125142,-6.267638,-6.690940,-1,2
68475,572450,376.907094,36054.736601,36054.845407,1, 0, 0, 1,5.603741,2.564551,-7.899762,-1,2
68475,572451,376.917587,36054.747094,36054.855901,1, 0, 0, 1,-3.853464,3.341576,-6.872723,-1,2
68475,572452,377.059311,36054.888817,36054.997624,0, 0, 0, 0,-99.000000,-99.000000,-99.000000,-1,1
68475,572453,377.101517,36054.931023,36055.039830,1, 0, 0, 1,4.496655,8.023371,17.792034,-1,2
68475,572454,377.151369,36054.980875,36055.089682,1, 0, 0, 1,5.860067,9.999981,-14.724514,-1,3
68475,572455,377.220599,36055.050105,36055.158912,1, 0, 0, 1,-4.403488,4.031066,2.891992,-1,2
68475,572456,377.282463,36055.111969,36055.220776,1, 0, 0, 1,7.344668,0.051244,0.453496,-1,2
68475,572457,377.342337,36055.171843,36055.280650,1, 0, 0, 1,5.456361,-6.661146,6.217206,-1,2
68475,572458,377.350885,36055.180391,36055.289199,1, 0, 0, 1,1.458565,0.659840,0.651939,-1,2
68475,572459,377.365632,36055.195138,36055.303945,1, 0, 0, 1,3.659500,-4.051072,11.824424,-1,2
68475,572460,377.376710,36055.206216,36055.315024,1, 0, 0, 1,-3.408307,1.995406,8.917147,-1,2
68475,572461,377.441379,36055.270885,36055.379692,1, 0, 0, 1,8.262740,-0.684276,-13.191895,-1,2
68475,572462,377.446594,36055.276100,36055.384907,0, 0, 0, 0,-99.000000,-99.000000,-99.000000,-1,1
68475,572463,377.517508,36055.347014,36055.455821,0, 0, 0, 0,-99.000000,-99.000000,-99.000000,-1,0
68475,572464,377.571301,36055.400806,36055.509614,1, 0, 0, 1,6.403319,6.247616,5.504195,-1,2
68475,572465,377.620790,36055.450295,36055.559103,1, 0, 0, 1,-0.767466,-1.137705,-17.778065,-1,3
68475,572466,377.626500,36055.456006,36055.564814,1, 0, 0, 1,2.025117,1.359989,-14.784367,-1,2
68475,572467,377.722598,36055.552103,36055.660911,1, 0, 0, 1,5.486689,5.019711,-2.602493,-1,2
68475,572468,377.833089,36055.662594,36055.771402,0, 0, 0, 0,-99.000000,-99.000000,-99.000000,-1,1
68475,572469,377.863092,36055.692597,36055.801405,0, 0, 0, 0,-99.000000,-99.000000,-99.000000,-1,1
68475,572470,378.009436,36055.838941,36055.947749,1, 0, 0, 1,6.250037,-3.944388,-15.394600,-1,2
68475,572471,378.014206,36055.843711,36055.952520,1, 1, 0, 1,-2.568022,-0.734845,2.757568,-1,9
68475,572472,378.251077,36056.080581,36056.189390,1, 0, 0, 1,1.714151,7.548155,3.443176,-1,3
68475,572473,378.837141,36056.666645,36056.775455,0, 0, 0, 0,-99.000000,-99.000000,-99.000000,-1,0
68475,572474,378.922166,36056.751669,36056.860480,1, 0, 0, 1,6.766575,5.083516,-15.695771,-1,2
68475,572475,379.231606,36057.061109,36057.169920,0, 0, 0, 0,-99.000000,-99.000000,-99.000000,-1,1
68475,572476,379.236498,36057.066001,36057.174812,0, 0, 0, 0,-99.000000,-99.000000,-99.000000,-1,0
68475,572477,379.268583,36057.098085,36057.206897,1, 0, 0, 1,0.926854,-10.009155,-12.659722,-1,2
68475,572478,379.329121,36057.158623,36057.267435,0, 0, 0, 0,-99.000000,-99.000000,-99.000000,-1,1
68475,572479,379.362470,36057.191972,36057.300783,1, 0, 0, 1,3.622349,1.833403,-14.748586,-1,2
68475,572480,379.403956,36057.233458,36057.342269,1, 0, 0, 1,6.160264,-4.034314,-12.592863,-1,2
68475,572481,379.705500,36057.535001,36057.643813,0, 0, 0, 0,-99.000000,-99.000000,-99.000000,-1,0
68475,572482,379.869304,36057.698805,36057.807618,0, 0, 0, 0,-99.000000,-99.000000,-99.000000,-1,0
68475,572483,380.045247,36057.874747,36057.983560,1, 0, 0, 1,-0.248929,1.558224,3.526495,-1,2
68475,572484,380.071250,36057.900751,36058.009564,0, 0, 0, 0,-99.000000,-99.000000,-99.000000,-1,0
68475,572485,380.133224,36057.962724,36058.071537,0, 0, 0, 0,-99.000000,-99.000000,-99.000000,-1,1
68475,572486,380.296013,36058.125513,36058.234326,0, 0, 0, 0,-99.000000,-99.000000,-99.000000,-1,0
68475,572487,380.390174,36058.219674,36058.328487,0, 0, 0, 0,-99.000000,-99.000000,-99.000000,-1,0
68475,572488,380.474857,36058.304357,36058.413171,0, 0, 0, 0,-99.000000,-99.000000,-99.000000,-1,0
68475,572489,380.586690,36058.416190,36058.525003,0, 0, 0, 0,-99.000000,-99.000000,-99.000000,-1,0
68475,572490,380.728661,36058.558160,36058.666974,0, 0, 0, 0,-99.000000,-99.000000,-99.000000,-1,1
68475,572491,380.937597,36058.767096,36058.875910,1, 0, 0, 1,1.080665,-3.080749,14.304430,-1,2
68475,572492,380.980553,36058.810051,36058.918866,0, 0, 0, 0,-99.000000,-99.000000,-99.000000,-1,1
68475,572493,381.012848,36058.842347,36058.951162,1, 0, 0, 1,-4.127913,-10.755552,-8.679934,-1,2
68475,572494,381.019521,36058.849020,36058.957835,0, 0, 0, 0,-99.000000,-99.000000,-99.000000,-1,1
68475,572495,381.031777,36058.861276,36058.970091,0, 0, 0, 0,-99.000000,-99.000000,-99.000000,-1,1
68475,572496,381.090279,36058.919778,36059.028592,1, 0, 0, 1,-3.993640,5.752509,-1.967260,-1,2
68475,572497,381.288660,36059.118158,36059.226973,0, 0, 0, 0,-99.000000,-99.000000,-99.000000,-1,0
68475,572498,381.311687,36059.141185,36059.250000,0, 0, 0, 0,-99.000000,-99.000000,-99.000000,-1,1
68475,572499,381.318871,36059.148369,36059.257185,1, 0, 0, 1,2.838333,5.063548,-0.609187,-1,2
68475,572500,381.358283,36059.187781,36059.296597,0, 0, 0, 0,-99.000000,-99.000000,-99.000000,-1,1
68475,572501,381.402532,36059.232030,36059.340846,1, 0, 0, 1,-4.871135,1.849677,-3.861692,-1,2
68475,572502,381.422393,36059.251891,36059.360706,0, 0, 0, 0,-99.000000,-99.000000,-99.000000,-1,0
68475,572503,381.670401,36059.499899,36059.608715,1, 0, 0, 1,5.912381,9.999981,3.723253,-1,4
68475,572504,382.138450,36059.967947,36060.076764,0, 0, 0, 0,-99.000000,-99.000000,-99.000000,-1,0
68475,572505,382.147710,36059.977206,36060.086024,0, 0, 0, 0,-99.000000,-99.000000,-99.000000,-1,0
68475,572506,382.164504,36059.994000,36060.102817,0, 0, 0, 0,-99.000000,-99.000000,-99.000000,-1,1
68475,572507,382.196698,36060.026195,36060.135012,1, 0, 0, 1,-1.187955,5.842101,-18.195451,-1,2
68475,572508,382.221481,36060.050978,36060.159795,1, 0, 0, 1,-3.760461,1.679518,-16.605496,-1,2
68475,572509,382.295263,36060.124759,36060.233576,0, 0, 0, 0,-99.000000,-99.000000,-99.000000,-1,0
68475,572510,382.421183,36060.250678,36060.359496,1, 0, 0, 1,-0.284443,1.536485,0.761405,-1,2
68475,572511,382.480781,36060.310277,36060.419094,1, 0, 0, 1,3.689793,7.588490,-0.481278,-1,2
68475,572512,382.492557,36060.322052,36060.430870,1, 0, 0, 1,-1.904040,1.219999,-11.999850,-1,2
68475,572513,382.823979,36060.653474,36060.762293,0, 0, 0, 0,-99.000000,-99.000000,-99.000000,-1,0
68475,572514,382.836499,36060.665994,36060.774813,0, 0, 0, 0,-99.000000,-99.000000,-99.000000,-1,1
68475,572515,382.913419,36060.742914,36060.851732,1, 0, 0, 1,6.915067,-1.323632,5.126151,-1,2
68475,572516,382.930168,36060.759662,36060.868481,1, 0, 0, 1,2.927544,6.034744,7.787027,-1,2
68475,572517,383.040873,36060.870367,36060.979186,1, 0, 0, 1,-6.774062,-1.104997,6.364113,-1,2
68475,572518,383.208963,36061.038457,36061.147277,0, 0, 0, 0,-99.000000,-99.000000,-99.000000,-1,1
68475,572519,383.441586,36061.271080,36061.379900,0, 0, 0, 0,-99.000000,-99.000000,-99.000000,-1,0
68475,572520,383.576645,36061.406139,36061.514959,1, 0, 0, 1,-3.743870,-3.616780,-5.281286,-1,2
68475,572521,383.626662,36061.456155,36061.564976,0, 0, 0, 0,-99.000000,-99.000000,-99.000000,-1,1
68475,572522,383.768785,36061.598278,36061.707099,0, 0, 0, 0,-99.000000,-99.000000,-99.000000,-1,1
68475,572523,383.824853,36061.654346,36061.763167,0, 0, 0, 0,-99.000000,-99.000000,-99.000000,-1,1
68475,572524,383.926357,36061.755850,36061.864671,1, 0, 0, 1,-0.606298,-5.768064,-19.556619,-1,3
68475,572525,383.969094,36061.798587,36061.907408,1, 0, 0, 1,2.083275,-7.669832,10.567593,-1,2
68475,572526,384.195496,36062.024988,36062.133809,1, 0, 0, 1,1.780066,0.639502,19.828547,-1,2
68475,572527,384.197547,36062.027039,36062.135860,1, 0, 0, 1,1.939833,-4.649674,5.229448,-1,2
68475,572528,384.197828,36062.027320,36062.136142,1, 0, 0, 1,2.135682,-5.038783,7.165446,-1,2
68475,572529,384.351718,36062.181209,36062.290031,1, 0, 0, 1,-4.382602,-5.990971,9.948847,-1,2
68475,572530,384.546840,36062.376331,36062.485153,0, 0, 0, 0,-99.000000,-99.000000,-99.000000,-1,0
68475,572531,384.681636,36062.511127,36062.619949,1, 0, 0, 1,5.296265,3.071503,10.447390,-1,2
68475,572532,384.757428,36062.586919,36062.695741,1, 0, 0, 1,5.471083,-1.296508,9.553745,-1,2
68475,572533,384.798442,36062.627933,36062.736756,1, 0, 0, 1,-0.172971,-0.650036,-16.192866,-1,2
68475,572534,384.815095,36062.644586,36062.753409,0, 0, 0, 0,-99.000000,-99.000000,-99.000000,-1,1
68475,572535,384.977300,36062.806791,36062.915614,0, 0, 0, 0,-99.000000,-99.000000,-99.000000,-1,1
68475,572536,385.092382,36062.921872,36063.030695,1, 0, 0, 1,-0.581519,1.846496,-7.639768,-1,2
68475,572537,385.128001,36062.957492,36063.066315,1, 0, 0, 1,2.740768,5.391915,-13.872419,-1,2
68475,572538,385.130051,36062.959541,36063.068365,1, 0, 0, 1,7.836007,-0.410494,-16.096204,-1,2
68475,572539,385.345430,36063.174920,36063.283744,0, 0, 0, 0,-99.000000,-99.000000,-99.000000,-1,1
68475,572540,385.414622,36063.244112,36063.352936,1, 1, 0, 1,-0.697411,-3.124393,16.518977,-1,3
68475,572541,385.504574,36063.334063,36063.442887,1, 0, 0, 1,3.019347,1.607462,14.133845,-1,2
68475,572542,385.761700,36063.591189,36063.700014,0, 0, 0, 0,-99.000000,-99.000000,-99.000000,-1,1
68475,572543,385.810808,36063.640297,36063.749121,1, 0, 0, 1,-2.655868,-5.642952,14.566181,-1,2
68475,572544,385.852094,36063.681582,36063.790407,0, 0, 0, 0,-99.000000,-99.000000,-99.000000,-1,0
68475,572545,385.887352,36063.716841,36063.825666,0, 0, 0, 0,-99.000000,-99.000000,-99.000000,-1,0
68475,572546,385.922356,36063.751845,36063.860669,0, 0, 0, 0,-99.000000,-99.000000,-99.000000,-1,1
68475,572547,385.939471,36063.768960,36063.877785,0, 0, 0, 0,-99.000000,-99.000000,-99.000000,-1,1
68475,572548,386.233713,36064.063201,36064.172027,0, 0, 0, 0,-99.000000,-99.000000,-99.000000,-1,1
68475,572549,386.312178,36064.141666,36064.250492,0, 0, 0, 0,-99.000000,-99.000000,-99.000000,-1,1
68475,572550,386.387769,36064.217257,36064.326083,1, 0, 0, 1,-3.700018,2.819873,-20.593985,-1,2
68475,572551,386.422879,36064.252367,36064.361193,0, 0, 0, 0,-99.000000,-99.000000,-99.000000,-1,0
68475,572552,386.458320,36064.287808,36064.396634,1, 0, 0, 1,-1.567044,0.829001,-14.427492,-1,2
68475,572553,386.466126,36064.295613,36064.404439,1, 0, 0, 1,-2.007873,-2.603674,16.045201,-1,3
68475,572554,386.575561,36064.405048,36064.513874,0, 0, 0, 0,-99.000000,-99.000000,-99.000000,-1,0
68475,572555,386.640210,36064.469697,36064.578523,1, 0, 0, 1,-8.506663,2.781726,9.335049,-1,2
68475,572556,386.686528,36064.516015,36064.624842,0, 0, 0, 0,-99.000000,-99.000000,-99.000000,-1,1
68475,572557,386.778658,36064.608145,36064.716972,1, 0, 0, 1,-1.239387,0.940435,-7.804938,-1,2
68475,572558,386.828996,36064.658483,36064.767310,1, 0, 0, 1,-1.169382,3.600178,-4.673743,-1,2
68475,572559,386.875327,36064.704814,36064.813640,1, 0, 0, 1,-3.099948,0.388817,-6.749024,-1,2
68475,572560,386.960717,36064.790203,36064.899030,0, 0, 0, 0,-99.000000,-99.000000,-99.000000,-1,1
68475,572561,387.062543,36064.892030,36065.000857,0, 0, 0, 0,-99.000000,-99.000000,-99.000000,-1,0
68475,572562,387.672020,36065.501505,36065.610334,0, 0, 0, 0,-99.000000,-99.000000,-99.000000,-1,0
68475,572563,387.691952,36065.521437,36065.630265,0, 0, 0, 0,-99.000000,-99.000000,-99.000000,-1,0
68475,572564,387.825227,36065.654712,36065.763541,1, 0, 0, 1,-0.787464,6.905276,-11.208820,-1,2
68475,572565,387.953384,36065.782869,36065.891698,1, 0, 0, 1,-5.227074,-2.027365,0.130241,-1,2
68475,572566,388.127613,36065.957098,36066.065927,1, 0, 0, 1,3.166190,-0.469619,-4.093974,-1,2
68475,572567,388.403508,36066.232992,36066.341821,1, 0, 0, 1,-1.310075,1.179504,-10.169855,-1,2
68475,572568,388.418243,36066.247727,36066.356557,0, 0, 0, 0,-99.000000,-99.000000,-99.000000,-1,0
68475,572569,388.446546,36066.276030,36066.384860,0, 0, 0, 0,-99.000000,-99.000000,-99.000000,-1,1
68475,572570,388.584451,36066.413935,36066.522765,1, 0, 0, 1,1.931987,0.141532,-12.653227,-1,2
68475,572571,388.708603,36066.538086,36066.646916,0, 0, 0, 0,-99.000000,-99.000000,-99.000000,-1,0
68475,572572,388.730584,36066.560067,36066.668898,0, 0, 0, 0,-99.000000,-99.000000,-99.000000,-1,1
68475,572573,389.076280,36066.905762,36067.014593,0, 0, 0, 0,-99.000000,-99.000000,-99.000000,-1,1
68475,572574,389.172760,36067.002242,36067.111074,1, 0, 0, 1,0.558680,-2.426951,-3.915306,-1,2
68475,572575,389.182413,36067.011895,36067.120726,1, 0, 0, 1,-0.853561,-2.034413,-21.708969,-1,2
68475,572576,389.279732,36067.109214,36067.218045,1, 0, 0, 1,8.272639,0.699045,18.495305,-1,3
68475,572577,389.290911,36067.120393,36067.229225,0, 0, 0, 0,-99.000000,-99.000000,-99.000000,-1,1
68475,572578,389.451042,36067.280523,36067.389355,0, 0, 0, 0,-99.000000,-99.000000,-99.000000,-1,1
68475,572579,389.482267,36067.311748,36067.420580,0, 0, 0, 0,-99.000000,-99.000000,-99.000000,-1,1
68475,572580,389.532655,36067.362137,36067.470969,1, 0, 0, 1,-4.043763,-1.381080,21.929343,-1,2
68475,572581,389.544794,36067.374275,36067.483107,1, 1, 0, 1,-0.265634,-2.978044,-5.628106,-1,2
68475,572582,389.624182,36067.453663,36067.562495,0, 0, 0, 0,-99.000000,-99.000000,-99.000000,-1,0
68475,572583,389.633769,36067.463250,36067.572082,1, 1, 0, 1,1.585024,-0.554081,-7.471322,-1,3
68475,572584,389.693724,36067.523205,36067.632038,1, 0, 0, 1,-3.461992,3.652422,-12.940864,-1,2
68475,572585,389.776142,36067.605623,36067.714456,1, 0, 0, 1,-4.801874,-1.552615,-7.275192,-1,2
68475,572586,390.046993,36067.876474,36067.985307,1, 0, 0, 1,2.487776,0.318344,-14.841313,-1,2
68475,572587,390.176147,36068.005627,36068.114461,0, 0, 0, 0,-99.000000,-99.000000,-99.000000,-1,1
68475,572588,390.317858,36068.147338,36068.256172,1, 0, 0, 1,4.465776,-3.488649,-15.018347,-1,2
68475,572589,390.376718,36068.206198,36068.315032,1, 0, 0, 1,-3.081892,-5.146353,9.649233,-1,2
68475,572590,390.683859,36068.513338,36068.622173,0, 0, 0, 0,-99.000000,-99.000000,-99.000000,-1,0
68475,572591,390.692086,36068.521566,36068.630400,0, 0, 0, 0,-99.000000,-99.000000,-99.000000,-1,1
68475,572592,390.830147,36068.659626,36068.768460,0, 0, 0, 0,-99.000000,-99.000000,-99.000000,-1,0
68475,572593,390.928961,36068.758440,36068.867275,1, 0, 0, 1,0.721580,-7.761191,19.726673,-1,2
68475,572594,390.992822,36068.822300,36068.931135,1, 0, 0, 1,4.399769,4.496570,13.481885,-1,2
68475,572595,391.082376,36068.911854,36069.020689,1, 0, 0, 1,6.962823,2.086777,5.162211,-1,2
68475,572596,391.171857,36069.001335,36069.110170,0, 0, 0, 0,-99.000000,-99.000000,-99.000000,-1,0
68475,572597,391.198402,36069.027880,36069.136715,1, 0, 0, 1,3.543137,1.591197,4.809008,-1,2
68475,572598,391.526455,36069.355932,36069.464768,1, 0, 0, 1,7.400375,0.775636,-8.667313,-1,2
68475,572599,391.622770,36069.452247,36069.561083,0, 0, 0, 0,-99.000000,-99.000000,-99.000000,-1,0
68475,572600,391.670014,36069.499491,36069.608328,1, 0, 0, 1,-1.811141,-9.006577,-5.324445,-1,2
68475,572601,391.688361,36069.517838,36069.626675,0, 0, 0, 0,-99.000000,-99.000000,-99.000000,-1,1
68475,572602,392.087637,36069.917113,36070.025950,1, 0, 0, 1,-2.267034,2.633072,4.416049,-1,2
68475,572603,392.092762,36069.922238,36070.031075,0, 0, 0, 0,-99.000000,-99.000000,-99.000000,-1,0
68475,572604,392.120928,36069.950404,36070.059242,1, 0, 0, 1,3.644704,5.663883,19.385796,-1,2
68475,572605,392.136674,36069.966150,36070.074988,1, 0, 0, 1,5.530062,-4.562612,19.350989,-1,2
68475,572606,392.167310,36069.996786,36070.105623,0, 0, 0, 0,-99.000000,-99.000000,-99.000000,-1,1
68475,572607,392.374534,36070.204010,36070.312848,0, 0, 0, 0,-99.000000,-99.000000,-99.000000,-1,1
68475,572608,392.485949,36070.315424,36070.424263,1, 0, 0, 1,2.701713,1.248915,-1.749260,-1,2
68475,572609,392.516644,36070.346119,36070.454957,0, 0, 0, 0,-99.000000,-99.000000,-99.000000,-1,1
68475,572610,392.644493,36070.473968,36070.582807,0, 0, 0, 0,-99.000000,-99.000000,-99.000000,-1,1
68475,572611,392.651762,36070.481237,36070.590075,1, 0, 0, 1,2.904842,4.153139,2.195371,-1,2
68475,572612,392.753690,36070.583164,36070.692003,1, 0, 0, 1,7.084516,2.878396,15.842533,-1,2
68475,572613,392.835265,36070.664740,36070.773578,0, 0, 0, 0,-99.000000,-99.000000,-99.000000,-1,0
68475,572614,392.933431,36070.762905,36070.871744,1, 0, 0, 1,-8.134829,1.228986,-14.651491,-1,2
68475,572615,392.973123,36070.802597,36070.911436,0, 0, 0, 0,-99.000000,-99.000000,-99.000000,-1,0
68475,572616,393.196871,36071.026344,36071.135184,1, 0, 0, 1,3.817584,-3.669034,9.931523,-1,2
68475,572617,393.353018,36071.182491,36071.291331,0, 0, 0, 0,-99.000000,-99.000000,-99.000000,-1,0
68475,572618,393.564175,36071.393648,36071.502488,1, 0, 0, 1,2.982121,7.598181,-0.212988,-1,2
68475,572619,393.594799,36071.424272,36071.533113,1, 0, 0, 1,-3.917688,8.716775,-15.576474,-1,2
68475,572620,393.607438,36071.436911,36071.545751,1, 0, 0, 1,-1.598559,7.186982,4.254047,-1,2
68475,572621,393.645277,36071.474750,36071.583591,0, 0, 0, 0,-99.000000,-99.000000,-99.000000,-1,1
68475,572622,393.973878,36071.803351,36071.912192,0, 0, 0, 0,-99.000000,-99.000000,-99.000000,-1,0
68475,572623,394.009341,36071.838813,36071.947655,1, 0, 0, 1,1.391458,0.640483,-3.774693,-1,2
68475,572624,394.081801,36071.911274,36072.020115,1, 0, 0, 1,-0.225938,-0.047813,-6.688099,-1,2
68475,572625,394.198446,36072.027918,36072.136759,1, 0, 0, 1,7.614472,4.229308,1.325546,-1,5
68475,572626,394.240333,36072.069804,36072.178646,1, 0, 0, 1,-0.182304,-2.102117,10.290475,-1,2
68475,572627,394.423874,36072.253345,36072.362187,0, 0, 0, 0,-99.000000,-99.000000,-99.000000,-1,0
68475,572628,394.509711,36072.339182,36072.448025,1, 0, 0, 1,0.439364,-0.834479,5.221593,-1,2
68475,572629,394.545814,36072.375285,36072.484127,0, 0, 0, 0,-99.000000,-99.000000,-99.000000,-1,0
68475,572630,394.948954,36072.778425,36072.887268,0, 0, 0, 0,-99.000000,-99.000000,-99.000000,-1,1
68475,572631,394.967940,36072.797411,36072.906254,0, 0, 0, 0,-99.000000,-99.000000,-99.000000,-1,1
68475,572632,395.375991,36073.205460,36073.314304,0, 0, 0, 0,-99.000000,-99.000000,-99.000000,-1,1
68475,572633,395.474068,36073.303537,36073.412381,1, 0, 0, 1,1.597654,-11.000183,-14.959100,-1,2
68475,572634,395.474324,36073.303793,36073.412637,1, 0, 0, 1,-7.831636,-0.029721,-15.765362,-1,2
68475,572635,395.478631,36073.308101,36073.416945,0, 0, 0, 0,-99.000000,-99.000000,-99.000000,-1,1
68475,572636,395.534934,36073.364403,36073.473248,0, 0, 0, 0,-99.000000,-99.000000,-99.000000,-1,1
68475,572637,395.579305,36073.408774,36073.517618,1, 0, 0, 1,4.299790,-3.162359,-5.834273,-1,2
68475,572638,395.751807,36073.581276,36073.690120,1, 0, 0, 1,-2.337680,8.871050,18.635940,-1,2
68475,572639,395.773396,36073.602864,36073.711709,0, 0, 0, 0,-99.000000,-99.000000,-99.000000,-1,1
68475,572640,395.845719,36073.675188,36073.784033,1, 0, 0, 1,-9.147515,0.463045,11.544603,-1,2
68475,572641,396.076367,36073.905835,36074.014681,0, 0, 0, 0,-99.000000,-99.000000,-99.000000,-1,0
68475,572642,396.232241,36074.061708,36074.170554,1, 0, 0, 1,9.202972,8.356179,-2.005482,-1,3
68475,572643,396.246906,36074.076374,36074.185219,1, 0, 0, 1,7.718579,3.106208,14.078767,-1,2
68475,572644,396.331551,36074.161019,36074.269865,1, 0, 0, 1,-5.838412,0.351564,-11.653054,-1,2
68475,572645,396.622255,36074.451722,36074.560568,0, 0, 0, 0,-99.000000,-99.000000,-99.000000,-1,0
68475,572646,396.748850,36074.578317,36074.687164,1, 0, 0, 1,-6.127174,0.188113,15.620888,-1,2
68475,572647,397.082441,36074.911907,36075.020755,0, 0, 0, 0,-99.000000,-99.000000,-99.000000,-1,1
68475,572648,397.160121,36074.989587,36075.098435,0, 0, 0, 0,-99.000000,-99.000000,-99.000000,-1,1
68475,572649,397.221697,36075.051163,36075.160011,1, 0, 0, 1,-3.625957,4.160512,-4.900605,-1,2
68475,572650,397.279566,36075.109031,36075.217879,0, 0, 0, 0,-99.000000,-99.000000,-99.000000,-1,1
68475,572651,397.286749,36075.116215,36075.225062,0, 0, 0, 0,-99.000000,-99.000000,-99.000000,-1,0
68475,572652,397.324015,36075.153480,36075.262328,0, 0, 0, 0,-99.000000,-99.000000,-99.000000,-1,0
68475,572653,397.335711,36075.165177,36075.274024,0, 0, 0, 0,-99.000000,-99.000000,-99.000000,-1,1
68475,572654,397.381850,36075.211316,36075.320164,1, 0, 0, 1,4.109681,0.373489,14.161516,-1,2
68475,572655,397.418244,36075.247710,36075.356558,1, 0, 0, 1,4.563038,-2.838570,5.310575,-1,2
68475,572656,397.543544,36075.373009,36075.481857,1, 0, 0, 1,-4.110498,2.568602,-11.122374,-1,2
68475,572657,397.730392,36075.559857,36075.668706,1, 0, 0, 1,-5.901913,0.870826,0.395546,-1,2
68475,572658,397.737701,36075.567166,36075.676015,0, 0, 0, 0,-99.000000,-99.000000,-99.000000,-1,1
68475,572659,397.836182,36075.665647,36075.774496,0, 0, 0, 0,-99.000000,-99.000000,-99.000000,-1,0
68475,572660,398.013492,36075.842956,36075.951806,1, 0, 0, 1,4.025833,-7.644014,-14.922835,-1,2
68475,572661,398.037172,36075.866636,36075.975486,1, 0, 0, 1,0.603240,3.867775,-17.005129,-1,2
68475,572662,398.076490,36075.905954,36076.014804,0, 0, 0, 0,-99.000000,-99.000000,-99.000000,-1,1
68475,572663,398.078055,36075.907519,36076.016368,1, 0, 0, 1,7.354819,-6.584281,-12.430101,-1,4
68475,572664,398.247603,36076.077066,36076.185916,1, 0, 0, 1,2.250471,-8.213146,6.485484,-1,2
68475,572665,398.249437,36076.078901,36076.187751,0, 0, 0, 0,-99.000000,-99.000000,-99.000000,-1,1
68475,572666,398.309361,36076.138825,36076.247675,0, 0, 0, 0,-99.000000,-99.000000,-99.000000,-1,1
68475,572667,398.588321,36076.417784,36076.526634,0, 0, 0, 0,-99.000000,-99.000000,-99.000000,-1,0
68475,572668,398.623259,36076.452722,36076.561573,1, 0, 0, 1,2.992962,-1.206856,13.374977,-1,2
68475,572669,398.678314,36076.507777,36076.616627,0, 0, 0, 0,-99.000000,-99.000000,-99.000000,-1,1
68475,572670,398.714670,36076.544133,36076.652983,0, 0, 0, 0,-99.000000,-99.000000,-99.000000,-1,1
68475,572671,398.796360,36076.625823,36076.734674,0, 0, 0, 0,-99.000000,-99.000000,-99.000000,-1,0
68475,572672,398.907320,36076.736782,36076.845633,1, 0, 0, 1,-5.503163,5.343792,10.280494,-1,2
68475,572673,398.913359,36076.742821,36076.851672,1, 0, 0, 1,9.193441,5.278220,2.422101,-1,2
68475,572674,399.010322,36076.839785,36076.948636,0, 0, 0, 0,-99.000000,-99.000000,-99.000000,-1,0
68475,572675,399.084709,36076.914171,36077.023022,0, 0, 0, 0,-99.000000,-99.000000,-99.000000,-1,0
68475,572676,399.318610,36077.148071,36077.256923,1, 0, 0, 1,-3.534223,-4.455667,2.373614,-1,2
68475,572677,399.343479,36077.172940,36077.281792,1, 0, 0, 1,-3.052645,3.685473,-3.171026,-1,2
68475,572678,399.591499,36077.420960,36077.529813,1, 0, 0, 1,-0.215561,4.543272,-7.436928,-1,2
68475,572679,399.679600,36077.509060,36077.617913,1, 0, 0, 1,-5.873833,2.355042,-0.729689,-1,2
68475,572680,399.740031,36077.569491,36077.678344,1, 0, 0, 1,-8.438238,2.375439,11.230917,-1,2
68475,572681,399.743608,36077.573069,36077.681921,1, 0, 0, 1,-2.752213,-2.900042,-7.520841,-1,2
68475,572682,399.843047,36077.672507,36077.781360,1, 0, 0, 1,-2.826586,8.219500,15.964228,-1,2
68475,572683,400.016422,36077.845882,36077.954736,1, 0, 0, 1,-8.953069,2.320655,-16.672733,-1,2
68475,572684,400.028128,36077.857588,36077.966441,0, 0, 0, 0,-99.000000,-99.000000,-99.000000,-1,1
68475,572685,400.065597,36077.895057,36078.003910,1, 0, 0, 1,-2.651260,-6.637100,9.627560,-1,2
68475,572686,400.126673,36077.956132,36078.064986,0, 0, 0, 0,-99.000000,-99.000000,-99.000000,-1,0
68475,572687,400.265901,36078.095361,36078.204215,0, 0, 0, 0,-99.000000,-99.000000,-99.000000,-1,1
68475,572688,400.302893,36078.132353,36078.241207,1, 0, 0, 1,-8.763401,4.077190,19.782802,-1,2
68475,572689,400.427268,36078.256727,36078.365582,1, 0, 0, 1,7.884912,-0.090846,6.461592,-1,2
68475,572690,400.630599,36078.460058,36078.568913,0, 0, 0, 0,-99.000000,-99.000000,-99.000000,-1,0
68475,572691,401.001135,36078.830594,36078.939449,1, 0, 0, 1,10.978837,0.530889,-16.689877,-1,2
68475,572692,401.037553,36078.867011,36078.975866,1, 0, 0, 1,-3.643393,-1.389283,-12.198525,-1,2
68475,572693,401.098762,36078.928220,36079.037075,1, 0, 0, 1,3.724529,2.839806,4.331215,-1,2
68475,572694,401.131406,36078.960864,36079.069720,0, 0, 0, 0,-99.000000,-99.000000,-99.000000,-1,1
68475,572695,401.283257,36079.112715,36079.221571,1, 0, 0, 1,-8.668637,0.618684,-1.266244,-1,2
68475,572696,401.341598,36079.171056,36079.279912,0, 0, 0, 0,-99.000000,-99.000000,-99.000000,-1,1
68475,572697,401.459819,36079.289277,36079.398133,1, 0, 0, 1,5.168333,-2.595476,12.515386,-1,2
68475,572698,401.602545,36079.432001,36079.540858,1, 0, 0, 1,3.859487,-6.905991,4.510628,-1,2
68475,572699,401.652508,36079.481965,36079.590822,0, 0, 0, 0,-99.000000,-99.000000,-99.000000,-1,0
68475,572700,401.668514,36079.497971,36079.606827,1, 0, 0, 1,-0.026130,-8.530937,5.946039,-1,2
68475,572701,401.976747,36079.806203,36079.915060,1, 0, 0, 1,0.094189,0.231646,-10.943774,-1,2
68475,572702,401.982252,36079.811708,36079.920565,1, 0, 0, 1,-2.289364,2.340707,-2.132085,-1,2
68475,572703,402.182059,36080.011515,36080.120373,0, 0, 0, 0,-99.000000,-99.000000,-99.000000,-1,1
68475,572704,402.248729,36080.078185,36080.187042,1, 0, 0, 1,-7.534225,4.112977,-16.522820,-1,2
68475,572705,402.332734,36080.162190,36080.271048,0, 0, 0, 0,-99.000000,-99.000000,-99.000000,-1,1
68475,572706,402.478189,36080.307645,36080.416503,0, 0, 0, 0,-99.000000,-99.000000,-99.000000,-1,1
68475,572707,402.535012,36080.364467,36080.473326,1, 0, 0, 1,5.289347,3.390072,20.073094,-1,2
68475,572708,402.580544,36080.409999,36080.518858,0, 0, 0, 0,-99.000000,-99.000000,-99.000000,-1,1
68475,572709,402.592038,36080.421493,36080.530351,1, 0, 0, 1,-2.593237,-0.188494,-7.786638,-1,2
68475,572710,402.655585,36080.485040,36080.593898,0, 0, 0, 0,-99.000000,-99.000000,-99.000000,-1,0
68475,572711,402.769099,36080.598554,36080.707413,1, 0, 0, 1,8.129235,-2.415285,-16.551333,-1,2
68475,572712,402.834848,36080.664303,36080.773162,1, 0, 0, 1,4.341063,1.303418,5.041004,-1,4
68475,572713,402.904433,36080.733887,36080.842746,0, 0, 0, 0,-99.000000,-99.000000,-99.000000,-1,1
68475,572714,403.457645,36081.287098,36081.395959,0, 0, 0, 0,-99.000000,-99.000000,-99.000000,-1,1
68475,572715,403.772301,36081.601754,36081.710615,0, 0, 0, 0,-99.000000,-99.000000,-99.000000,-1,0
68475,572716,403.995018,36081.824470,36081.933331,1, 0, 0, 1,6.309076,-4.832810,-7.457520,-1,2
68475,572717,404.086867,36081.916319,36082.025181,1, 0, 0, 1,0.934796,-9.278558,16.523852,-1,2
68475,572718,404.091232,36081.920684,36082.029545,0, 0, 0, 0,-99.000000,-99.000000,-99.000000,-1,0
68475,572719,404.202803,36082.032255,36082.141117,0, 0, 0, 0,-99.000000,-99.000000,-99.000000,-1,1
68475,572720,404.305027,36082.134479,36082.243341,1, 0, 0, 1,4.398772,-4.699547,6.942692,-1,2
68475,572721,404.498609,36082.328060,36082.436922,1, 0, 0, 1,1.445923,-9.189233,14.418522,-1,3
68475,572722,404.814560,36082.644010,36082.752874,0, 0, 0, 0,-99.000000,-99.000000,-99.000000,-1,1
68475,572723,404.917643,36082.747093,36082.855956,1, 0, 0, 1,0.020124,-1.293561,1.739970,-1,2
68475,572724,405.024766,36082.854216,36082.963079,0, 0, 0, 0,-99.000000,-99.000000,-99.000000,-1,1
68475,572725,405.099480,36082.928930,36083.037793,1, 0, 0, 1,0.931894,-3.415181,12.671491,-1,2
68475,572726,405.137331,36082.966781,36083.075645,0, 0, 0, 0,-99.000000,-99.000000,-99.000000,-1,1
68475,572727,405.276455,36083.105904,36083.214768,1, 0, 0, 1,2.513263,1.940614,-6.604925,-1,2
68475,572728,405.320544,36083.149994,36083.258858,1, 0, 0, 1,-3.694929,-6.977561,3.880467,-1,2
68475,572729,405.378895,36083.208345,36083.317209,1, 0, 0, 1,3.372343,-1.140409,4.051970,-1,2
68475,572730,405.387961,36083.217410,36083.326274,0, 0, 0, 0,-99.000000,-99.000000,-99.000000,-1,1
68475,572731,405.425866,36083.255316,36083.364180,1, 0, 0, 1,5.040560,3.405286,12.101196,-1,2
68475,572732,405.573982,36083.403431,36083.512295,1, 0, 0, 1,3.354807,1.348300,4.762488,-1,2
68475,572733,405.653539,36083.482988,36083.591852,1, 0, 0, 1,-0.733561,-0.420088,13.748699,-1,2
68475,572734,405.766462,36083.595910,36083.704775,0, 0, 0, 0,-99.000000,-99.000000,-99.000000,-1,1
68475,572735,406.091428,36083.920875,36084.029741,1, 0, 0, 1,5.813654,-1.302508,19.975817,-1,2
68475,572736,406.352266,36084.181713,36084.290579,1, 0, 0, 1,0.742762,-1.426753,-15.458496,-1,2
68475,572737,406.570923,36084.400370,36084.509237,1, 0, 0, 1,2.068262,-8.325326,10.680760,-1,2
68475,572738,406.633729,36084.463176,36084.572042,1, 0, 0, 1,6.608347,-0.052726,3.967208,-1,2
68475,572739,406.793954,36084.623400,36084.732268,1, 0, 0, 1,-7.659093,2.553212,-3.072217,-1,2
68475,572740,406.795681,36084.625127,36084.733994,1, 0, 0, 1,-1.666369,3.885643,-2.260397,-1,2
68475,572741,407.054365,36084.883811,36084.992679,1, 0, 0, 1,3.991993,3.181620,-9.668353,-1,2
68475,572742,407.185564,36085.015009,36085.123877,1, 0, 0, 1,5.872581,-2.419638,15.203708,-1,2
68475,572743,407.273430,36085.102875,36085.211743,0, 0, 0, 0,-99.000000,-99.000000,-99.000000,-1,1
68475,572744,407.516798,36085.346243,36085.455112,1, 0, 0, 1,6.878273,-2.080699,2.949348,-1,2
68475,572745,407.722749,36085.552193,36085.661062,0, 0, 0, 0,-99.000000,-99.000000,-99.000000,-1,1
68475,572746,407.814686,36085.644130,36085.753000,0, 0, 0, 0,-99.000000,-99.000000,-99.000000,-1,0
68475,572747,407.915328,36085.744773,36085.853642,1, 0, 0, 1,-5.658040,1.945277,-7.222353,-1,2
68475,572748,408.350619,36086.180062,36086.288932,1, 0, 0, 1,5.789369,3.373272,-1.449212,-1,2
68475,572749,408.481242,36086.310685,36086.419555,1, 0, 0, 1,-3.606892,-2.937403,10.237362,-1,2
68475,572750,408.691529,36086.520972,36086.629843,0, 0, 0, 0,-99.000000,-99.000000,-99.000000,-1,1
68475,572751,408.699390,36086.528833,36086.637704,1, 0, 0, 1,2.020392,-1.135162,6.677102,-1,2
68475,572752,409.383113,36087.212555,36087.321427,1, 0, 0, 1,4.016908,-1.881743,9.359478,-1,2
68475,572753,409.494497,36087.323938,36087.432811,0, 0, 0, 0,-99.000000,-99.000000,-99.000000,-1,1
68475,572754,409.970316,36087.799756,36087.908629,1, 0, 0, 1,9.830033,7.309864,-18.084231,-1,3
68475,572755,410.127819,36087.957258,36088.066132,0, 0, 0, 0,-99.000000,-99.000000,-99.000000,-1,0
68475,572756,410.372255,36088.201694,36088.310569,0, 0, 0, 0,-99.000000,-99.000000,-99.000000,-1,0
68475,572757,410.388537,36088.217976,36088.326851,1, 0, 0, 1,-10.114844,-1.998112,19.488691,-1,2
68475,572758,410.575737,36088.405175,36088.514050,0, 0, 0, 0,-99.000000,-99.000000,-99.000000,-1,1
68475,572759,410.777699,36088.607137,36088.716013,1, 0, 0, 1,1.717813,-6.565442,-1.680933,-1,2
68475,572760,411.147895,36088.977333,36089.086209,1, 0, 0, 1,-5.891721,-5.535574,13.825388,-1,2
68475,572761,411.271334,36089.100771,36089.209647,0, 0, 0, 0,-99.000000,-99.000000,-99.000000,-1,1
68475,572762,411.374829,36089.204266,36089.313143,0, 0, 0, 0,-99.000000,-99.000000,-99.000000,-1,0
68475,572763,411.412177,36089.241614,36089.350491,0, 0, 0, 0,-99.000000,-99.000000,-99.000000,-1,0
68475,572764,411.482185,36089.311622,36089.420498,1, 0, 0, 1,-4.733583,-6.459156,10.188509,-1,2
68475,572765,411.635501,36089.464938,36089.573815,1, 0, 0, 1,-2.844396,8.006466,9.822759,-1,2
68475,572766,411.690260,36089.519697,36089.628574,1, 0, 0, 1,1.100112,-1.950580,17.650563,-1,2
68475,572767,411.702202,36089.531639,36089.640516,0, 0, 0, 0,-99.000000,-99.000000,-99.000000,-1,0
68475,572768,411.729559,36089.558995,36089.667872,1, 0, 0, 1,0.132559,-6.347647,-15.403967,-1,2
68475,572769,411.745896,36089.575332,36089.684209,1, 0, 0, 1,1.134029,-2.841939,12.132585,-1,2
68475,572770,411.795333,36089.624769,36089.733646,0, 0, 0, 0,-99.000000,-99.000000,-99.000000,-1,0
68475,572771,411.799172,36089.628608,36089.737485,1, 0, 0, 1,11.512859,9.262040,-8.084060,-1,2
68475,572772,411.822693,36089.652129,36089.761006,1, 0, 0, 1,6.493207,3.833000,-13.459515,-1,2
68475,572773,411.969369,36089.798805,36089.907682,1, 0, 0, 1,0.923350,5.256849,-9.006449,-1,2
68475,572774,411.994021,36089.823457,36089.932335,1, 0, 0, 1,3.412022,-8.548615,21.776383,-1,2
68475,572775,412.004941,36089.834377,36089.943254,1, 0, 0, 1,-0.291614,9.966424,-13.924379,-1,2
68475,572776,412.209473,36090.038908,36090.147786,1, 0, 0, 1,-2.989485,1.602349,5.168625,-1,2
68475,572777,412.259674,36090.089109,36090.197988,0, 0, 0, 0,-99.000000,-99.000000,-99.000000,-1,1
68475,572778,412.275557,36090.104992,36090.213871,1, 0, 0, 1,6.492366,-1.411595,21.592029,-1,2
68475,572779,412.282187,36090.111622,36090.220500,1, 0, 0, 1,0.969336,-1.702221,-3.634123,-1,2
68475,572780,412.322286,36090.151721,36090.260600,1, 0, 0, 1,0.332509,3.488266,15.929215,-1,2
68475,572781,412.352282,36090.181717,36090.290596,0, 0, 0, 0,-99.000000,-99.000000,-99.000000,-1,1
68475,572782,412.455577,36090.285012,36090.393890,0, 0, 0, 0,-99.000000,-99.000000,-99.000000,-1,0
68475,572783,412.785878,36090.615313,36090.724192,0, 0, 0, 0,-99.000000,-99.000000,-99.000000,-1,0
68475,572784,412.853914,36090.683348,36090.792227,0, 0, 0, 0,-99.000000,-99.000000,-99.000000,-1,1
68475,572785,412.870819,36090.700253,36090.809132,1, 0, 0, 1,0.087704,-1.867026,-13.866402,-1,2
68475,572786,413.027324,36090.856757,36090.965637,0, 0, 0, 0,-99.000000,-99.000000,-99.000000,-1,1
68475,572787,413.140139,36090.969572,36091.078452,1, 0, 0, 1,2.826515,3.797561,-7.721526,-1,2
68475,572788,413.595846,36091.425278,36091.534159,1, 0, 0, 1,7.414283,2.799860,7.836410,-1,2
68475,572789,413.727153,36091.556586,36091.665467,1, 0, 0, 1,3.541688,-11.440531,-11.962488,-1,2
68475,572790,413.804837,36091.634269,36091.743151,0, 0, 0, 0,-99.000000,-99.000000,-99.000000,-1,0
68475,572791,413.838537,36091.667969,36091.776850,0, 0, 0, 0,-99.000000,-99.000000,-99.000000,-1,0
68475,572792,413.886891,36091.716323,36091.825205,0, 0, 0, 0,-99.000000,-99.000000,-99.000000,-1,0
68475,572793,413.894502,36091.723934,36091.832815,1, 0, 0, 1,3.445961,2.391491,-19.336744,-1,2
68475,572794,413.937783,36091.767215,36091.876096,1, 0, 0, 1,0.353583,-2.066867,4.887204,-1,2
68475,572795,414.026608,36091.856040,36091.964921,1, 0, 0, 1,-8.167336,-0.880226,-0.695277,-1,2
68475,572796,414.133868,36091.963300,36092.072182,0, 0, 0, 0,-99.000000,-99.000000,-99.000000,-1,0
68475,572797,414.177754,36092.007185,36092.116067,1, 0, 0, 1,0.679846,-1.824949,-16.920694,-1,2
68475,572798,414.253866,36092.083297,36092.192180,1, 0, 0, 1,-3.793131,5.534349,3.647294,-1,2
68475,572799,414.390188,36092.219619,36092.328501,1, 0, 0, 1,1.410515,-2.398151,-9.708766,-1,2
68475,572800,414.408079,36092.237510,36092.346392,0, 0, 0, 0,-99.000000,-99.000000,-99.000000,-1,0
68475,572801,414.574009,36092.403439,36092.512322,1, 0, 0, 1,1.620929,0.074250,-20.321223,-1,2
68475,572802,414.790970,36092.620400,36092.729283,1, 0, 0, 1,8.861344,-2.276439,-10.390753,-1,2
68475,572803,414.920158,36092.749588,36092.858472,1, 0, 0, 1,7.949649,1.580373,-7.152183,-1,2
68475,572804,415.037443,36092.866873,36092.975757,1, 0, 0, 1,3.618437,2.311386,15.567598,-1,3
68475,572805,415.382119,36093.211548,36093.320433,0, 0, 0, 0,-99.000000,-99.000000,-99.000000,-1,0
68475,572806,415.463724,36093.293152,36093.402037,1, 0, 0, 1,1.069608,1.807778,10.905278,-1,2
68475,572807,415.734299,36093.563727,36093.672612,1, 0, 0, 1,2.996328,1.929267,-7.518841,-1,2
68475,572808,415.776544,36093.605972,36093.714857,1, 0, 0, 1,8.236977,2.231134,3.115901,-1,2
68475,572809,415.807962,36093.637390,36093.746276,1, 0, 0, 1,5.187077,-6.314635,-18.311284,-1,2
68475,572810,415.817145,36093.646573,36093.755458,1, 0, 0, 1,-4.955320,0.725096,-6.701070,-1,2
68475,572811,415.878197,36093.707625,36093.816510,0, 0, 0, 0,-99.000000,-99.000000,-99.000000,-1,1
68475,572812,416.013143,36093.842571,36093.951457,1, 0, 0, 1,-4.821794,-1.076613,1.140145,-1,2
68475,572813,416.236128,36094.065555,36094.174441,1, 0, 0, 1,-4.731355,-0.089294,-12.410924,-1,2
68475,572814,416.459804,36094.289230,36094.398117,1, 0, 0, 1,9.575741,-2.195650,-16.697780,-1,2
68475,572815,416.497559,36094.326986,36094.435872,1, 0, 0, 1,6.383874,2.105006,11.710020,-1,2
68475,572816,416.526737,36094.356163,36094.465050,1, 0, 0, 1,3.342721,8.109104,-8.320457,-1,2
68475,572817,416.631206,36094.460632,36094.569519,1, 0, 0, 1,2.104841,5.541012,7.038705,-1,2
68475,572818,416.702464,36094.531890,36094.640778,1, 0, 0, 1,-5.931549,6.617455,4.925392,-1,2
68475,572819,416.886163,36094.715589,36094.824476,0, 0, 0, 0,-99.000000,-99.000000,-99.000000,-1,1
68475,572820,416.911239,36094.740665,36094.849553,1, 0, 0, 1,-5.610672,3.631892,-12.784938,-1,2
68475,572821,417.241314,36095.070739,36095.179628,0, 0, 0, 0,-99.000000,-99.000000,-99.000000,-1,0
68475,572822,417.572242,36095.401667,36095.510556,1, 0, 0, 1,-6.977280,1.117481,3.816169,-1,2
68475,572823,417.640328,36095.469752,36095.578641,0, 0, 0, 0,-99.000000,-99.000000,-99.000000,-1,1
68475,572824,417.654690,36095.484114,36095.593003,1, 0, 0, 1,-1.767699,-6.978555,-10.511865,-1,3
68475,572825,417.709215,36095.538640,36095.647529,0, 0, 0, 0,-99.000000,-99.000000,-99.000000,-1,1
68475,572826,417.730190,36095.559614,36095.668504,1, 0, 0, 1,9.453690,1.932997,-11.839643,-1,2
68475,572827,417.855530,36095.684954,36095.793844,0, 0, 0, 0,-99.000000,-99.000000,-99.000000,-1,1
68475,572828,417.871088,36095.700512,36095.809402,0, 0, 0, 0,-99.000000,-99.000000,-99.000000,-1,1
68475,572829,417.914085,36095.743509,36095.852398,1, 0, 0, 1,-3.538335,9.789776,-3.548125,-1,2
68475,572830,417.926514,36095.755938,36095.864828,0, 0, 0, 0,-99.000000,-99.000000,-99.000000,-1,1
68475,572831,418.242525,36096.071948,36096.180838,0, 0, 0, 0,-99.000000,-99.000000,-99.000000,-1,1
68475,572832,418.621841,36096.451264,36096.560155,1, 0, 0, 1,7.687041,-3.093040,17.738691,-1,2
68475,572833,418.755327,36096.584749,36096.693640,1, 0, 0, 1,-3.228167,2.556111,-16.758018,-1,2
68475,572834,418.818594,36096.648016,36096.756908,0, 0, 0, 0,-99.000000,-99.000000,-99.000000,-1,1
68475,572835,418.848226,36096.677648,36096.786540,0, 0, 0, 0,-99.000000,-99.000000,-99.000000,-1,0
68475,572836,418.988171,36096.817592,36096.926484,0, 0, 0, 0,-99.000000,-99.000000,-99.000000,-1,1
68475,572837,419.023624,36096.853045,36096.961937,1, 0, 0, 1,7.176108,-0.461382,21.993755,-1,2
68475,572838,419.080140,36096.909561,36097.018453,0, 0, 0, 0,-99.000000,-99.000000,-99.000000,-1,1
68475,572839,419.082107,36096.911528,36097.020420,1, 0, 0, 1,3.883809,-0.703282,-11.792873,-1,2
68475,572840,419.195798,36097.025219,36097.134112,0, 0, 0, 0,-99.000000,-99.000000,-99.000000,-1,1
68475,572841,419.243642,36097.073063,36097.181955,0, 0, 0, 0,-99.000000,-99.000000,-99.000000,-1,1
68475,572842,419.311266,36097.140687,36097.249579,1, 0, 0, 1,-7.434851,-4.139221,-6.395280,-1,2
68475,572843,419.577597,36097.407018,36097.515911,0, 0, 0, 0,-99.000000,-99.000000,-99.000000,-1,1
68475,572844,419.617656,36097.447076,36097.555969,1, 0, 0, 1,0.563197,-5.173695,-4.818814,-1,2
68475,572845,419.635496,36097.464917,36097.573810,0, 0, 0, 0,-99.000000,-99.000000,-99.000000,-1,1
68475,572846,419.829431,36097.658851,36097.767744,0, 0, 0, 0,-99.000000,-99.000000,-99.000000,-1,1
68475,572847,419.847004,36097.676423,36097.785317,0, 0, 0, 0,-99.000000,-99.000000,-99.000000,-1,1
68475,572848,419.908650,36097.738070,36097.846964,1, 0, 0, 1,6.370636,-4.511861,-11.192400,-1,3
68475,572849,420.077314,36097.906733,36098.015627,0, 0, 0, 0,-99.000000,-99.000000,-99.000000,-1,1
68475,572850,420.131888,36097.961307,36098.070201,1, 0, 0, 1,8.886506,-0.172327,-11.792125,-1,2
68475,572851,420.321414,36098.150832,36098.259727,1, 0, 0, 1,4.571579,0.377180,-14.513649,-1,2
68475,572852,420.461194,36098.290612,36098.399507,1, 0, 0, 1,-0.017441,-0.550113,-0.197769,-1,2
68475,572853,420.489084,36098.318502,36098.427397,0, 0, 0, 0,-99.000000,-99.000000,-99.000000,-1,1
68475,572854,420.510462,36098.339880,36098.448775,0, 0, 0, 0,-99.000000,-99.000000,-99.000000,-1,1
68475,572855,420.655467,36098.484885,36098.593780,1, 0, 0, 1,8.903701,0.955962,-21.180171,-1,2
68475,572856,420.694710,36098.524128,36098.633024,1, 0, 0, 1,3.354533,-0.321047,-6.804483,-1,2
68475,572857,421.075035,36098.904452,36099.013348,0, 0, 0, 0,-99.000000,-99.000000,-99.000000,-1,0
68475,572858,421.123676,36098.953093,36099.061989,0, 0, 0, 0,-99.000000,-99.000000,-99.000000,-1,1
68475,572859,421.218933,36099.048350,36099.157246,0, 0, 0, 0,-99.000000,-99.000000,-99.000000,-1,0
68475,572860,421.298811,36099.128228,36099.237125,0, 0, 0, 0,-99.000000,-99.000000,-99.000000,-1,1
68475,572861,421.342730,36099.172147,36099.281043,1, 0, 0, 1,-3.820393,0.692752,3.521385,-1,2
68475,572862,421.396950,36099.226367,36099.335264,1, 0, 0, 1,2.197714,-8.495742,-9.536143,-1,2
68475,572863,421.443992,36099.273408,36099.382305,1, 0, 0, 1,-0.130371,2.963662,-20.133182,-1,2
68475,572864,421.731603,36099.561019,36099.669917,1, 0, 0, 1,4.282551,-3.967246,-2.724998,-1,10
68475,572865,421.867386,36099.696802,36099.805699,0, 0, 0, 0,-99.000000,-99.000000,-99.000000,-1,1
68475,572866,421.921391,36099.750807,36099.859705,1, 0, 0, 1,-5.263045,-0.010056,20.857953,-1,2
68475,572867,421.969246,36099.798661,36099.907559,1, 0, 0, 1,3.719875,-5.537243,7.433118,-1,2
68475,572868,421.997707,36099.827123,36099.936021,0, 0, 0, 0,-99.000000,-99.000000,-99.000000,-1,1
68475,572869,422.018925,36099.848341,36099.957239,1, 0, 0, 1,2.534259,-4.890728,-7.211019,-1,2
68475,572870,422.329879,36100.159294,36100.268192,0, 0, 0, 0,-99.000000,-99.000000,-99.000000,-1,1
68475,572871,422.497213,36100.326627,36100.435526,1, 0, 0, 1,0.655904,-5.033148,-10.761727,-1,2
68475,572872,422.567629,36100.397043,36100.505942,1, 0, 0, 1,5.929768,-5.191629,-16.292070,-1,2
68475,572873,422.572784,36100.402198,36100.511097,1, 0, 0, 1,1.472845,-1.453638,-5.653154,-1,2
68475,572874,422.731766,36100.561180,36100.670080,1, 0, 0, 1,-9.057439,3.980859,-15.123777,-1,2
68475,572875,423.026764,36100.856177,36100.965077,1, 0, 0, 1,-4.116580,8.896098,12.880646,-1,2
68475,572876,423.037831,36100.867245,36100.976145,1, 0, 0, 1,-0.585548,-5.883334,12.157492,-1,2
68475,572877,423.052245,36100.881658,36100.990559,0, 0, 0, 0,-99.000000,-99.000000,-99.000000,-1,1
68475,572878,423.201900,36101.031314,36101.140214,1, 0, 0, 1,-2.542779,-0.316545,-0.825161,-1,2
68475,572879,423.398367,36101.227780,36101.336680,1, 0, 0, 1,-3.239050,-9.524705,12.135853,-1,2
68475,572880,423.591060,36101.420472,36101.529373,0, 0, 0, 0,-99.000000,-99.000000,-99.000000,-1,1
68475,572881,423.602486,36101.431899,36101.540800,0, 0, 0, 0,-99.000000,-99.000000,-99.000000,-1,1
68475,572882,423.658134,36101.487546,36101.596448,0, 0, 0, 0,-99.000000,-99.000000,-99.000000,-1,1
68475,572883,423.736178,36101.565590,36101.674492,1, 0, 0, 1,6.248501,3.432384,15.879022,-1,2
68475,572884,423.776815,36101.606227,36101.715128,0, 0, 0, 0,-99.000000,-99.000000,-99.000000,-1,1
68475,572885,424.068512,36101.897923,36102.006826,1, 0, 0, 1,2.703682,-4.584248,7.203283,-1,2
68475,572886,424.262661,36102.092072,36102.200974,0, 0, 0, 0,-99.000000,-99.000000,-99.000000,-1,1
68475,572887,424.342373,36102.171784,36102.280687,1, 0, 0, 1,-0.018805,2.317566,-9.774149,-1,2
68475,572888,424.370902,36102.200313,36102.309215,1, 0, 0, 1,8.481903,0.223492,6.590271,-1,2
68475,572889,424.530986,36102.360397,36102.469300,1, 0, 0, 1,5.140911,3.488060,-0.138394,-1,2
68475,572890,424.536284,36102.365695,36102.474598,0, 0, 0, 0,-99.000000,-99.000000,-99.000000,-1,0
68475,572891,424.639559,36102.468969,36102.577872,0, 0, 0, 0,-99.000000,-99.000000,-99.000000,-1,1
68475,572892,425.007167,36102.836577,36102.945481,0, 0, 0, 0,-99.000000,-99.000000,-99.000000,-1,1
68475,572893,425.143728,36102.973137,36103.082041,0, 0, 0, 0,-99.000000,-99.000000,-99.000000,-1,1
68475,572894,425.513908,36103.343317,36103.452222,1, 0, 0, 1,-8.013832,-1.315371,20.017709,-1,2
68475,572895,425.616019,36103.445427,36103.554332,1, 0, 0, 1,7.339071,-6.904131,-19.118804,-1,2
68475,572896,425.646894,36103.476302,36103.585207,1, 0, 0, 1,6.733327,-1.694062,-1.748618,-1,2
68475,572897,425.739163,36103.568571,36103.677476,0, 0, 0, 0,-99.000000,-99.000000,-99.000000,-1,0
68475,572898,425.778095,36103.607503,36103.716409,0, 0, 0, 0,-99.000000,-99.000000,-99.000000,-1,1
68475,572899,425.779021,36103.608429,36103.717334,1, 1, 0, 1,3.198201,1.665344,4.483967,-1,2
68475,572900,425.789575,36103.618983,36103.727889,1, 0, 0, 1,2.457760,-0.780185,6.962085,-1,2
68475,572901,425.918633,36103.748040,36103.856946,1, 0, 0, 1,-5.030610,13.229392,24.051984,-1,2
68475,572902,425.927581,36103.756988,36103.865894,1, 0, 0, 1,2.740128,-0.693908,8.469436,-1,2
68475,572903,425.977427,36103.806834,36103.915740,0, 0, 0, 0,-99.000000,-99.000000,-99.000000,-1,1
68475,572904,426.039196,36103.868603,36103.977509,1, 0, 0, 1,-2.708903,7.513301,10.098807,-1,2
68475,572905,426.166363,36103.995770,36104.104676,0, 0, 0, 0,-99.000000,-99.000000,-99.000000,-1,1
68475,572906,426.253818,36104.083225,36104.192131,0, 0, 0, 0,-99.000000,-99.000000,-99.000000,-1,1
68475,572907,426.281646,36104.111053,36104.219960,1, 0, 0, 1,-7.652020,-0.362901,-5.427194,-1,2
68475,572908,426.455563,36104.284969,36104.393876,1, 0, 0, 1,-3.827949,0.952001,3.511129,-1,2
68475,572909,426.562367,36104.391773,36104.500680,0, 0, 0, 0,-99.000000,-99.000000,-99.000000,-1,1
68475,572910,426.619108,36104.448515,36104.557422,1, 0, 0, 1,-9.560430,-2.352024,-8.674035,-1,2
68475,572911,426.641936,36104.471342,36104.580250,0, 0, 0, 0,-99.000000,-99.000000,-99.000000,-1,0
68475,572912,426.956223,36104.785628,36104.894536,1, 0, 0, 1,7.397268,-3.482399,-9.068312,-1,2
68475,572913,427.077409,36104.906815,36105.015723,0, 0, 0, 0,-99.000000,-99.000000,-99.000000,-1,1
68475,572914,427.355846,36105.185251,36105.294160,1, 0, 0, 1,-5.850411,2.674480,-15.213391,-1,2
68475,572915,427.505845,36105.335250,36105.444159,0, 0, 0, 0,-99.000000,-99.000000,-99.000000,-1,0
68475,572916,427.557035,36105.386440,36105.495349,1, 0, 0, 1,4.136270,-1.187075,-16.033536,-1,2
68475,572917,427.572067,36105.401471,36105.510380,1, 0, 0, 1,-3.660240,-5.037526,-6.711647,-1,2
68475,572918,427.580795,36105.410199,36105.519108,1, 0, 0, 1,6.136150,-0.139016,11.706924,-1,2
68475,572919,427.586275,36105.415679,36105.524588,1, 0, 0, 1,4.068062,-7.150252,1.376793,-1,6
68475,572920,427.690494,36105.519898,36105.628808,1, 0, 0, 1,2.745681,-3.244538,20.385850,-1,2
68475,572921,427.701846,36105.531250,36105.640160,0, 0, 0, 0,-99.000000,-99.000000,-99.000000,-1,0
68475,572922,427.824403,36105.653806,36105.762716,1, 0, 0, 1,-6.791756,-2.903723,17.760438,-1,2
68475,572923,427.849270,36105.678674,36105.787583,1, 0, 0, 1,2.822755,-9.447598,-16.033882,-1,2
68475,572924,427.893259,36105.722663,36105.831573,1, 0, 0, 1,-7.121186,-1.221003,-6.007326,-1,2
68475,572925,428.638556,36106.467958,36106.576869,1, 0, 0, 1,1.648556,-3.968275,3.234138,-1,2
68475,572926,428.814930,36106.644332,36106.753243,1, 0, 0, 1,-4.225538,-6.975852,14.008728,-1,2
68475,572927,428.815681,36106.645083,36106.753995,1, 0, 0, 1,5.856812,-2.091477,-3.230857,-1,2
68475,572928,429.003146,36106.832547,36106.941459,1, 0, 0, 1,3.285468,9.101303,-11.871899,-1,2
68475,572929,429.168948,36106.998349,36107.107261,1, 0, 0, 1,-4.532300,-4.004245,13.048249,-1,3
68475,572930,429.476028,36107.305428,36107.414342,0, 0, 0, 0,-99.000000,-99.000000,-99.000000,-1,1
68475,572931,429.585440,36107.414841,36107.523754,0, 0, 0, 0,-99.000000,-99.000000,-99.000000,-1,1
68475,572932,429.681803,36107.511203,36107.620116,0, 0, 0, 0,-99.000000,-99.000000,-99.000000,-1,1
68475,572933,429.827381,36107.656780,36107.765694,0, 0, 0, 0,-99.000000,-99.000000,-99.000000,-1,0
68475,572934,429.946188,36107.775587,36107.884501,1, 0, 0, 1,-3.439720,10.733954,13.649967,-1,2
68475,572935,429.972381,36107.801780,36107.910694,0, 0, 0, 0,-99.000000,-99.000000,-99.000000,-1,0
68475,572936,429.990014,36107.819413,36107.928327,1, 0, 0, 1,-0.917907,2.999668,-18.274377,-1,2
68475,572937,430.112567,36107.941966,36108.050881,0, 0, 0, 0,-99.000000,-99.000000,-99.000000,-1,1
68475,572938,430.175116,36108.004515,36108.113429,1, 0, 0, 1,6.240625,2.097713,-13.300342,-1,2
68475,572939,430.247853,36108.077252,36108.186166,1, 0, 0, 1,-0.652436,3.870388,-10.878089,-1,2
68475,572940,430.295340,36108.124739,36108.233653,1, 0, 0, 1,-3.983195,5.378075,-12.984554,-1,2
68475,572941,430.781180,36108.610578,36108.719494,1, 0, 0, 1,0.962521,-4.096176,-4.999436,-1,2
68475,572942,430.822157,36108.651555,36108.760471,1, 1, 0, 1,-0.896501,-3.753826,-12.783960,-1,2
68475,572943,431.022811,36108.852209,36108.961125,1, 0, 0, 1,0.007269,-2.742618,-3.019332,-1,2
68475,572944,431.035366,36108.864763,36108.973680,0, 0, 0, 0,-99.000000,-99.000000,-99.000000,-1,1
68475,572945,431.116963,36108.946360,36109.055276,1, 0, 0, 1,5.384149,2.503986,-13.849759,-1,2
68475,572946,431.151403,36108.980800,36109.089716,1, 0, 0, 1,-1.538700,9.422040,13.027962,-1,2
68475,572947,431.217279,36109.046676,36109.155593,1, 0, 0, 1,-3.658598,7.753661,4.153455,-1,2
68475,572948,431.240865,36109.070261,36109.179178,0, 0, 0, 0,-99.000000,-99.000000,-99.000000,-1,0
68475,572949,431.261970,36109.091367,36109.200284,1, 0, 0, 1,-4.382466,0.044959,11.494851,-1,2
68475,572950,431.300775,36109.130172,36109.239088,1, 0, 0, 1,1.582677,2.468658,20.539119,-1,2
68475,572951,431.500355,36109.329751,36109.438669,1, 0, 0, 1,-0.573489,9.937607,-14.734823,-1,2
68475,572952,431.633568,36109.462964,36109.571882,1, 0, 0, 1,2.226722,1.182682,6.739479,-1,2
68475,572953,431.873473,36109.702868,36109.811786,1, 0, 0, 1,6.860350,-5.162251,16.730550,-1,2
68475,572954,432.067915,36109.897310,36110.006228,1, 0, 0, 1,2.958815,6.211757,-12.141835,-1,2
68475,572955,432.070991,36109.900386,36110.009304,0, 0, 0, 0,-99.000000,-99.000000,-99.000000,-1,1
68475,572956,432.225901,36110.055296,36110.164215,1, 0, 0, 1,-2.924006,7.252210,-4.675148,-1,2
68475,572957,432.229487,36110.058881,36110.167800,1, 0, 0, 1,-0.148880,6.037795,-16.834301,-1,2
68475,572958,432.251094,36110.080489,36110.189408,0, 0, 0, 0,-99.000000,-99.000000,-99.000000,-1,1
68475,572959,432.305922,36110.135317,36110.244236,1, 0, 0, 1,3.203564,4.869596,-9.191749,-1,2
68475,572960,432.428049,36110.257443,36110.366363,1, 0, 0, 1,4.980909,6.133642,-7.260793,-1,2
68475,572961,432.573153,36110.402547,36110.511467,1, 0, 0, 1,-3.473556,-7.581576,12.996563,-1,2
68475,572962,432.628665,36110.458059,36110.566978,1, 0, 0, 1,3.262251,-6.391026,-18.818700,-1,2
68475,572963,432.737659,36110.567052,36110.675972,1, 0, 0, 1,-3.066653,-0.528371,-4.333907,-1,2
68475,572964,432.997297,36110.826690,36110.935610,1, 0, 0, 1,2.503854,-8.667353,18.060583,-1,2
68475,572965,433.049661,36110.879055,36110.987975,1, 0, 0, 1,-2.494291,-8.932738,-14.206766,-1,2
68475,572966,433.055768,36110.885161,36110.994082,0, 0, 0, 0,-99.000000,-99.000000,-99.000000,-1,0
68475,572967,433.071211,36110.900604,36111.009524,1, 0, 0, 1,-2.272817,1.433182,-8.735657,-1,2
68475,572968,433.123578,36110.952971,36111.061892,1, 0, 0, 1,6.841067,4.697162,-2.482410,-1,3
68475,572969,433.426793,36111.256185,36111.365106,1, 0, 0, 1,3.987376,-12.484028,17.710663,-1,2
68475,572970,433.518598,36111.347991,36111.456912,1, 0, 0, 1,2.546963,2.662162,-3.905861,-1,2
68475,572971,433.650065,36111.479457,36111.588379,1, 0, 0, 1,3.644429,1.801253,6.615306,-1,2
68475,572972,433.668625,36111.498017,36111.606939,0, 0, 0, 0,-99.000000,-99.000000,-99.000000,-1,1
68475,572973,433.768421,36111.597812,36111.706734,1, 0, 0, 1,2.250777,-2.117817,13.479062,-1,2
68475,572974,434.037739,36111.867130,36111.976052,0, 0, 0, 0,-99.000000,-99.000000,-99.000000,-1,0
68475,572975,434.220896,36112.050287,36112.159210,0, 0, 0, 0,-99.000000,-99.000000,-99.000000,-1,1
68475,572976,434.299634,36112.129025,36112.237948,0, 0, 0, 0,-99.000000,-99.000000,-99.000000,-1,0
68475,572977,434.328461,36112.157851,36112.266774,0, 0, 0, 0,-99.000000,-99.000000,-99.000000,-1,1
68475,572978,434.355157,36112.184547,36112.293470,0, 0, 0, 0,-99.000000,-99.000000,-99.000000,-1,1
68475,572979,434.421896,36112.251286,36112.360209,0, 0, 0, 0,-99.000000,-99.000000,-99.000000,-1,1
68475,572980,434.560110,36112.389500,36112.498423,0, 0, 0, 0,-99.000000,-99.000000,-99.000000,-1,0
68475,572981,434.723424,36112.552814,36112.661738,1, 0, 0, 1,6.234876,-2.651540,-8.103651,-1,2
68475,572982,434.756139,36112.585529,36112.694453,1, 0, 0, 1,-1.226498,3.148525,13.670435,-1,2
68475,572983,434.945531,36112.774921,36112.883845,0, 0, 0, 0,-99.000000,-99.000000,-99.000000,-1,1
68475,572984,434.979389,36112.808778,36112.917703,1, 0, 0, 1,1.496285,-2.880492,12.248277,-1,2
68475,572985,435.002964,36112.832354,36112.941278,0, 0, 0, 0,-99.000000,-99.000000,-99.000000,-1,0
68475,572986,435.155401,36112.984790,36113.093715,0, 0, 0, 0,-99.000000,-99.000000,-99.000000,-1,1
68475,572987,435.343087,36113.172475,36113.281400,0, 0, 0, 0,-99.000000,-99.000000,-99.000000,-1,1
68475,572988,435.610264,36113.439652,36113.548577,0, 0, 0, 0,-99.000000,-99.000000,-99.000000,-1,1
68475,572989,435.700991,36113.530379,36113.639304,1, 0, 0, 1,5.350921,1.326923,-14.280531,-1,2
68475,572990,435.726127,36113.555515,36113.664441,0, 0, 0, 0,-99.000000,-99.000000,-99.000000,-1,1
68475,572991,435.784897,36113.614285,36113.723211,0, 0, 0, 0,-99.000000,-99.000000,-99.000000,-1,1
68475,572992,435.796380,36113.625767,36113.734693,1, 0, 0, 1,4.277750,1.239350,-0.832412,-1,2
68475,572993,435.998320,36113.827707,36113.936633,1, 0, 0, 1,-2.898357,-1.902753,-6.145215,-1,2
68475,572994,436.115081,36113.944468,36114.053394,1, 0, 0, 1,-4.869013,-0.001305,18.036278,-1,2
68475,572995,436.278552,36114.107939,36114.216866,1, 0, 0, 1,-12.210482,-3.284298,17.575161,-1,2
68475,572996,436.315450,36114.144837,36114.253764,1, 0, 0, 1,3.356960,-8.260402,-2.179146,-1,2
68475,572997,436.343427,36114.172813,36114.281740,0, 0, 0, 0,-99.000000,-99.000000,-99.000000,-1,1
68475,572998,436.439229,36114.268616,36114.377543,1, 0, 0, 1,4.461456,-4.624430,3.664802,-1,2
68475,572999,436.518379,36114.347765,36114.456692,0, 0, 0, 0,-99.000000,-99.000000,-99.000000,-1,1
68475,573000,436.602745,36114.432131,36114.541058,1, 0, 0, 1,-3.785808,-0.118998,14.226436,-1,2
68475,573001,436.648116,36114.477502,36114.586430,1, 0, 0, 1,7.932741,0.137139,-0.731526,-1,2
68475,573002,436.932140,36114.761525,36114.870453,1, 0, 0, 1,-6.522789,-6.173117,18.307821,-1,2
68475,573003,437.044120,36114.873505,36114.982434,0, 0, 0, 0,-99.000000,-99.000000,-99.000000,-1,1
68475,573004,437.334251,36115.163636,36115.272565,0, 0, 0, 0,-99.000000,-99.000000,-99.000000,-1,0
68475,573005,437.514539,36115.343923,36115.452852,1, 0, 0, 1,-8.462630,2.292877,-15.750417,-1,2
68475,573006,437.644082,36115.473466,36115.582395,1, 0, 0, 1,2.669363,0.459282,5.253958,-1,2
68475,573007,437.648289,36115.477673,36115.586603,1, 0, 0, 1,2.295900,-4.100512,-6.173358,-1,2
68475,573008,437.651054,36115.480438,36115.589368,0, 0, 0, 0,-99.000000,-99.000000,-99.000000,-1,1
68475,573009,437.986398,36115.815781,36115.924711,1, 0, 0, 1,0.847373,8.284511,-10.195409,-1,3
68475,573010,438.018368,36115.847751,36115.956681,0, 0, 0, 0,-99.000000,-99.000000,-99.000000,-1,0
68475,573011,438.283061,36116.112444,36116.221375,1, 0, 0, 1,4.680285,-4.109463,-14.977009,-1,2
68475,573012,438.380505,36116.209888,36116.318819,0, 0, 0, 0,-99.000000,-99.000000,-99.000000,-1,1
68475,573013,438.545916,36116.375298,36116.484229,1, 0, 0, 1,-5.656701,2.501968,14.324877,-1,2
68475,573014,438.618133,36116.447515,36116.556447,1, 0, 0, 1,-5.782493,-2.925253,-13.234887,-1,2
68475,573015,438.777428,36116.606810,36116.715742,0, 0, 0, 0,-99.000000,-99.000000,-99.000000,-1,0
68475,573016,439.017304,36116.846685,36116.955618,0, 0, 0, 0,-99.000000,-99.000000,-99.000000,-1,1
68475,573017,439.068795,36116.898176,36117.007108,0, 0, 0, 0,-99.000000,-99.000000,-99.000000,-1,1
68475,573018,439.108380,36116.937761,36117.046694,0, 0, 0, 0,-99.000000,-99.000000,-99.000000,-1,0
68475,573019,439.129636,36116.959017,36117.067950,1, 0, 0, 1,0.202257,-0.765183,-4.136965,-1,2
68475,573020,439.227766,36117.057146,36117.166079,0, 0, 0, 0,-99.000000,-99.000000,-99.000000,-1,1
68475,573021,439.260869,36117.090250,36117.199182,0, 0, 0, 0,-99.000000,-99.000000,-99.000000,-1,1
68475,573022,439.435305,36117.264686,36117.373619,0, 0, 0, 0,-99.000000,-99.000000,-99.000000,-1,1
68475,573023,439.468900,36117.298280,36117.407213,0, 0, 0, 0,-99.000000,-99.000000,-99.000000,-1,1
68475,573024,439.521662,36117.351042,36117.459976,0, 0, 0, 0,-99.000000,-99.000000,-99.000000,-1,1
68475,573025,439.601262,36117.430642,36117.539576,1, 0, 0, 1,-4.388791,0.012707,-9.958209,-1,2
68475,573026,439.612293,36117.441673,36117.550607,1, 0, 0, 1,0.238679,-2.396052,-6.794826,-1,2
68475,573027,439.621906,36117.451285,36117.560219,1, 0, 0, 1,0.175111,4.221107,-10.588299,-1,2
68475,573028,439.753173,36117.582553,36117.691487,1, 0, 0, 1,-0.299358,-1.248526,0.165438,-1,2
68475,573029,440.052476,36117.881855,36117.990790,1, 0, 0, 1,5.678792,-4.368262,15.935887,-1,2
68475,573030,440.178035,36118.007414,36118.116348,0, 0, 0, 0,-99.000000,-99.000000,-99.000000,-1,0
68475,573031,440.286670,36118.116049,36118.224984,1, 0, 0, 1,6.431404,2.351626,-3.810429,-1,2
68475,573032,440.510937,36118.340315,36118.449250,1, 0, 0, 1,5.514113,-5.975856,-8.803139,-1,2
68475,573033,440.625501,36118.454879,36118.563814,1, 0, 0, 1,-5.531827,1.376444,-11.797800,-1,2
68475,573034,440.639544,36118.468922,36118.577857,0, 0, 0, 0,-99.000000,-99.000000,-99.000000,-1,1
68475,573035,440.700141,36118.529519,36118.638454,1, 0, 0, 1,5.868856,-0.239446,-14.981951,-1,2
68475,573036,440.721512,36118.550889,36118.659825,0, 0, 0, 0,-99.000000,-99.000000,-99.000000,-1,1
68475,573037,440.799788,36118.629166,36118.738102,0, 0, 0, 0,-99.000000,-99.000000,-99.000000,-1,1
68475,573038,440.847891,36118.677269,36118.786205,0, 0, 0, 0,-99.000000,-99.000000,-99.000000,-1,1
68475,573039,440.859062,36118.688439,36118.797376,1, 0, 0, 1,4.125045,-1.366039,9.301455,-1,2
68475,573040,440.877290,36118.706667,36118.815603,1, 0, 0, 1,-1.786206,5.296205,-7.932981,-1,2
68475,573041,440.906819,36118.736196,36118.845132,1, 0, 0, 1,5.890465,-1.682964,13.425343,-1,2
68475,573042,441.014748,36118.844125,36118.953061,0, 0, 0, 0,-99.000000,-99.000000,-99.000000,-1,1
68475,573043,441.354616,36119.183992,36119.292929,1, 0, 0, 1,-1.709408,3.596033,5.227143,-1,2
68475,573044,441.382166,36119.211542,36119.320479,0, 0, 0, 0,-99.000000,-99.000000,-99.000000,-1,0
68475,573045,441.434622,36119.263998,36119.372935,1, 0, 0, 1,-1.665249,4.741888,15.247403,-1,2
68475,573046,441.477668,36119.307044,36119.415982,1, 0, 0, 1,-1.554414,-2.770037,13.682926,-1,2
68475,573047,441.715156,36119.544531,36119.653469,1, 0, 0, 1,6.209481,-6.783489,-2.380307,-1,2
68475,573048,441.731648,36119.561024,36119.669962,1, 0, 0, 1,-2.570423,3.224715,-6.251188,-1,2
68475,573049,442.026136,36119.855511,36119.964449,0, 0, 0, 0,-99.000000,-99.000000,-99.000000,-1,0
68475,573050,442.180742,36120.010117,36120.119055,1, 0, 0, 1,3.789122,5.822176,-13.656513,-1,2
68475,573051,442.190688,36120.020062,36120.129001,0, 0, 0, 0,-99.000000,-99.000000,-99.000000,-1,0
68475,573052,442.193020,36120.022395,36120.131334,0, 0, 0, 0,-99.000000,-99.000000,-99.000000,-1,1
68475,573053,442.212363,36120.041738,36120.150677,0, 0, 0, 0,-99.000000,-99.000000,-99.000000,-1,1
68475,573054,442.463786,36120.293160,36120.402099,0, 0, 0, 0,-99.000000,-99.000000,-99.000000,-1,1
68475,573055,442.513198,36120.342572,36120.451512,1, 0, 0, 1,7.328065,-0.788666,9.092757,-1,2
68475,573056,442.785341,36120.614715,36120.723655,0, 0, 0, 0,-99.000000,-99.000000,-99.000000,-1,1
68475,573057,442.804094,36120.633467,36120.742407,0, 0, 0, 0,-99.000000,-99.000000,-99.000000,-1,1
68475,573058,442.820018,36120.649392,36120.758332,1, 0, 0, 1,5.258688,-2.151571,-11.573747,-1,2
68475,573059,442.992733,36120.822106,36120.931046,1, 0, 0, 1,9.999981,8.741518,-4.112724,-1,3
68475,573060,443.396616,36121.225988,36121.334930,0, 0, 0, 0,-99.000000,-99.000000,-99.000000,-1,0
68475,573061,443.425748,36121.255121,36121.364062,0, 0, 0, 0,-99.000000,-99.000000,-99.000000,-1,1
68475,573062,443.432998,36121.262371,36121.371312,1, 0, 0, 1,4.120671,5.167741,-4.757618,-1,2
68475,573063,443.438401,36121.267773,36121.376715,0, 0, 0, 0,-99.000000,-99.000000,-99.000000,-1,0
68475,573064,443.471207,36121.300580,36121.409521,0, 0, 0, 0,-99.000000,-99.000000,-99.000000,-1,0
68475,573065,443.570459,36121.399830,36121.508772,0, 0, 0, 0,-99.000000,-99.000000,-99.000000,-1,1
68475,573066,443.587911,36121.417283,36121.526225,1, 0, 0, 1,5.527802,-3.257277,-16.491988,-1,2
68475,573067,443.783581,36121.612953,36121.721895,1, 0, 0, 1,6.321484,2.593781,13.094672,-1,2
68475,573068,443.844381,36121.673752,36121.782695,1, 0, 0, 1,4.434053,4.064280,-16.839975,-1,2
68475,573069,443.923203,36121.752574,36121.861517,0, 0, 0, 0,-99.000000,-99.000000,-99.000000,-1,0
68475,573070,444.043510,36121.872881,36121.981824,0, 0, 0, 0,-99.000000,-99.000000,-99.000000,-1,1
68475,573071,444.270291,36122.099661,36122.208604,1, 0, 0, 1,2.348021,5.988159,-10.163342,-1,2
68475,573072,444.457633,36122.287003,36122.395946,1, 0, 0, 1,5.603333,3.069003,-13.841573,-1,2
68475,573073,444.603127,36122.432496,36122.541440,1, 0, 0, 1,-5.345810,3.040441,10.545623,-1,4
68475,573074,444.632275,36122.461645,36122.570589,1, 0, 0, 1,3.717486,10.046958,-17.792137,-1,2
68475,573075,444.680424,36122.509793,36122.618737,0, 0, 0, 0,-99.000000,-99.000000,-99.000000,-1,1
68475,573076,444.720570,36122.549939,36122.658883,0, 0, 0, 0,-99.000000,-99.000000,-99.000000,-1,0
68475,573077,444.754528,36122.583898,36122.692842,1, 0, 0, 1,-5.249185,4.528031,0.843771,-1,2
68475,573078,444.790863,36122.620232,36122.729176,0, 0, 0, 0,-99.000000,-99.000000,-99.000000,-1,0
68475,573079,444.824154,36122.653523,36122.762467,1, 0, 0, 1,-8.771783,-2.952244,-14.293557,-1,4
68475,573080,444.878565,36122.707934,36122.816878,1, 0, 0, 1,2.852602,0.415873,-13.355945,-1,2
68475,573081,445.097954,36122.927322,36123.036267,0, 0, 0, 0,-99.000000,-99.000000,-99.000000,-1,0
68475,573082,445.388265,36123.217633,36123.326578,1, 0, 0, 1,0.209125,5.577046,12.266721,-1,2
68475,573083,445.426095,36123.255463,36123.364408,1, 0, 0, 1,-3.661403,4.640733,1.249085,-1,2
68475,573084,445.935395,36123.764762,36123.873709,0, 0, 0, 0,-99.000000,-99.000000,-99.000000,-1,1
68475,573085,445.947994,36123.777361,36123.886308,0, 0, 0, 0,-99.000000,-99.000000,-99.000000,-1,0
68475,573086,445.978051,36123.807418,36123.916364,1, 0, 0, 1,-2.165649,-1.484271,-2.428407,-1,2
68475,573087,446.038953,36123.868320,36123.977267,1, 0, 0, 1,3.480003,-8.672153,19.196703,-1,2
68475,573088,446.094438,36123.923804,36124.032751,1, 0, 0, 1,-8.160403,3.050323,-17.076616,-1,2
68475,573089,446.231997,36124.061364,36124.170311,0, 0, 0, 0,-99.000000,-99.000000,-99.000000,-1,1
68475,573090,446.270169,36124.099536,36124.208483,1, 0, 0, 1,-3.221770,-3.257068,-9.058499,-1,2
68475,573091,446.426379,36124.255745,36124.364692,1, 0, 0, 1,7.140447,-0.289601,2.402286,-1,2
68475,573092,446.547425,36124.376791,36124.485739,0, 0, 0, 0,-99.000000,-99.000000,-99.000000,-1,1
68475,573093,446.673369,36124.502735,36124.611683,0, 0, 0, 0,-99.000000,-99.000000,-99.000000,-1,0
68475,573094,446.703183,36124.532549,36124.641497,1, 0, 0, 1,-2.036824,6.349695,-10.673479,-1,2
68475,573095,446.714393,36124.543759,36124.652707,1, 0, 0, 1,4.253086,7.752102,13.309132,-1,2
68475,573096,446.755878,36124.585244,36124.694192,1, 0, 0, 1,-7.722097,-1.961868,-9.963217,-1,2
68475,573097,446.766276,36124.595641,36124.704589,0, 0, 0, 0,-99.000000,-99.000000,-99.000000,-1,0
68475,573098,446.785433,36124.614799,36124.723747,1, 0, 0, 1,2.462690,-2.327668,12.272337,-1,2
68475,573099,446.952433,36124.781798,36124.890746,0, 0, 0, 0,-99.000000,-99.000000,-99.000000,-1,1
68475,573100,447.184329,36125.013694,36125.122643,0, 0, 0, 0,-99.000000,-99.000000,-99.000000,-1,0
68475,573101,447.407087,36125.236451,36125.345400,1, 0, 0, 1,4.672989,1.854319,-11.321772,-1,2
68475,573102,447.614313,36125.443677,36125.552627,1, 0, 0, 1,-1.937400,4.245997,-16.611971,-1,2
68475,573103,447.737472,36125.566836,36125.675786,0, 0, 0, 0,-99.000000,-99.000000,-99.000000,-1,1
68475,573104,447.964324,36125.793687,36125.902638,0, 0, 0, 0,-99.000000,-99.000000,-99.000000,-1,1
68475,573105,448.167004,36125.996367,36126.105318,1, 0, 0, 1,4.829503,-5.708003,-2.485959,-1,2
68475,573106,448.270802,36126.100165,36126.209116,1, 0, 0, 1,6.444482,5.007878,15.726584,-1,2
68475,573107,448.509258,36126.338620,36126.447571,0, 0, 0, 0,-99.000000,-99.000000,-99.000000,-1,1
68475,573108,448.890228,36126.719589,36126.828541,0, 0, 0, 0,-99.000000,-99.000000,-99.000000,-1,1
68475,573109,448.891844,36126.721205,36126.830158,1, 0, 0, 1,2.938988,-6.678445,11.668859,-1,2
68475,573110,448.918281,36126.747642,36126.856595,0, 0, 0, 0,-99.000000,-99.000000,-99.000000,-1,1
68475,573111,448.945679,36126.775040,36126.883992,1, 0, 0, 1,2.191472,-3.262868,18.746079,-1,2
68475,573112,448.945977,36126.775338,36126.884290,1, 0, 0, 1,-0.990831,3.604022,-11.535813,-1,2
68475,573113,448.953949,36126.783310,36126.892263,1, 0, 0, 1,7.301213,-0.048387,-0.757160,-1,9
68475,573114,448.974962,36126.804323,36126.913276,0, 0, 0, 0,-99.000000,-99.000000,-99.000000,-1,1
68475,573115,449.019342,36126.848702,36126.957655,1, 0, 0, 1,4.846416,4.493186,12.303258,-1,2
68475,573116,449.044566,36126.873927,36126.982880,0, 0, 0, 0,-99.000000,-99.000000,-99.000000,-1,0
68475,573117,449.123598,36126.952959,36127.061912,0, 0, 0, 0,-99.000000,-99.000000,-99.000000,-1,1
68475,573118,449.194291,36127.023652,36127.132605,0, 0, 0, 0,-99.000000,-99.000000,-99.000000,-1,1
68475,573119,449.208641,36127.038002,36127.146955,0, 0, 0, 0,-99.000000,-99.000000,-99.000000,-1,1
68475,573120,449.211334,36127.040694,36127.149647,0, 0, 0, 0,-99.000000,-99.000000,-99.000000,-1,0
68475,573121,449.250189,36127.079550,36127.188503,0, 0, 0, 0,-99.000000,-99.000000,-99.000000,-1,1
68475,573122,449.291870,36127.121230,36127.230183,1, 0, 0, 1,-0.277671,-6.990589,-7.837809,-1,2
68475,573123,449.294060,36127.123420,36127.232373,1, 0, 0, 1,-8.981441,-4.392707,-21.650459,-1,2
68475,573124,449.441831,36127.271191,36127.380144,0, 0, 0, 0,-99.000000,-99.000000,-99.000000,-1,1
68475,573125,449.475032,36127.304392,36127.413345,0, 0, 0, 0,-99.000000,-99.000000,-99.000000,-1,1
68475,573126,449.494520,36127.323880,36127.432833,1, 0, 0, 1,2.741971,3.229893,16.879770,-1,2
68475,573127,449.948085,36127.777444,36127.886398,0, 0, 0, 0,-99.000000,-99.000000,-99.000000,-1,1
68475,573128,449.952102,36127.781461,36127.890415,0, 0, 0, 0,-99.000000,-99.000000,-99.000000,-1,1
68475,573129,450.199538,36128.028897,36128.137852,0, 0, 0, 0,-99.000000,-99.000000,-99.000000,-1,0
68475,573130,450.220384,36128.049742,36128.158697,1, 0, 0, 1,-0.764146,-10.202021,20.851730,-1,2
68475,573131,450.296400,36128.125758,36128.234714,1, 0, 0, 1,3.598057,8.685361,-3.127836,-1,2
68475,573132,450.378637,36128.207995,36128.316950,0, 0, 0, 0,-99.000000,-99.000000,-99.000000,-1,1
68475,573133,450.418967,36128.248325,36128.357281,0, 0, 0, 0,-99.000000,-99.000000,-99.000000,-1,1
68475,573134,450.514009,36128.343367,36128.452323,0, 0, 0, 0,-99.000000,-99.000000,-99.000000,-1,1
68475,573135,450.632765,36128.462122,36128.571078,0, 0, 0, 0,-99.000000,-99.000000,-99.000000,-1,1
68475,573136,450.923048,36128.752405,36128.861361,1, 0, 0, 1,6.872779,1.323143,-7.845786,-1,2
68475,573137,450.955604,36128.784961,36128.893917,1, 0, 0, 1,0.070455,-0.012016,15.001232,-1,2
68475,573138,451.011707,36128.841064,36128.950020,0, 0, 0, 0,-99.000000,-99.000000,-99.000000,-1,1
68475,573139,451.024558,36128.853915,36128.962872,0, 0, 0, 0,-99.000000,-99.000000,-99.000000,-1,1
68475,573140,451.102257,36128.931614,36129.040571,0, 0, 0, 0,-99.000000,-99.000000,-99.000000,-1,0
68475,573141,451.116130,36128.945486,36129.054443,1, 0, 0, 1,6.657450,8.391025,5.137430,-1,2
68475,573142,451.151058,36128.980414,36129.089371,0, 0, 0, 0,-99.000000,-99.000000,-99.000000,-1,1
68475,573143,451.176534,36129.005891,36129.114848,0, 0, 0, 0,-99.000000,-99.000000,-99.000000,-1,1
68475,573144,451.194683,36129.024040,36129.132997,1, 0, 0, 1,2.887842,-2.287728,14.415561,-1,2
68475,573145,451.340973,36129.170329,36129.279287,0, 0, 0, 0,-99.000000,-99.000000,-99.000000,-1,1
68475,573146,451.441164,36129.270520,36129.379477,0, 0, 0, 0,-99.000000,-99.000000,-99.000000,-1,1
68475,573147,451.499987,36129.329343,36129.438301,0, 0, 0, 0,-99.000000,-99.000000,-99.000000,-1,1
68475,573148,451.703763,36129.533119,36129.642077,1, 0, 0, 1,5.474505,-2.746247,-4.187200,-1,2
68475,573149,451.741148,36129.570503,36129.679462,1, 0, 0, 1,2.694751,-1.706240,9.406674,-1,2
68475,573150,451.822136,36129.651492,36129.760450,0, 0, 0, 0,-99.000000,-99.000000,-99.000000,-1,0
68475,573151,451.906006,36129.735361,36129.844319,1, 0, 0, 1,1.123301,-4.856654,-17.768545,-1,2
68475,573152,452.419719,36130.249073,36130.358032,1, 0, 0, 1,1.306386,3.936897,-17.410206,-1,2
68475,573153,452.451875,36130.281229,36130.390188,1, 0, 0, 1,5.835865,0.455740,-18.139093,-1,2
68475,573154,452.499793,36130.329147,36130.438107,1, 0, 0, 1,1.727707,-8.455213,10.875094,-1,2
68475,573155,452.568148,36130.397501,36130.506461,0, 0, 0, 0,-99.000000,-99.000000,-99.000000,-1,1
68475,573156,452.682509,36130.511863,36130.620823,1, 0, 0, 1,4.075532,-5.577415,-8.488879,-1,2
68475,573157,452.849624,36130.678977,36130.787938,0, 0, 0, 0,-99.000000,-99.000000,-99.000000,-1,1
68475,573158,453.210049,36131.039401,36131.148363,0, 0, 0, 0,-99.000000,-99.000000,-99.000000,-1,0
68475,573159,453.231615,36131.060968,36131.169929,0, 0, 0, 0,-99.000000,-99.000000,-99.000000,-1,1
68475,573160,453.362284,36131.191636,36131.300598,1, 0, 0, 1,-7.520630,4.005942,13.324559,-1,2
68475,573161,453.445431,36131.274783,36131.383744,1, 0, 0, 1,-2.268072,8.570142,15.842839,-1,2
68475,573162,453.689562,36131.518913,36131.627876,1, 0, 0, 1,0.204990,-9.974908,20.173935,-1,3
68475,573163,453.791761,36131.621112,36131.730074,0, 0, 0, 0,-99.000000,-99.000000,-99.000000,-1,0
68475,573164,453.829271,36131.658623,36131.767585,1, 0, 0, 1,-6.007339,2.322869,-10.410827,-1,2
68475,573165,453.844862,36131.674214,36131.783176,0, 0, 0, 0,-99.000000,-99.000000,-99.000000,-1,1
68475,573166,453.955619,36131.784970,36131.893932,1, 0, 0, 1,-2.130583,0.414248,-1.240964,-1,2
68475,573167,454.019963,36131.849314,36131.958277,1, 0, 0, 1,-4.112655,6.639558,10.193678,-1,2
68475,573168,454.086914,36131.916264,36132.025227,0, 0, 0, 0,-99.000000,-99.000000,-99.000000,-1,1
68475,573169,454.373729,36132.203079,36132.312042,1, 0, 0, 1,6.874055,0.281689,-13.379822,-1,2
68475,573170,454.912725,36132.742074,36132.851039,0, 0, 0, 0,-99.000000,-99.000000,-99.000000,-1,1
68475,573171,454.991486,36132.820835,36132.929799,1, 0, 0, 1,-2.405378,-8.263746,-17.841993,-1,2
68475,573172,455.248650,36133.077998,36133.186963,0, 0, 0, 0,-99.000000,-99.000000,-99.000000,-1,1
68475,573173,455.288960,36133.118308,36133.227273,0, 0, 0, 0,-99.000000,-99.000000,-99.000000,-1,1
68475,573174,455.533320,36133.362668,36133.471633,1, 0, 0, 1,-7.434786,-1.074236,7.539024,-1,2
68475,573175,455.741944,36133.571291,36133.680257,0, 0, 0, 0,-99.000000,-99.000000,-99.000000,-1,1
68475,573176,455.775216,36133.604563,36133.713529,1, 0, 0, 1,8.568362,1.252945,-0.888880,-1,2
68475,573177,455.965947,36133.795294,36133.904261,1, 0, 0, 1,-4.656199,-2.924921,15.973228,-1,2
68475,573178,456.065141,36133.894487,36134.003454,0, 0, 0, 0,-99.000000,-99.000000,-99.000000,-1,0
68475,573179,456.123562,36133.952908,36134.061875,1, 0, 0, 1,-8.093285,-0.567454,-7.510240,-1,2
68475,573180,456.222170,36134.051517,36134.160484,1, 0, 0, 1,-1.601183,4.898432,-16.139911,-1,2
68475,573181,456.364151,36134.193497,36134.302464,1, 0, 0, 1,-1.699380,3.791858,-12.528190,-1,2
68475,573182,456.406076,36134.235421,36134.344389,0, 0, 0, 0,-99.000000,-99.000000,-99.000000,-1,1
68475,573183,456.713639,36134.542984,36134.651952,0, 0, 0, 0,-99.000000,-99.000000,-99.000000,-1,1
68475,573184,456.734880,36134.564225,36134.673193,0, 0, 0, 0,-99.000000,-99.000000,-99.000000,-1,0
68475,573185,457.033875,36134.863219,36134.972188,1, 0, 0, 1,5.697660,0.773642,10.152883,-1,2
68475,573186,457.109800,36134.939144,36135.048113,0, 0, 0, 0,-99.000000,-99.000000,-99.000000,-1,0
68475,573187,457.192304,36135.021648,36135.130617,0, 0, 0, 0,-99.000000,-99.000000,-99.000000,-1,1
68475,573188,457.194951,36135.024295,36135.133264,1, 0, 0, 1,1.470334,2.231318,-10.320936,-1,2
68475,573189,457.263138,36135.092483,36135.201452,1, 0, 0, 1,-0.316408,3.156160,19.417781,-1,2
68475,573190,457.388965,36135.218309,36135.327279,0, 0, 0, 0,-99.000000,-99.000000,-99.000000,-1,1
68475,573191,457.553778,36135.383122,36135.492092,1, 0, 0, 1,-3.359518,0.283079,-15.757937,-1,2
68475,573192,457.579899,36135.409243,36135.518213,1, 0, 0, 1,5.587839,3.814642,12.674394,-1,2
68475,573193,457.596048,36135.425392,36135.534362,1, 0, 0, 1,4.528499,-7.419502,-0.592053,-1,2
68475,573194,457.783187,36135.612530,36135.721500,1, 0, 0, 1,-5.290739,5.162509,19.505774,-1,2
68475,573195,457.801926,36135.631270,36135.740240,0, 0, 0, 0,-99.000000,-99.000000,-99.000000,-1,1
68475,573196,457.802298,36135.631641,36135.740612,0, 0, 0, 0,-99.000000,-99.000000,-99.000000,-1,0
68475,573197,458.044620,36135.873963,36135.982934,1, 0, 0, 1,-3.648768,-4.849278,-13.361075,-1,4
68475,573198,458.176593,36136.005936,36136.114907,0, 0, 0, 0,-99.000000,-99.000000,-99.000000,-1,1
68475,573199,458.207469,36136.036812,36136.145783,0, 0, 0, 0,-99.000000,-99.000000,-99.000000,-1,0
68475,573200,458.208217,36136.037559,36136.146530,1, 0, 0, 1,6.161397,-6.670624,18.312424,-1,2
68475,573201,458.438958,36136.268300,36136.377272,1, 0, 0, 1,-1.742963,-2.718594,-7.313689,-1,2
68475,573202,458.490249,36136.319591,36136.428563,1, 0, 0, 1,-7.380850,4.226924,12.056096,-1,2
68475,573203,458.702077,36136.531418,36136.640391,1, 1, 1, 1,0.208029,2.111857,1.605247,-1,4
68475,573204,458.757617,36136.586958,36136.695930,0, 0, 0, 0,-99.000000,-99.000000,-99.000000,-1,1
68475,573205,458.861060,36136.690401,36136.799374,1, 0, 0, 1,7.039844,-4.207441,-4.267060,-1,2
68475,573206,458.894471,36136.723812,36136.832785,1, 0, 0, 1,-4.006274,-7.494270,-6.250472,-1,2
68475,573207,458.914643,36136.743984,36136.852956,1, 0, 0, 1,-8.684916,-14.555095,-15.652785,-1,2
68475,573208,458.957960,36136.787301,36136.896274,1, 0, 0, 1,-7.280888,0.750917,11.439981,-1,2
68475,573209,459.020145,36136.849486,36136.958459,0, 0, 0, 0,-99.000000,-99.000000,-99.000000,-1,1
68475,573210,459.140456,36136.969796,36137.078769,1, 0, 0, 1,0.318017,3.192593,-11.499910,-1,2
68475,573211,459.142625,36136.971965,36137.080938,0, 0, 0, 0,-99.000000,-99.000000,-99.000000,-1,1
68475,573212,459.397203,36137.226543,36137.335517,1, 0, 0, 1,-2.171545,-1.089867,15.254475,-1,2
68475,573213,459.424345,36137.253685,36137.362659,0, 0, 0, 0,-99.000000,-99.000000,-99.000000,-1,0
68475,573214,459.451190,36137.280530,36137.389504,1, 0, 0, 1,3.392004,-7.675808,15.782215,-1,2
68475,573215,459.482611,36137.311951,36137.420924,0, 0, 0, 0,-99.000000,-99.000000,-99.000000,-1,1
68475,573216,459.581182,36137.410521,36137.519495,1, 0, 0, 1,-5.650236,-6.204101,13.371045,-1,2
68475,573217,459.859564,36137.688903,36137.797877,1, 0, 0, 1,8.327673,4.241557,-14.761691,-1,2
68475,573218,459.917738,36137.747076,36137.856051,0, 0, 0, 0,-99.000000,-99.000000,-99.000000,-1,1
68475,573219,460.023933,36137.853271,36137.962246,1, 0, 0, 1,-2.751283,-2.901591,2.387635,-1,2
68475,573220,460.314842,36138.144180,36138.253156,1, 0, 0, 1,-5.987019,9.167874,8.523675,-1,2
68475,573221,460.318894,36138.148232,36138.257207,0, 0, 0, 0,-99.000000,-99.000000,-99.000000,-1,0
68475,573222,460.322833,36138.152171,36138.261147,0, 0, 0, 0,-99.000000,-99.000000,-99.000000,-1,0
68475,573223,460.341334,36138.170672,36138.279648,1, 0, 0, 1,5.034458,-4.938831,-15.234463,-1,2
68475,573224,460.397078,36138.226415,36138.335391,1, 0, 0, 1,-1.124094,-5.382046,17.453608,-1,2
68475,573225,460.632060,36138.461397,36138.570374,0, 0, 0, 0,-99.000000,-99.000000,-99.000000,-1,1
68475,573226,460.782390,36138.611727,36138.720704,1, 0, 0, 1,-4.199016,-6.551098,17.925133,-1,2
68475,573227,460.889018,36138.718355,36138.827331,1, 0, 0, 1,-5.097999,5.944979,-11.454580,-1,2
68475,573228,461.138324,36138.967660,36139.076637,1, 0, 0, 1,-2.945158,1.157663,-13.272385,-1,2
68475,573229,461.160144,36138.989480,36139.098457,0, 0, 0, 0,-99.000000,-99.000000,-99.000000,-1,1
68475,573230,461.181911,36139.011247,36139.120225,1, 0, 0, 1,6.482225,-3.799779,8.916559,-1,2
68475,573231,461.248983,36139.078319,36139.187296,1, 0, 0, 1,-2.672580,-7.926138,10.124035,-1,2
68475,573232,461.292229,36139.121565,36139.230543,1, 0, 0, 1,0.892962,3.537763,11.851392,-1,2
68475,573233,461.384697,36139.214033,36139.323011,0, 0, 0, 0,-99.000000,-99.000000,-99.000000,-1,1
68475,573234,461.411156,36139.240492,36139.349470,0, 0, 0, 0,-99.000000,-99.000000,-99.000000,-1,0
68475,573235,461.411262,36139.240597,36139.349575,0, 0, 0, 0,-99.000000,-99.000000,-99.000000,-1,1
68475,573236,461.411339,36139.240675,36139.349653,0, 0, 0, 0,-99.000000,-99.000000,-99.000000,-1,0
68475,573237,461.434123,36139.263459,36139.372437,1, 0, 0, 1,-2.388581,-4.214956,20.532646,-1,2
68475,573238,461.491870,36139.321205,36139.430183,1, 0, 0, 1,0.322562,-2.195974,13.214791,-1,2
68475,573239,461.835507,36139.664842,36139.773821,1, 0, 0, 1,5.576830,5.963524,-18.633501,-1,3
68475,573240,462.060655,36139.889989,36139.998968,1, 0, 0, 1,-4.740825,3.763130,6.402682,-1,2
68475,573241,462.089702,36139.919037,36140.028016,1, 0, 0, 1,7.578953,2.508602,14.528372,-1,2
68475,573242,462.121345,36139.950679,36140.059658,0, 0, 0, 0,-99.000000,-99.000000,-99.000000,-1,1
68475,573243,462.124815,36139.954149,36140.063128,0, 0, 0, 0,-99.000000,-99.000000,-99.000000,-1,0
68475,573244,462.279779,36140.109113,36140.218092,1, 0, 0, 1,-2.717566,-3.460891,13.941812,-1,2
68475,573245,462.286784,36140.116118,36140.225097,0, 0, 0, 0,-99.000000,-99.000000,-99.000000,-1,1
68475,573246,462.383680,36140.213014,36140.321994,1, 0, 0, 1,-4.016896,-8.090139,21.111253,-1,2
68475,573247,462.392604,36140.221938,36140.330918,1, 0, 0, 1,3.549150,-6.646233,2.968451,-1,2
68475,573248,462.503530,36140.332863,36140.441843,1, 0, 0, 1,1.625988,3.209905,19.380022,-1,2
68475,573249,462.635340,36140.464673,36140.573653,1, 0, 0, 1,0.033653,-1.332634,-5.106094,-1,2
68475,573250,462.891523,36140.720856,36140.829836,1, 0, 0, 1,-6.122121,1.631333,-6.882868,-1,2
68475,573251,462.901106,36140.730439,36140.839420,1, 0, 0, 1,2.806681,7.768451,-2.101374,-1,2
68475,573252,462.939309,36140.768642,36140.877623,0, 0, 0, 0,-99.000000,-99.000000,-99.000000,-1,1
68475,573253,463.078760,36140.908092,36141.017074,1, 0, 0, 1,2.814334,-2.818402,13.160187,-1,2
68475,573254,463.195866,36141.025198,36141.134179,1, 0, 0, 1,4.178712,-7.128248,8.284915,-1,2
68475,573255,463.237712,36141.067044,36141.176025,0, 0, 0, 0,-99.000000,-99.000000,-99.000000,-1,0
68475,573256,463.263333,36141.092665,36141.201647,0, 0, 0, 0,-99.000000,-99.000000,-99.000000,-1,0
68475,573257,463.593262,36141.422594,36141.531576,1, 0, 0, 1,2.053854,4.626610,8.741615,-1,2
68475,573258,463.747931,36141.577262,36141.686244,1, 0, 0, 1,-1.095714,-8.459127,-5.446948,-1,2
68475,573259,463.852444,36141.681775,36141.790758,1, 0, 0, 1,-6.050323,4.556442,6.881043,-1,4
68475,573260,463.998821,36141.828152,36141.937135,0, 0, 0, 0,-99.000000,-99.000000,-99.000000,-1,1
68475,573261,464.085345,36141.914675,36142.023658,0, 0, 0, 0,-99.000000,-99.000000,-99.000000,-1,1
68475,573262,464.199531,36142.028861,36142.137845,1, 0, 0, 1,5.053133,-0.341101,-13.471193,-1,2
68475,573263,464.350482,36142.179812,36142.288796,1, 0, 0, 1,-6.706962,-0.602621,11.693157,-1,2
68475,573264,464.416056,36142.245386,36142.354370,1, 0, 0, 1,2.725132,7.050011,15.323386,-1,2
68475,573265,464.547214,36142.376543,36142.485527,1, 0, 0, 1,-4.779994,-1.199148,1.744646,-1,2
68475,573266,465.066504,36142.895832,36143.004818,1, 0, 0, 1,-0.853891,-6.419882,-8.348523,-1,2
68475,573267,465.102471,36142.931800,36143.040785,1, 0, 0, 1,2.592871,-3.946656,11.504118,-1,2
68475,573268,465.158014,36142.987342,36143.096327,0, 0, 0, 0,-99.000000,-99.000000,-99.000000,-1,1
68475,573269,465.216476,36143.045805,36143.154790,1, 0, 0, 1,8.478617,1.854466,14.035413,-1,2
68475,573270,465.243985,36143.073313,36143.182298,1, 0, 0, 1,1.282992,-1.612698,20.044485,-1,2
68475,573271,465.340968,36143.170296,36143.279281,0, 0, 0, 0,-99.000000,-99.000000,-99.000000,-1,1
68475,573272,465.348305,36143.177633,36143.286619,1, 0, 0, 1,-4.879143,2.255464,-17.806099,-1,2
68475,573273,465.351575,36143.180903,36143.289889,1, 0, 0, 1,9.999981,4.219370,16.117851,-1,3
68475,573274,465.377340,36143.206668,36143.315653,1, 0, 0, 1,7.041476,5.025049,17.844166,-1,2
68475,573275,465.405052,36143.234380,36143.343366,1, 0, 0, 1,-5.744714,5.032844,6.319653,-1,2
68475,573276,465.412321,36143.241649,36143.350635,1, 0, 0, 1,1.084295,-0.828536,17.942193,-1,2
68475,573277,465.505706,36143.335034,36143.444020,1, 0, 0, 1,-4.248469,4.381551,14.369467,-1,2
68475,573278,465.568451,36143.397779,36143.506765,0, 0, 0, 0,-99.000000,-99.000000,-99.000000,-1,0
68475,573279,465.585789,36143.415116,36143.524102,0, 0, 0, 0,-99.000000,-99.000000,-99.000000,-1,1
68475,573280,465.607354,36143.436681,36143.545667,0, 0, 0, 0,-99.000000,-99.000000,-99.000000,-1,1
68475,573281,465.615804,36143.445131,36143.554118,0, 0, 0, 0,-99.000000,-99.000000,-99.000000,-1,1
68475,573282,465.772502,36143.601829,36143.710816,0, 0, 0, 0,-99.000000,-99.000000,-99.000000,-1,0
68475,573283,465.780066,36143.609393,36143.718380,1, 0, 0, 1,-6.665335,-3.887675,11.480940,-1,2
68475,573284,465.860259,36143.689586,36143.798573,1, 0, 0, 1,-0.364107,-2.272563,4.289005,-1,2
68475,573285,466.016480,36143.845807,36143.954794,0, 0, 0, 0,-99.000000,-99.000000,-99.000000,-1,1
68475,573286,466.050242,36143.879569,36143.988556,1, 0, 0, 1,6.601053,5.367812,6.951658,-1,2
68475,573287,466.598061,36144.427386,36144.536374,0, 0, 0, 0,-99.000000,-99.000000,-99.000000,-1,1
68475,573288,466.740790,36144.570115,36144.679104,1, 0, 0, 1,1.251209,-4.001771,8.496361,-1,2
68475,573289,466.862753,36144.692078,36144.801067,0, 0, 0, 0,-99.000000,-99.000000,-99.000000,-1,0
68475,573290,466.886887,36144.716211,36144.825200,0, 0, 0, 0,-99.000000,-99.000000,-99.000000,-1,1
68475,573291,466.938693,36144.768018,36144.877006,0, 0, 0, 0,-99.000000,-99.000000,-99.000000,-1,1
68475,573292,466.970146,36144.799471,36144.908460,0, 0, 0, 0,-99.000000,-99.000000,-99.000000,-1,0
68475,573293,467.016748,36144.846073,36144.955062,0, 0, 0, 0,-99.000000,-99.000000,-99.000000,-1,1
68475,573294,467.196587,36145.025911,36145.134900,1, 1, 0, 1,-2.295120,1.354404,12.485444,-1,3
68475,573295,467.249080,36145.078404,36145.187394,0, 0, 0, 0,-99.000000,-99.000000,-99.000000,-1,0
68475,573296,467.329537,36145.158861,36145.267851,0, 0, 0, 0,-99.000000,-99.000000,-99.000000,-1,0
68475,573297,467.365180,36145.194503,36145.303493,0, 0, 0, 0,-99.000000,-99.000000,-99.000000,-1,1
68475,573298,467.505958,36145.335281,36145.444271,0, 0, 0, 0,-99.000000,-99.000000,-99.000000,-1,1
68475,573299,467.521393,36145.350716,36145.459706,1, 0, 0, 1,1.627682,9.999981,0.730662,-1,4
68475,573300,467.583223,36145.412547,36145.521537,1, 0, 0, 1,-1.868198,2.112317,-12.343740,-1,2
68475,573301,467.825031,36145.654354,36145.763345,1, 0, 0, 1,10.808407,11.609722,6.099596,-1,2
68475,573302,467.855251,36145.684574,36145.793564,0, 0, 0, 0,-99.000000,-99.000000,-99.000000,-1,1
68475,573303,467.882357,36145.711679,36145.820670,1, 0, 0, 1,-3.831429,-2.776233,0.184830,-1,2
68475,573304,468.026729,36145.856052,36145.965043,1, 0, 0, 1,1.310760,4.451220,-12.289688,-1,2
68475,573305,468.042117,36145.871440,36145.980431,1, 0, 0, 1,0.389287,1.353146,8.690571,-1,2
68475,573306,468.316599,36146.145921,36146.254912,1, 0, 0, 1,-7.417266,-1.671562,0.345162,-1,2
68475,573307,468.344804,36146.174126,36146.283118,0, 0, 0, 0,-99.000000,-99.000000,-99.000000,-1,1
68475,573308,468.392891,36146.222213,36146.331205,1, 0, 0, 1,-2.085587,-2.463529,-7.349546,-1,2
68475,573309,468.415525,36146.244846,36146.353838,0, 0, 0, 0,-99.000000,-99.000000,-99.000000,-1,1
68475,573310,468.582597,36146.411919,36146.520911,1, 0, 0, 1,-0.687246,2.277350,-6.044829,-1,2
68475,573311,468.680762,36146.510083,36146.619076,1, 0, 0, 1,2.525428,-1.612013,-12.315577,-1,2
68475,573312,468.693599,36146.522920,36146.631912,1, 0, 0, 1,-2.948816,0.648692,6.284913,-1,2
68475,573313,468.823291,36146.652612,36146.761604,0, 0, 0, 0,-99.000000,-99.000000,-99.000000,-1,1
68475,573314,468.989838,36146.819158,36146.928151,0, 0, 0, 0,-99.000000,-99.000000,-99.000000,-1,1
68475,573315,469.132017,36146.961337,36147.070330,0, 0, 0, 0,-99.000000,-99.000000,-99.000000,-1,1
68475,573316,469.158335,36146.987655,36147.096648,1, 0, 0, 1,6.638446,1.060627,19.337515,-1,2
68475,573317,469.183232,36147.012552,36147.121545,0, 0, 0, 0,-99.000000,-99.000000,-99.000000,-1,1
68475,573318,469.222380,36147.051700,36147.160694,1, 0, 0, 1,-0.548846,-2.364112,-17.785102,-1,2
68475,573319,469.253732,36147.083052,36147.192046,0, 0, 0, 0,-99.000000,-99.000000,-99.000000,-1,1
68475,573320,469.296191,36147.125511,36147.234505,0, 0, 0, 0,-99.000000,-99.000000,-99.000000,-1,1
68475,573321,469.511358,36147.340677,36147.449671,0, 0, 0, 0,-99.000000,-99.000000,-99.000000,-1,1
68475,573322,469.712535,36147.541854,36147.650848,1, 0, 0, 1,-1.638643,-1.518691,21.540001,-1,2
68475,573323,469.731746,36147.561065,36147.670060,1, 0, 0, 1,-0.364942,-0.499194,6.393089,-1,2
68475,573324,469.995849,36147.825168,36147.934163,0, 0, 0, 0,-99.000000,-99.000000,-99.000000,-1,0
68475,573325,470.162113,36147.991431,36148.100427,1, 0, 0, 1,-7.875238,2.683615,17.394327,-1,2
68475,573326,470.242609,36148.071926,36148.180922,0, 0, 0, 0,-99.000000,-99.000000,-99.000000,-1,0
68475,573327,470.276626,36148.105944,36148.214939,1, 0, 0, 1,-2.357042,-2.360091,-4.846131,-1,2
68475,573328,470.461452,36148.290769,36148.399765,1, 0, 0, 1,-8.343842,0.023802,-12.168803,-1,2
68475,573329,470.871442,36148.700758,36148.809755,0, 0, 0, 0,-99.000000,-99.000000,-99.000000,-1,1
68475,573330,470.981344,36148.810660,36148.919657,0, 0, 0, 0,-99.000000,-99.000000,-99.000000,-1,1
68475,573331,470.990214,36148.819530,36148.928527,0, 0, 0, 0,-99.000000,-99.000000,-99.000000,-1,1
68475,573332,471.044821,36148.874138,36148.983135,0, 0, 0, 0,-99.000000,-99.000000,-99.000000,-1,1
68475,573333,471.115750,36148.945066,36149.054063,0, 0, 0, 0,-99.000000,-99.000000,-99.000000,-1,0
68475,573334,471.309963,36149.139279,36149.248277,1, 0, 0, 1,-0.159928,-6.563378,-10.344351,-1,2
68475,573335,471.337744,36149.167060,36149.276058,0, 0, 0, 0,-99.000000,-99.000000,-99.000000,-1,1
68475,573336,471.352173,36149.181489,36149.290486,1, 0, 0, 1,4.343550,-0.215468,16.994190,-1,2
68475,573337,471.469198,36149.298514,36149.407512,1, 0, 0, 1,3.231305,-3.426310,-1.479787,-1,2
68475,573338,471.496218,36149.325533,36149.434531,1, 0, 0, 1,4.375825,0.157093,-9.406292,-1,2
68475,573339,471.524757,36149.354072,36149.463070,1, 0, 0, 1,-6.593001,1.325982,4.053481,-1,2
68475,573340,471.621942,36149.451257,36149.560256,0, 0, 0, 0,-99.000000,-99.000000,-99.000000,-1,1
68475,573341,471.845292,36149.674607,36149.783605,1, 0, 0, 1,-0.602378,-3.433504,-1.841610,-1,2
68475,573342,471.862045,36149.691360,36149.800359,1, 0, 0, 1,-6.038826,-0.605502,-11.021156,-1,2
68475,573343,472.170059,36149.999373,36150.108372,0, 0, 0, 0,-99.000000,-99.000000,-99.000000,-1,0
68475,573344,472.211597,36150.040911,36150.149911,0, 0, 0, 0,-99.000000,-99.000000,-99.000000,-1,1
68475,573345,472.253043,36150.082357,36150.191356,1, 0, 0, 1,5.732702,0.074447,6.939888,-1,2
68475,573346,472.380819,36150.210133,36150.319133,0, 0, 0, 0,-99.000000,-99.000000,-99.000000,-1,1
68475,573347,472.463571,36150.292884,36150.401884,0, 0, 0, 0,-99.000000,-99.000000,-99.000000,-1,0
68475,573348,472.562228,36150.391541,36150.500541,0, 0, 0, 0,-99.000000,-99.000000,-99.000000,-1,0
68475,573349,472.607385,36150.436698,36150.545698,0, 0, 0, 0,-99.000000,-99.000000,-99.000000,-1,1
68475,573350,472.800935,36150.630247,36150.739248,0, 0, 0, 0,-99.000000,-99.000000,-99.000000,-1,1
68475,573351,472.866077,36150.695389,36150.804390,1, 0, 0, 1,-2.418829,-0.123579,-11.877781,-1,2
68475,573352,472.871051,36150.700364,36150.809365,1, 0, 0, 1,-5.999488,1.589177,-5.526204,-1,2
68475,573353,472.881319,36150.710632,36150.819633,0, 0, 0, 0,-99.000000,-99.000000,-99.000000,-1,0
68475,573354,472.965378,36150.794690,36150.903691,0, 0, 0, 0,-99.000000,-99.000000,-99.000000,-1,0
68475,573355,473.022490,36150.851802,36150.960804,0, 0, 0, 0,-99.000000,-99.000000,-99.000000,-1,0
68475,573356,473.045047,36150.874359,36150.983360,1, 0, 0, 1,0.183502,-8.296250,-9.213385,-1,2
68475,573357,473.054493,36150.883805,36150.992807,0, 0, 0, 0,-99.000000,-99.000000,-99.000000,-1,0
68475,573358,473.107651,36150.936963,36151.045965,0, 0, 0, 0,-99.000000,-99.000000,-99.000000,-1,1
68475,573359,473.146944,36150.976256,36151.085257,1, 0, 0, 1,2.237803,7.188654,11.615660,-1,2
68475,573360,473.159264,36150.988576,36151.097578,0, 0, 0, 0,-99.000000,-99.000000,-99.000000,-1,1
68475,573361,473.388163,36151.217474,36151.326476,0, 0, 0, 0,-99.000000,-99.000000,-99.000000,-1,0
68475,573362,473.435135,36151.264447,36151.373449,1, 0, 0, 1,0.038592,-3.606085,-13.503596,-1,2
68475,573363,473.703484,36151.532795,36151.641798,0, 0, 0, 0,-99.000000,-99.000000,-99.000000,-1,1
68475,573364,473.713608,36151.542919,36151.651922,1, 0, 0, 1,1.125572,5.985555,-11.475572,-1,2
68475,573365,473.739654,36151.568965,36151.677968,0, 0, 0, 0,-99.000000,-99.000000,-99.000000,-1,1
68475,573366,473.915140,36151.744450,36151.853454,0, 0, 0, 0,-99.000000,-99.000000,-99.000000,-1,1
68475,573367,474.015957,36151.845268,36151.954271,0, 0, 0, 0,-99.000000,-99.000000,-99.000000,-1,1
68475,573368,474.151536,36151.980846,36152.089850,0, 0, 0, 0,-99.000000,-99.000000,-99.000000,-1,1
68475,573369,474.518357,36152.347666,36152.456671,0, 0, 0, 0,-99.000000,-99.000000,-99.000000,-1,0
68475,573370,474.640105,36152.469414,36152.578419,1, 0, 0, 1,3.434936,-8.572072,-3.245922,-1,2
68475,573371,474.705388,36152.534697,36152.643702,0, 0, 0, 0,-99.000000,-99.000000,-99.000000,-1,1
68475,573372,474.777916,36152.607224,36152.716229,1, 0, 0, 1,7.525113,1.744629,7.365706,-1,2
68475,573373,474.978985,36152.808293,36152.917299,1, 0, 0, 1,-7.516105,1.500401,-5.210797,-1,2
68475,573374,475.118217,36152.947525,36153.056530,1, 0, 0, 1,8.766850,1.339726,-7.663824,-1,2
68475,573375,475.146173,36152.975481,36153.084486,0, 0, 0, 0,-99.000000,-99.000000,-99.000000,-1,1
68475,573376,475.172022,36153.001330,36153.110336,1, 0, 0, 1,2.981669,5.674688,2.281779,-1,2
68475,573377,475.178730,36153.008038,36153.117044,1, 0, 0, 1,-4.555674,5.639260,13.094117,-1,2
68475,573378,475.418407,36153.247714,36153.356720,1, 0, 0, 1,-1.034657,-7.294352,-12.090347,-1,5
68475,573379,475.466836,36153.296143,36153.405149,0, 0, 0, 0,-99.000000,-99.000000,-99.000000,-1,0
68475,573380,475.477616,36153.306924,36153.415930,1, 0, 0, 1,-4.010496,0.157818,-11.171724,-1,2
68475,573381,475.529915,36153.359223,36153.468229,0, 0, 0, 0,-99.000000,-99.000000,-99.000000,-1,0
68475,573382,475.678776,36153.508083,36153.617090,1, 0, 0, 1,-5.953098,-0.700784,-7.883919,-1,2
68475,573383,475.679660,36153.508967,36153.617974,1, 0, 0, 1,6.650557,2.738419,16.880235,-1,2
68475,573384,475.702435,36153.531742,36153.640748,0, 0, 0, 0,-99.000000,-99.000000,-99.000000,-1,0
68475,573385,475.890285,36153.719592,36153.828599,0, 0, 0, 0,-99.000000,-99.000000,-99.000000,-1,1
68475,573386,475.942943,36153.772250,36153.881257,1, 0, 0, 1,-1.286260,2.398793,4.867035,-1,2
68475,573387,476.037597,36153.866903,36153.975910,1, 0, 0, 1,7.368334,-1.276384,14.374964,-1,2
68475,573388,476.059466,36153.888772,36153.997780,1, 0, 0, 1,-1.311245,-8.578773,-11.904058,-1,2
68475,573389,476.118451,36153.947757,36154.056764,0, 0, 0, 0,-99.000000,-99.000000,-99.000000,-1,1
68475,573390,476.128575,36153.957881,36154.066888,1, 0, 0, 1,-0.415793,-4.746345,-6.763548,-1,3
68475,573391,476.484936,36154.314241,36154.423249,0, 0, 0, 0,-99.000000,-99.000000,-99.000000,-1,1
68475,573392,476.871577,36154.700881,36154.809891,1, 0, 0, 1,2.697186,1.825161,-18.019979,-1,2
68475,573393,477.046827,36154.876131,36154.985140,1, 0, 0, 1,-4.922029,-8.708879,18.550761,-1,3
68475,573394,477.194941,36155.024245,36155.133255,1, 0, 0, 1,2.349782,6.534613,-13.706097,-1,2
68475,573395,477.212210,36155.041514,36155.150524,1, 0, 0, 1,-3.385552,-3.472880,3.490368,-1,2
68475,573396,477.487059,36155.316362,36155.425372,0, 0, 0, 0,-99.000000,-99.000000,-99.000000,-1,1
68475,573397,477.726339,36155.555641,36155.664652,0, 0, 0, 0,-99.000000,-99.000000,-99.000000,-1,0
68475,573398,477.814636,36155.643939,36155.752950,1, 0, 0, 1,-6.417241,-1.283852,-6.039475,-1,2
68475,573399,477.932193,36155.761496,36155.870507,1, 0, 0, 1,-5.682461,1.579011,9.374555,-1,2
68475,573400,478.135042,36155.964344,36156.073355,1, 0, 0, 1,-4.093533,5.602310,5.594817,-1,2
68475,573401,478.225844,36156.055145,36156.164157,0, 0, 0, 0,-99.000000,-99.000000,-99.000000,-1,1
68475,573402,478.398572,36156.227873,36156.336886,1, 0, 0, 1,-0.766903,-4.507747,14.638125,-1,2
68475,573403,478.581684,36156.410985,36156.519997,0, 0, 0, 0,-99.000000,-99.000000,-99.000000,-1,0
68475,573404,478.684724,36156.514025,36156.623038,0, 0, 0, 0,-99.000000,-99.000000,-99.000000,-1,0
68475,573405,478.943418,36156.772718,36156.881731,0, 0, 0, 0,-99.000000,-99.000000,-99.000000,-1,0
68475,573406,478.965352,36156.794653,36156.903666,1, 0, 0, 1,-7.075279,-2.249843,-18.343166,-1,2
68475,573407,478.982603,36156.811903,36156.920917,1, 0, 0, 1,-2.290515,9.999981,9.805247,-1,3
68475,573408,478.991193,36156.820494,36156.929507,1, 0, 0, 1,-1.526815,-0.868571,11.793107,-1,2
68475,573409,479.152676,36156.981976,36157.090990,0, 0, 0, 0,-99.000000,-99.000000,-99.000000,-1,0
68475,573410,479.272585,36157.101885,36157.210899,0, 0, 0, 0,-99.000000,-99.000000,-99.000000,-1,1
68475,573411,479.316142,36157.145442,36157.254456,0, 0, 0, 0,-99.000000,-99.000000,-99.000000,-1,1
68475,573412,479.448123,36157.277423,36157.386437,1, 0, 0, 1,3.036513,0.618231,-9.299000,-1,2
68475,573413,479.556487,36157.385786,36157.494800,0, 0, 0, 0,-99.000000,-99.000000,-99.000000,-1,0
68475,573414,479.597364,36157.426663,36157.535677,0, 0, 0, 0,-99.000000,-99.000000,-99.000000,-1,0
68475,573415,479.681144,36157.510443,36157.619457,1, 0, 0, 1,4.598462,5.046151,4.168909,-1,2
68475,573416,479.715316,36157.544614,36157.653629,1, 0, 0, 1,1.845961,7.060978,22.517051,-1,2
68475,573417,479.767702,36157.597000,36157.706015,1, 0, 0, 1,-0.615823,3.672037,-12.075665,-1,2
68475,573418,479.769962,36157.599260,36157.708275,0, 0, 0, 0,-99.000000,-99.000000,-99.000000,-1,0
68475,573419,479.917645,36157.746943,36157.855958,1, 0, 0, 1,3.344407,-7.851763,-0.531085,-1,2
68475,573420,480.029730,36157.859028,36157.968043,1, 0, 0, 1,5.643963,3.233583,-16.875724,-1,2
68475,573421,480.038838,36157.868136,36157.977151,0, 0, 0, 0,-99.000000,-99.000000,-99.000000,-1,0
68475,573422,480.311923,36158.141220,36158.250236,1, 0, 0, 1,-1.117744,-8.944223,-21.273296,-1,2
68475,573423,480.517256,36158.346553,36158.455570,1, 0, 0, 1,1.346445,-5.041091,-8.688949,-1,2
68475,573424,480.623092,36158.452389,36158.561405,1, 0, 0, 1,8.010303,1.158555,14.411675,-1,2
68475,573425,480.807678,36158.636975,36158.745992,0, 0, 0, 0,-99.000000,-99.000000,-99.000000,-1,1
68475,573426,481.024843,36158.854139,36158.963156,1, 0, 0, 1,0.453553,0.213249,-10.803224,-1,2
68475,573427,481.078009,36158.907305,36159.016322,1, 0, 0, 1,-0.111284,1.715309,-7.665062,-1,2
68475,573428,481.259454,36159.088750,36159.197768,0, 0, 0, 0,-99.000000,-99.000000,-99.000000,-1,1
68475,573429,481.379525,36159.208821,36159.317839,1, 0, 0, 1,-1.603937,-4.950610,3.128856,-1,2
68475,573430,481.438482,36159.267777,36159.376795,1, 0, 0, 1,-1.741120,-2.385909,-14.037399,-1,2
68475,573431,481.983631,36159.812925,36159.921945,0, 0, 0, 0,-99.000000,-99.000000,-99.000000,-1,1
68475,573432,481.999205,36159.828499,36159.937518,1, 0, 0, 1,5.824743,4.786113,-9.276590,-1,2
68475,573433,482.075727,36159.905021,36160.014041,1, 0, 0, 1,-3.136207,6.407096,11.382049,-1,2
68475,573434,482.156401,36159.985695,36160.094714,0, 0, 0, 0,-99.000000,-99.000000,-99.000000,-1,1
68475,573435,482.201644,36160.030937,36160.139957,0, 0, 0, 0,-99.000000,-99.000000,-99.000000,-1,1
68475,573436,482.219675,36160.048969,36160.157989,1, 0, 0, 1,-0.216368,-1.248852,7.631472,-1,2
68475,573437,482.355310,36160.184603,36160.293623,0, 0, 0, 0,-99.000000,-99.000000,-99.000000,-1,0
68475,573438,482.372593,36160.201887,36160.310907,1, 0, 0, 1,2.668424,-8.570654,21.623154,-1,2
68475,573439,482.500882,36160.330175,36160.439195,1, 0, 0, 1,-0.068057,9.213669,-7.024106,-1,2
68475,573440,482.551772,36160.381065,36160.490086,1, 0, 0, 1,6.893966,3.025790,-2.832725,-1,2
68475,573441,482.614909,36160.444202,36160.553223,1, 0, 0, 1,4.293612,-3.883044,-2.121223,-1,3
68475,573442,482.687395,36160.516688,36160.625709,0, 0, 0, 0,-99.000000,-99.000000,-99.000000,-1,1
68475,573443,482.703698,36160.532991,36160.642012,1, 0, 0, 1,10.002853,6.219148,6.518530,-1,2
68475,573444,482.707520,36160.536813,36160.645834,1, 0, 0, 1,3.700559,-1.184652,21.132525,-1,2
68475,573445,482.778372,36160.607665,36160.716685,1, 0, 0, 1,-2.076026,-3.624073,-19.641716,-1,2
68475,573446,482.969899,36160.799192,36160.908213,1, 0, 0, 1,5.490168,-3.566994,4.159288,-1,2
68475,573447,482.971175,36160.800467,36160.909488,0, 0, 0, 0,-99.000000,-99.000000,-99.000000,-1,1
68475,573448,482.979777,36160.809070,36160.918091,0, 0, 0, 0,-99.000000,-99.000000,-99.000000,-1,0
68475,573449,483.034803,36160.864095,36160.973116,0, 0, 0, 0,-99.000000,-99.000000,-99.000000,-1,0
68475,573450,483.397657,36161.226948,36161.335970,0, 0, 0, 0,-99.000000,-99.000000,-99.000000,-1,0
68475,573451,483.539674,36161.368965,36161.477987,0, 0, 0, 0,-99.000000,-99.000000,-99.000000,-1,1
68475,573452,483.862910,36161.692201,36161.801224,0, 0, 0, 0,-99.000000,-99.000000,-99.000000,-1,1
68475,573453,484.041304,36161.870594,36161.979617,0, 0, 0, 0,-99.000000,-99.000000,-99.000000,-1,1
68475,573454,484.062240,36161.891530,36162.000553,1, 0, 0, 1,-4.015627,-9.999981,-13.169234,-1,3
68475,573455,484.116385,36161.945675,36162.054699,0, 0, 0, 0,-99.000000,-99.000000,-99.000000,-1,1
68475,573456,484.158086,36161.987376,36162.096400,1, 0, 0, 1,1.572792,1.532057,13.176298,-1,2
68475,573457,484.159685,36161.988975,36162.097999,0, 0, 0, 0,-99.000000,-99.000000,-99.000000,-1,0
68475,573458,484.256697,36162.085986,36162.195010,1, 0, 0, 1,3.310835,5.292336,18.403427,-1,2
68475,573459,484.386181,36162.215470,36162.324494,1, 0, 0, 1,2.257051,-9.177806,10.629165,-1,2
68475,573460,484.526716,36162.356005,36162.465030,0, 0, 0, 0,-99.000000,-99.000000,-99.000000,-1,1
68475,573461,484.581784,36162.411073,36162.520097,1, 0, 0, 1,1.151107,10.177248,-6.273265,-1,2
68475,573462,484.643482,36162.472771,36162.581796,0, 0, 0, 0,-99.000000,-99.000000,-99.000000,-1,1
68475,573463,484.650088,36162.479377,36162.588402,1, 0, 0, 1,6.004230,-2.466889,-7.747111,-1,2
68475,573464,484.674214,36162.503503,36162.612528,0, 0, 0, 0,-99.000000,-99.000000,-99.000000,-1,1
68475,573465,484.824767,36162.654055,36162.763080,1, 0, 0, 1,-7.901113,1.885909,-4.852006,-1,2
68475,573466,484.921964,36162.751252,36162.860277,1, 0, 0, 1,2.830156,-9.999981,13.696559,-1,4
68475,573467,484.939545,36162.768833,36162.877858,1, 0, 0, 1,-2.198268,5.879083,-4.585630,-1,2
68475,573468,484.960158,36162.789446,36162.898471,0, 0, 0, 0,-99.000000,-99.000000,-99.000000,-1,0
68475,573469,484.988678,36162.817966,36162.926991,0, 0, 0, 0,-99.000000,-99.000000,-99.000000,-1,1
68475,573470,485.106453,36162.935741,36163.044767,1, 0, 0, 1,-2.981358,6.224971,-4.331038,-1,2
68475,573471,485.302612,36163.131900,36163.240926,1, 0, 0, 1,4.727508,-2.230380,3.284718,-1,2
68475,573472,485.363991,36163.193278,36163.302304,0, 0, 0, 0,-99.000000,-99.000000,-99.000000,-1,0
68475,573473,485.460357,36163.289644,36163.398670,1, 0, 0, 1,5.443874,-6.068976,-1.799369,-1,2
68475,573474,485.599681,36163.428968,36163.537995,1, 0, 0, 1,0.885012,-1.485630,-12.675115,-1,2
68475,573475,485.642709,36163.471995,36163.581022,1, 0, 0, 1,0.885388,0.294818,-10.127638,-1,2
68475,573476,485.683683,36163.512970,36163.621997,1, 0, 0, 1,-1.815959,-8.266022,-12.480536,-1,2
68475,573477,485.725859,36163.555145,36163.664172,1, 0, 0, 1,-0.435118,-3.166341,-3.207904,-1,2
68475,573478,486.000366,36163.829652,36163.938680,0, 0, 0, 0,-99.000000,-99.000000,-99.000000,-1,0
68475,573479,486.065795,36163.895081,36164.004109,0, 0, 0, 0,-99.000000,-99.000000,-99.000000,-1,1
68475,573480,486.104666,36163.933952,36164.042980,0, 0, 0, 0,-99.000000,-99.000000,-99.000000,-1,0
68475,573481,486.173437,36164.002723,36164.111750,0, 0, 0, 0,-99.000000,-99.000000,-99.000000,-1,0
68475,573482,486.196900,36164.026185,36164.135213,1, 0, 0, 1,1.914754,1.024787,7.512324,-1,2
68475,573483,486.225163,36164.054448,36164.163476,1, 0, 0, 1,7.748158,2.231476,16.827612,-1,2
68475,573484,486.431416,36164.260702,36164.369730,1, 0, 0, 1,1.694251,-0.672076,-7.892772,-1,2
68475,573485,486.501465,36164.330750,36164.439778,0, 0, 0, 0,-99.000000,-99.000000,-99.000000,-1,1
68475,573486,486.531351,36164.360636,36164.469665,1, 0, 0, 1,2.142574,1.024851,-2.098256,-1,2
68475,573487,486.579759,36164.409044,36164.518072,1, 0, 0, 1,-3.084821,1.746041,5.869103,-1,2
68475,573488,486.745026,36164.574311,36164.683339,0, 0, 0, 0,-99.000000,-99.000000,-99.000000,-1,1
68475,573489,486.773992,36164.603277,36164.712306,0, 0, 0, 0,-99.000000,-99.000000,-99.000000,-1,0
68475,573490,486.833629,36164.662913,36164.771942,0, 0, 0, 0,-99.000000,-99.000000,-99.000000,-1,1
68475,573491,486.841104,36164.670388,36164.779417,0, 0, 0, 0,-99.000000,-99.000000,-99.000000,-1,1
68475,573492,486.878426,36164.707711,36164.816740,1, 0, 0, 1,-1.072007,-1.054464,-2.039602,-1,2
68475,573493,487.248522,36165.077805,36165.186835,0, 0, 0, 0,-99.000000,-99.000000,-99.000000,-1,1
68475,573494,487.323317,36165.152601,36165.261631,1, 0, 0, 1,-5.899332,0.615527,-13.703580,-1,2
68475,573495,487.323760,36165.153043,36165.262073,1, 0, 0, 1,-0.046807,-7.472745,-10.034492,-1,2
68475,573496,487.486211,36165.315494,36165.424525,1, 0, 0, 1,4.177578,2.781899,-9.478728,-1,2
68475,573497,487.499609,36165.328892,36165.437923,1, 0, 0, 1,0.247531,3.842556,0.013302,-1,2
68475,573498,487.527827,36165.357110,36165.466140,1, 0, 0, 1,3.980419,0.012523,-2.164313,-1,2
68475,573499,487.564944,36165.394226,36165.503257,0, 0, 0, 0,-99.000000,-99.000000,-99.000000,-1,1
68475,573500,487.624976,36165.454259,36165.563290,1, 0, 0, 1,1.870213,1.668514,11.566955,-1,2
68475,573501,488.122027,36165.951309,36166.060341,1, 0, 0, 1,0.564674,7.585381,-21.672125,-1,2
68475,573502,488.185108,36166.014390,36166.123421,0, 0, 0, 0,-99.000000,-99.000000,-99.000000,-1,1
68475,573503,488.189498,36166.018780,36166.127812,0, 0, 0, 0,-99.000000,-99.000000,-99.000000,-1,1
68475,573504,488.407639,36166.236920,36166.345952,1, 0, 0, 1,-3.314889,-0.071561,-7.655509,-1,2
68475,573505,488.687670,36166.516950,36166.625983,1, 1, 0, 1,-2.732034,-1.773084,-3.267332,-1,9
68475,573506,488.735168,36166.564449,36166.673482,1, 0, 0, 1,0.789342,2.549115,-8.011723,-1,2
68475,573507,488.936083,36166.765363,36166.874397,0, 0, 0, 0,-99.000000,-99.000000,-99.000000,-1,0
68475,573508,488.948421,36166.777701,36166.886734,1, 0, 0, 1,-2.485712,7.247716,-5.497111,-1,2
68475,573509,488.976028,36166.805308,36166.914341,0, 0, 0, 0,-99.000000,-99.000000,-99.000000,-1,1
68475,573510,489.075810,36166.905090,36167.014123,1, 0, 0, 1,1.567811,-2.009302,12.610133,-1,2
68475,573511,489.126808,36166.956088,36167.065122,0, 0, 0, 0,-99.000000,-99.000000,-99.000000,-1,1
68475,573512,489.323290,36167.152569,36167.261603,1, 0, 0, 1,0.883070,-6.514346,11.196974,-1,2
68475,573513,489.404975,36167.234255,36167.343289,1, 0, 0, 1,-3.668708,1.500212,-13.828382,-1,2
68475,573514,489.622205,36167.451484,36167.560519,0, 0, 0, 0,-99.000000,-99.000000,-99.000000,-1,0
68475,573515,489.718046,36167.547325,36167.656360,1, 0, 0, 1,4.634460,-0.775739,-11.144175,-1,2
68475,573516,489.767155,36167.596434,36167.705469,1, 0, 0, 1,-0.345583,4.658289,-16.731276,-1,2
68475,573517,489.867933,36167.697212,36167.806247,1, 0, 0, 1,-3.767640,-1.412920,-6.775446,-1,2
68475,573518,489.909137,36167.738415,36167.847450,1, 0, 0, 1,4.199487,-5.262271,10.392868,-1,2
68475,573519,490.238306,36168.067583,36168.176619,1, 0, 0, 1,2.233675,-8.761369,-20.689969,-1,2
68475,573520,490.246564,36168.075842,36168.184878,0, 0, 0, 0,-99.000000,-99.000000,-99.000000,-1,1
68475,573521,490.294635,36168.123912,36168.232948,1, 0, 0, 1,7.808891,3.772790,21.714199,-1,2
68475,573522,490.333387,36168.162664,36168.271700,0, 0, 0, 0,-99.000000,-99.000000,-99.000000,-1,1
68475,573523,490.517755,36168.347032,36168.456069,1, 0, 0, 1,16.334605,-4.992740,5.711107,-1,2
68475,573524,490.522122,36168.351399,36168.460436,0, 0, 0, 0,-99.000000,-99.000000,-99.000000,-1,1
68475,573525,490.539746,36168.369023,36168.478060,1, 0, 0, 1,3.726636,2.760244,0.667607,-1,2
68475,573526,490.722695,36168.551972,36168.661009,1, 0, 0, 1,-7.613882,0.392131,-3.830457,-1,2
68475,573527,490.917583,36168.746859,36168.855897,1, 0, 0, 1,0.628932,-1.513532,-18.319452,-1,2
68475,573528,490.928304,36168.757580,36168.866617,0, 0, 0, 0,-99.000000,-99.000000,-99.000000,-1,1
68475,573529,491.104338,36168.933614,36169.042652,1, 0, 0, 1,4.816561,5.286441,4.907561,-1,2
68475,573530,491.389584,36169.218860,36169.327898,0, 0, 0, 0,-99.000000,-99.000000,-99.000000,-1,1
68475,573531,491.417169,36169.246444,36169.355482,0, 0, 0, 0,-99.000000,-99.000000,-99.000000,-1,1
68475,573532,491.688172,36169.517446,36169.626485,1, 0, 0, 1,-1.486381,5.836989,-14.166360,-1,2
68475,573533,491.857697,36169.686971,36169.796010,1, 0, 0, 1,-4.351626,-1.574279,-13.962611,-1,2
68475,573534,491.863009,36169.692283,36169.801323,0, 0, 0, 0,-99.000000,-99.000000,-99.000000,-1,1
68475,573535,491.866898,36169.696172,36169.805211,1, 0, 0, 1,-6.165775,-9.863486,9.284080,-1,2
68475,573536,492.049960,36169.879233,36169.988273,1, 0, 0, 1,-3.759916,-5.325697,-16.686881,-1,2
68475,573537,492.122929,36169.952203,36170.061242,1, 0, 0, 1,-6.998485,3.122149,-16.604086,-1,2
68475,573538,492.215455,36170.044728,36170.153768,0, 0, 0, 0,-99.000000,-99.000000,-99.000000,-1,0
68475,573539,492.371578,36170.200852,36170.309892,0, 0, 0, 0,-99.000000,-99.000000,-99.000000,-1,1
68475,573540,492.554799,36170.384072,36170.493113,0, 0, 0, 0,-99.000000,-99.000000,-99.000000,-1,1
68475,573541,492.775515,36170.604787,36170.713828,1, 0, 0, 1,-0.110934,0.982631,6.603077,-1,2
68475,573542,493.060872,36170.890143,36170.999185,1, 0, 0, 1,-3.016745,-0.577430,17.017056,-1,2
68475,573543,493.502736,36171.332007,36171.441050,1, 0, 0, 1,0.318603,-9.290763,2.450075,-1,2
68475,573544,493.555513,36171.384783,36171.493826,0, 0, 0, 0,-99.000000,-99.000000,-99.000000,-1,1
68475,573545,493.734149,36171.563419,36171.672462,1, 0, 0, 1,-7.617882,3.509079,18.884083,-1,2
68475,573546,493.765392,36171.594663,36171.703706,1, 0, 0, 1,-2.293128,-1.997134,15.166158,-1,2
68475,573547,494.068771,36171.898040,36172.007084,0, 0, 0, 0,-99.000000,-99.000000,-99.000000,-1,1
68475,573548,494.075975,36171.905244,36172.014288,0, 0, 0, 0,-99.000000,-99.000000,-99.000000,-1,1
68475,573549,494.238071,36172.067340,36172.176385,0, 0, 0, 0,-99.000000,-99.000000,-99.000000,-1,1
68475,573550,494.517535,36172.346803,36172.455848,1, 0, 0, 1,-4.402513,0.618612,-7.866946,-1,2
68475,573551,494.568798,36172.398067,36172.507112,1, 0, 0, 1,-2.207498,7.389066,-3.094502,-1,2
68475,573552,494.574358,36172.403627,36172.512672,0, 0, 0, 0,-99.000000,-99.000000,-99.000000,-1,1
68475,573553,494.628507,36172.457776,36172.566821,1, 0, 0, 1,9.076268,3.257981,14.240213,-1,2
68475,573554,494.665186,36172.494455,36172.603499,1, 0, 0, 1,-7.438020,-2.730463,18.816346,-1,3
68475,573555,494.820850,36172.650119,36172.759164,1, 0, 0, 1,0.377914,-2.157250,-2.562284,-1,2
68475,573556,495.026523,36172.855791,36172.964836,0, 0, 0, 0,-99.000000,-99.000000,-99.000000,-1,1
68475,573557,495.177712,36173.006980,36173.116026,1, 0, 0, 1,-1.407309,0.316900,-2.320103,-1,2
68475,573558,495.285588,36173.114856,36173.223902,0, 0, 0, 0,-99.000000,-99.000000,-99.000000,-1,0
68475,573559,495.331492,36173.160759,36173.269805,1, 0, 0, 1,-5.383076,8.506808,19.378460,-1,3
68475,573560,495.334742,36173.164009,36173.273055,1, 0, 0, 1,3.373580,-5.567653,-4.490587,-1,2
68475,573561,495.338088,36173.167356,36173.276402,0, 0, 0, 0,-99.000000,-99.000000,-99.000000,-1,1
68475,573562,495.428610,36173.257877,36173.366924,1, 0, 0, 1,-6.663424,2.959276,-2.822448,-1,2
68475,573563,495.684681,36173.513948,36173.622995,1, 0, 0, 1,0.460386,4.452655,-10.149422,-1,2
68475,573564,495.799761,36173.629027,36173.738074,1, 0, 0, 1,-7.095843,1.084542,9.289715,-1,2
68475,573565,495.866491,36173.695757,36173.804804,1, 0, 0, 1,2.291495,-4.198630,16.338672,-1,2
68475,573566,496.012255,36173.841521,36173.950569,0, 0, 0, 0,-99.000000,-99.000000,-99.000000,-1,1
68475,573567,496.016267,36173.845533,36173.954580,0, 0, 0, 0,-99.000000,-99.000000,-99.000000,-1,1
68475,573568,496.037046,36173.866312,36173.975359,1, 0, 0, 1,-2.759917,-2.684663,9.420585,-1,2
68475,573569,496.052293,36173.881559,36173.990606,0, 0, 0, 0,-99.000000,-99.000000,-99.000000,-1,0
68475,573570,496.202324,36174.031590,36174.140638,1, 0, 0, 1,6.948833,5.229370,-4.274879,-1,2
68475,573571,496.285306,36174.114571,36174.223619,1, 0, 0, 1,-0.233766,1.283783,-11.766987,-1,2
68475,573572,496.547664,36174.376928,36174.485977,0, 0, 0, 0,-99.000000,-99.000000,-99.000000,-1,0
68475,573573,496.604821,36174.434086,36174.543135,1, 0, 0, 1,2.426425,0.509264,-9.657772,-1,2
68475,573574,496.632160,36174.461424,36174.570473,0, 0, 0, 0,-99.000000,-99.000000,-99.000000,-1,1
68475,573575,496.905811,36174.735074,36174.844124,1, 0, 0, 1,-4.626782,8.486424,13.285580,-1,2
68475,573576,497.022915,36174.852179,36174.961229,0, 0, 0, 0,-99.000000,-99.000000,-99.000000,-1,1
68475,573577,497.211992,36175.041255,36175.150305,1, 0, 0, 1,0.503651,-2.561270,5.277148,-1,2
68475,573578,497.226226,36175.055489,36175.164539,1, 0, 0, 1,-0.900074,3.343221,16.111084,-1,2
68475,573579,497.265280,36175.094543,36175.203593,0, 0, 0, 0,-99.000000,-99.000000,-99.000000,-1,1
68475,573580,497.402215,36175.231478,36175.340528,1, 0, 0, 1,1.347245,-7.022619,-19.810053,-1,3
68475,573581,497.539036,36175.368298,36175.477349,0, 0, 0, 0,-99.000000,-99.000000,-99.000000,-1,0
68475,573582,497.600104,36175.429367,36175.538417,0, 0, 0, 0,-99.000000,-99.000000,-99.000000,-1,1
68475,573583,497.614273,36175.443536,36175.552587,0, 0, 0, 0,-99.000000,-99.000000,-99.000000,-1,0
68475,573584,497.620760,36175.450022,36175.559073,0, 0, 0, 0,-99.000000,-99.000000,-99.000000,-1,1
68475,573585,497.667427,36175.496689,36175.605740,1, 0, 0, 1,-2.669628,2.010726,-11.779698,-1,2
68475,573586,497.882976,36175.712238,36175.821290,0, 0, 0, 0,-99.000000,-99.000000,-99.000000,-1,1
68475,573587,498.016259,36175.845521,36175.954573,0, 0, 0, 0,-99.000000,-99.000000,-99.000000,-1,1
68475,573588,498.076684,36175.905945,36176.014997,1, 0, 0, 1,-0.658321,-0.769977,-16.063129,-1,2
68475,573589,498.105987,36175.935248,36176.044300,0, 0, 0, 0,-99.000000,-99.000000,-99.000000,-1,1
68475,573590,498.193973,36176.023235,36176.132287,0, 0, 0, 0,-99.000000,-99.000000,-99.000000,-1,1
68475,573591,498.339128,36176.168389,36176.277441,1, 0, 0, 1,3.876747,2.494916,-2.440839,-1,2
68475,573592,498.420199,36176.249460,36176.358512,1, 0, 0, 1,-1.224957,-4.518382,-0.492482,-1,2
68475,573593,498.601380,36176.430641,36176.539694,1, 0, 0, 1,-6.189462,2.121310,1.906700,-1,2
68475,573594,498.713336,36176.542596,36176.651649,1, 0, 0, 1,3.949378,-10.690340,10.513714,-1,2
68475,573595,498.741245,36176.570505,36176.679558,0, 0, 0, 0,-99.000000,-99.000000,-99.000000,-1,1
68475,573596,498.941713,36176.770972,36176.880026,1, 0, 0, 1,5.580429,1.960380,-16.867279,-1,2
68475,573597,498.953275,36176.782535,36176.891588,0, 0, 0, 0,-99.000000,-99.000000,-99.000000,-1,1
68475,573598,498.958004,36176.787263,36176.896317,0, 0, 0, 0,-99.000000,-99.000000,-99.000000,-1,1
68475,573599,499.176622,36177.005882,36177.114936,1, 0, 0, 1,-2.120401,7.524869,-0.698256,-1,2
68475,573600,499.197839,36177.027098,36177.136152,1, 0, 0, 1,1.396403,8.127845,-11.139811,-1,6
68475,573601,499.239709,36177.068968,36177.178022,1, 0, 0, 1,-6.468961,2.372108,-15.023449,-1,2
68475,573602,499.290465,36177.119724,36177.228779,0, 0, 0, 0,-99.000000,-99.000000,-99.000000,-1,1
68475,573603,499.378996,36177.208255,36177.317309,1, 0, 0, 1,0.492990,-4.268367,-7.549382,-1,2
68475,573604,499.413928,36177.243187,36177.352242,1, 0, 0, 1,0.254817,-0.934420,13.312968,-1,2
68475,573605,499.729529,36177.558788,36177.667843,1, 0, 0, 1,-4.418093,9.346526,12.451427,-1,2
68475,573606,499.810898,36177.640156,36177.749211,0, 0, 0, 0,-99.000000,-99.000000,-99.000000,-1,1
68475,573607,500.036349,36177.865607,36177.974662,1, 0, 0, 1,-2.704598,9.454133,-19.391690,-1,2
68475,573608,500.556392,36178.385648,36178.494705,0, 0, 0, 0,-99.000000,-99.000000,-99.000000,-1,0
68475,573609,500.749251,36178.578507,36178.687564,1, 0, 0, 1,-8.824352,1.702948,-13.409625,-1,2
68475,573610,500.884859,36178.714115,36178.823172,0, 0, 0, 0,-99.000000,-99.000000,-99.000000,-1,1
68475,573611,501.014746,36178.844001,36178.953059,0, 0, 0, 0,-99.000000,-99.000000,-99.000000,-1,1
68475,573612,501.111098,36178.940353,36179.049411,1, 0, 0, 1,-4.972747,4.965471,-11.468154,-1,2
68475,573613,501.311153,36179.140408,36179.249467,0, 0, 0, 0,-99.000000,-99.000000,-99.000000,-1,0
68475,573614,501.315377,36179.144632,36179.253690,1, 0, 0, 1,4.378339,1.581426,-19.485466,-1,2
68475,573615,501.365028,36179.194283,36179.303341,1, 0, 0, 1,9.322411,5.566924,14.576267,-1,3
68475,573616,501.629910,36179.459164,36179.568223,0, 0, 0, 0,-99.000000,-99.000000,-99.000000,-1,1
68475,573617,501.846434,36179.675688,36179.784747,0, 0, 0, 0,-99.000000,-99.000000,-99.000000,-1,1
68475,573618,502.069446,36179.898699,36180.007759,1, 0, 0, 1,1.171239,-0.652164,-17.715102,-1,2
68475,573619,502.111497,36179.940750,36180.049810,1, 0, 0, 1,-2.094464,2.296594,9.388301,-1,2
68475,573620,502.201003,36180.030256,36180.139317,1, 0, 0, 1,1.846218,-4.037826,8.061796,-1,2
68475,573621,502.383371,36180.212624,36180.321685,0, 0, 0, 0,-99.000000,-99.000000,-99.000000,-1,0
68475,573622,502.400246,36180.229499,36180.338559,1, 0, 0, 1,-5.056297,-7.499775,2.542808,-1,2
68475,573623,502.418346,36180.247599,36180.356659,1, 0, 0, 1,2.297094,1.862932,-1.756905,-1,2
68475,573624,502.531379,36180.360631,36180.469692,1, 0, 0, 1,3.291712,-3.347750,17.969819,-1,2
68475,573625,502.584931,36180.414184,36180.523245,0, 0, 0, 0,-99.000000,-99.000000,-99.000000,-1,1
68475,573626,502.648204,36180.477456,36180.586517,1, 0, 0, 1,1.439283,-5.715158,-1.351832,-1,2
68475,573627,502.757052,36180.586304,36180.695366,1, 0, 0, 1,-8.119087,2.856354,-20.206069,-1,2
68475,573628,502.867639,36180.696891,36180.805952,0, 0, 0, 0,-99.000000,-99.000000,-99.000000,-1,1
68475,573629,503.127392,36180.956643,36181.065705,0, 0, 0, 0,-99.000000,-99.000000,-99.000000,-1,1
68475,573630,503.177199,36181.006450,36181.115513,1, 0, 0, 1,9.019698,3.006850,7.111790,-1,2
68475,573631,503.179112,36181.008363,36181.117426,1, 0, 0, 1,1.441326,1.812467,12.992479,-1,2
68475,573632,503.194738,36181.023989,36181.133051,1, 0, 0, 1,-1.659192,-3.394925,-17.695421,-1,2
68475,573633,503.297259,36181.126510,36181.235573,0, 0, 0, 0,-99.000000,-99.000000,-99.000000,-1,1
68475,573634,503.312895,36181.142146,36181.251208,1, 0, 0, 1,-2.529363,8.723350,-5.506072,-1,2
68475,573635,503.442863,36181.272114,36181.381176,1, 0, 0, 1,3.275834,-1.459097,-13.668815,-1,2
68475,573636,503.485832,36181.315083,36181.424145,0, 0, 0, 0,-99.000000,-99.000000,-99.000000,-1,1
68475,573637,503.674852,36181.504102,36181.613166,1, 0, 0, 1,0.748281,-5.577579,8.017114,-1,2
68475,573638,503.716306,36181.545556,36181.654619,0, 0, 0, 0,-99.000000,-99.000000,-99.000000,-1,1
68475,573639,503.791453,36181.620703,36181.729766,0, 0, 0, 0,-99.000000,-99.000000,-99.000000,-1,1
68475,573640,503.838094,36181.667344,36181.776408,0, 0, 0, 0,-99.000000,-99.000000,-99.000000,-1,1
68475,573641,503.854038,36181.683288,36181.792351,1, 0, 0, 1,4.384578,6.136181,20.702497,-1,2
68475,573642,503.896032,36181.725282,36181.834346,1, 0, 0, 1,5.603938,6.128009,-5.879160,-1,2
68475,573643,504.275103,36182.104352,36182.213416,0, 0, 0, 0,-99.000000,-99.000000,-99.000000,-1,1
68475,573644,504.542833,36182.372082,36182.481146,1, 0, 0, 1,-2.950612,7.713456,20.463196,-1,2
68475,573645,504.751408,36182.580656,36182.689722,1, 0, 0, 1,5.331384,-2.209090,-18.918515,-1,2
68475,573646,504.949376,36182.778624,36182.887690,0, 0, 0, 0,-99.000000,-99.000000,-99.000000,-1,1
68475,573647,504.980680,36182.809927,36182.918993,1, 0, 0, 1,-2.587045,7.202674,11.576759,-1,2
68475,573648,505.000652,36182.829899,36182.938965,0, 0, 0, 0,-99.000000,-99.000000,-99.000000,-1,1
68475,573649,505.229089,36183.058336,36183.167402,0, 0, 0, 0,-99.000000,-99.000000,-99.000000,-1,1
68475,573650,505.363849,36183.193096,36183.302163,0, 0, 0, 0,-99.000000,-99.000000,-99.000000,-1,0
68475,573651,505.632870,36183.462117,36183.571184,0, 0, 0, 0,-99.000000,-99.000000,-99.000000,-1,0
68475,573652,505.652637,36183.481884,36183.590951,0, 0, 0, 0,-99.000000,-99.000000,-99.000000,-1,1
68475,573653,505.664206,36183.493453,36183.602520,0, 0, 0, 0,-99.000000,-99.000000,-99.000000,-1,0
68475,573654,505.707066,36183.536313,36183.645380,0, 0, 0, 0,-99.000000,-99.000000,-99.000000,-1,1
68475,573655,506.216973,36184.046218,36184.155286,1, 0, 0, 1,1.641300,-6.529815,-22.840053,-1,2
68475,573656,506.379690,36184.208935,36184.318003,0, 0, 0, 0,-99.000000,-99.000000,-99.000000,-1,1
68475,573657,506.495400,36184.324645,36184.433713,1, 0, 0, 1,-8.122284,2.257646,-5.178881,-1,2
68475,573658,506.585039,36184.414283,36184.523352,1, 0, 0, 1,-6.236250,-3.404165,6.859263,-1,2
68475,573659,506.597091,36184.426335,36184.535405,0, 0, 0, 0,-99.000000,-99.000000,-99.000000,-1,1
68475,573660,506.744277,36184.573522,36184.682591,1, 0, 0, 1,0.426888,-4.718279,-14.833303,-1,2
68475,573661,507.003212,36184.832456,36184.941526,1, 0, 0, 1,1.165173,2.784124,-9.159804,-1,2
68475,573662,507.004167,36184.833410,36184.942480,1, 0, 0, 1,-5.280449,0.558750,-11.172165,-1,2
68475,573663,507.114565,36184.943809,36185.052879,1, 0, 0, 1,-4.335280,3.549583,-14.218209,-1,2
68475,573664,507.151753,36184.980997,36185.090067,1, 0, 0, 1,7.159082,-3.771817,14.936339,-1,2
68475,573665,507.287726,36185.116969,36185.226040,1, 0, 0, 1,0.099726,1.106102,5.839628,-1,2
68475,573666,507.351373,36185.180616,36185.289686,0, 0, 0, 0,-99.000000,-99.000000,-99.000000,-1,1
68475,573667,507.441032,36185.270275,36185.379346,1, 0, 0, 1,4.542214,0.672883,-5.341346,-1,2
68475,573668,507.660454,36185.489696,36185.598768,1, 1, 0, 1,-3.427075,-1.307054,4.667241,-1,2
68475,573669,507.674598,36185.503840,36185.612912,0, 0, 0, 0,-99.000000,-99.000000,-99.000000,-1,0
68475,573670,507.767650,36185.596892,36185.705964,1, 0, 0, 1,2.911966,-10.826066,-8.678724,-1,2
68475,573671,508.309983,36186.139224,36186.248296,1, 0, 0, 1,-1.041414,7.025144,-5.847559,-1,2
68475,573672,508.385065,36186.214306,36186.323379,1, 0, 0, 1,5.239330,-0.567404,0.988371,-1,2
68475,573673,508.426094,36186.255335,36186.364408,1, 0, 0, 1,-1.159577,5.364312,-11.868884,-1,4
68475,573674,508.453678,36186.282919,36186.391991,1, 0, 0, 1,2.429512,-8.663536,14.431503,-1,2
68475,573675,508.505007,36186.334247,36186.443320,1, 0, 0, 1,-0.428454,7.387595,9.242988,-1,2
68475,573676,508.813574,36186.642814,36186.751887,0, 0, 0, 0,-99.000000,-99.000000,-99.000000,-1,0
68475,573677,508.825088,36186.654328,36186.763402,1, 0, 0, 1,5.240394,0.053112,4.399144,-1,2
68475,573678,509.018060,36186.847299,36186.956373,1, 1, 0, 1,-0.229636,-1.096374,-8.625779,-1,2
68475,573679,509.025180,36186.854419,36186.963493,1, 0, 0, 1,2.980289,-0.039240,8.392588,-1,2
68475,573680,509.289325,36187.118564,36187.227638,1, 0, 0, 1,6.094483,-4.488943,23.426273,-1,2
68475,573681,509.300136,36187.129375,36187.238450,1, 0, 0, 1,7.549044,-1.944136,8.734624,-1,3
68475,573682,509.492872,36187.322110,36187.431185,0, 0, 0, 0,-99.000000,-99.000000,-99.000000,-1,1
68475,573683,509.938102,36187.767339,36187.876415,0, 0, 0, 0,-99.000000,-99.000000,-99.000000,-1,1
68475,573684,509.951502,36187.780740,36187.889816,0, 0, 0, 0,-99.000000,-99.000000,-99.000000,-1,0
68475,573685,510.024109,36187.853347,36187.962423,1, 0, 0, 1,2.828403,-3.697359,1.382215,-1,2
68475,573686,510.288318,36188.117555,36188.226631,1, 0, 0, 1,4.424603,6.617920,5.987104,-1,2
68475,573687,510.289900,36188.119137,36188.228213,1, 0, 0, 1,4.228480,-5.170542,16.776643,-1,2
68475,573688,510.607650,36188.436886,36188.545963,0, 0, 0, 0,-99.000000,-99.000000,-99.000000,-1,1
68475,573689,510.810337,36188.639572,36188.748650,1, 0, 0, 1,-6.424756,4.118472,14.743466,-1,2
68475,573690,510.833854,36188.663090,36188.772168,0, 0, 0, 0,-99.000000,-99.000000,-99.000000,-1,1
68475,573691,510.888967,36188.718203,36188.827281,0, 0, 0, 0,-99.000000,-99.000000,-99.000000,-1,0
68475,573692,510.905409,36188.734644,36188.843722,1, 0, 0, 1,4.592155,7.524782,2.898743,-1,2
68475,573693,510.995522,36188.824757,36188.933835,1, 0, 0, 1,6.595152,-5.198862,-5.393921,-1,2
68475,573694,511.472260,36189.301495,36189.410573,1, 0, 0, 1,-0.991563,6.109094,9.749284,-1,2
68475,573695,511.511308,36189.340543,36189.449622,0, 0, 0, 0,-99.000000,-99.000000,-99.000000,-1,1
68475,573696,511.734666,36189.563900,36189.672979,1, 0, 0, 1,-0.837368,6.574589,-15.267787,-1,2
68475,573697,511.831437,36189.660671,36189.769751,0, 0, 0, 0,-99.000000,-99.000000,-99.000000,-1,0
68475,573698,511.979751,36189.808985,36189.918065,1, 0, 0, 1,1.004457,-10.828301,-6.146678,-1,2
68475,573699,512.127052,36189.956285,36190.065365,0, 0, 0, 0,-99.000000,-99.000000,-99.000000,-1,1
68475,573700,512.294467,36190.123700,36190.232781,1, 0, 0, 1,3.022562,7.193725,-8.600028,-1,2
68475,573701,512.626835,36190.456067,36190.565148,0, 0, 0, 0,-99.000000,-99.000000,-99.000000,-1,0
68475,573702,512.719482,36190.548714,36190.657796,0, 0, 0, 0,-99.000000,-99.000000,-99.000000,-1,0
68475,573703,512.781717,36190.610949,36190.720031,1, 0, 0, 1,8.305879,8.219543,-17.941464,-1,3
68475,573704,512.807514,36190.636746,36190.745828,1, 1, 0, 1,-1.846027,-2.870349,-6.032413,-1,2
68475,573705,512.816516,36190.645748,36190.754829,0, 0, 0, 0,-99.000000,-99.000000,-99.000000,-1,0
68475,573706,512.860327,36190.689559,36190.798641,0, 0, 0, 0,-99.000000,-99.000000,-99.000000,-1,0
68475,573707,513.099824,36190.929055,36191.038137,0, 0, 0, 0,-99.000000,-99.000000,-99.000000,-1,0
68475,573708,513.165820,36190.995051,36191.104134,0, 0, 0, 0,-99.000000,-99.000000,-99.000000,-1,0
68475,573709,513.448751,36191.277982,36191.387065,0, 0, 0, 0,-99.000000,-99.000000,-99.000000,-1,1
68475,573710,513.517796,36191.347026,36191.456109,0, 0, 0, 0,-99.000000,-99.000000,-99.000000,-1,1
68475,573711,513.582576,36191.411807,36191.520890,0, 0, 0, 0,-99.000000,-99.000000,-99.000000,-1,1
68475,573712,513.596374,36191.425605,36191.534688,1, 1, 0, 1,-0.068705,1.008505,-6.205064,-1,2
68475,573713,513.629172,36191.458402,36191.567485,1, 0, 0, 1,-6.980283,-2.272569,-16.874880,-1,2
68475,573714,513.676673,36191.505903,36191.614987,0, 0, 0, 0,-99.000000,-99.000000,-99.000000,-1,1
68475,573715,513.730588,36191.559817,36191.668901,1, 0, 0, 1,-3.705236,-1.060135,-3.317281,-1,2
68475,573716,513.813709,36191.642939,36191.752023,1, 0, 0, 1,6.742591,5.331288,3.361254,-1,2
68475,573717,513.988348,36191.817577,36191.926661,0, 0, 0, 0,-99.000000,-99.000000,-99.000000,-1,1
68475,573718,513.990045,36191.819275,36191.928359,0, 0, 0, 0,-99.000000,-99.000000,-99.000000,-1,0
68475,573719,514.027945,36191.857174,36191.966258,0, 0, 0, 0,-99.000000,-99.000000,-99.000000,-1,0
68475,573720,514.139658,36191.968887,36192.077971,1, 0, 0, 1,-2.688448,1.229034,14.127172,-1,2
68475,573721,514.164611,36191.993840,36192.102924,0, 0, 0, 0,-99.000000,-99.000000,-99.000000,-1,1
68475,573722,514.171857,36192.001086,36192.110170,1, 0, 0, 1,5.532335,-5.476005,17.989641,-1,2
68475,573723,514.181934,36192.011163,36192.120248,1, 0, 0, 1,4.479017,-4.980563,8.513757,-1,2
68475,573724,514.205646,36192.034875,36192.143960,1, 0, 0, 1,-6.478254,-4.126520,-1.762902,-1,2
68475,573725,514.460213,36192.289441,36192.398526,0, 0, 0, 0,-99.000000,-99.000000,-99.000000,-1,1
68475,573726,514.569017,36192.398245,36192.507330,1, 0, 0, 1,5.316070,3.455119,9.185045,-1,2
68475,573727,514.695458,36192.524686,36192.633771,1, 0, 0, 1,5.183109,-7.316432,13.637655,-1,2
68475,573728,514.845056,36192.674283,36192.783369,0, 0, 0, 0,-99.000000,-99.000000,-99.000000,-1,0
68475,573729,515.013941,36192.843168,36192.952254,1, 0, 0, 1,1.057567,-1.744804,17.407311,-1,2
68475,573730,515.165481,36192.994708,36193.103795,0, 0, 0, 0,-99.000000,-99.000000,-99.000000,-1,1
68475,573731,515.301165,36193.130392,36193.239479,0, 0, 0, 0,-99.000000,-99.000000,-99.000000,-1,1
68475,573732,515.463264,36193.292491,36193.401578,0, 0, 0, 0,-99.000000,-99.000000,-99.000000,-1,1
68475,573733,515.642925,36193.472151,36193.581238,1, 0, 0, 1,-4.488282,0.046648,13.793685,-1,2
68475,573734,515.662479,36193.491705,36193.600792,0, 0, 0, 0,-99.000000,-99.000000,-99.000000,-1,0
68475,573735,515.747141,36193.576367,36193.685455,1, 0, 0, 1,-3.156910,9.786127,-6.429564,-1,2
68475,573736,515.878340,36193.707565,36193.816653,1, 0, 0, 1,-4.604693,2.219095,7.459185,-1,2
68475,573737,515.903970,36193.733195,36193.842283,1, 0, 0, 1,2.384697,0.500431,-19.869805,-1,2
68475,573738,515.956894,36193.786119,36193.895207,1, 0, 0, 1,6.824201,-1.263113,4.005932,-1,2
68475,573739,516.017831,36193.847056,36193.956144,1, 0, 0, 1,-5.311389,-0.633014,7.098935,-1,2
68475,573740,516.390937,36194.220162,36194.329251,0, 0, 0, 0,-99.000000,-99.000000,-99.000000,-1,0
68475,573741,516.717844,36194.547068,36194.656158,0, 0, 0, 0,-99.000000,-99.000000,-99.000000,-1,1
68475,573742,516.726912,36194.556136,36194.665225,1, 0, 0, 1,2.900624,-1.188490,-7.555077,-1,2
68475,573743,516.760380,36194.589603,36194.698693,0, 0, 0, 0,-99.000000,-99.000000,-99.000000,-1,0
68475,573744,516.853376,36194.682599,36194.791689,0, 0, 0, 0,-99.000000,-99.000000,-99.000000,-1,1
68475,573745,516.886488,36194.715712,36194.824802,0, 0, 0, 0,-99.000000,-99.000000,-99.000000,-1,1
68475,573746,516.936046,36194.765269,36194.874359,1, 0, 0, 1,2.433322,-1.024852,-21.844973,-1,2
68475,573747,517.136024,36194.965247,36195.074337,1, 0, 0, 1,-0.680039,6.347961,-16.259074,-1,2
68475,573748,517.176112,36195.005335,36195.114426,0, 0, 0, 0,-99.000000,-99.000000,-99.000000,-1,0
68475,573749,517.273009,36195.102232,36195.211323,0, 0, 0, 0,-99.000000,-99.000000,-99.000000,-1,1
68475,573750,517.288954,36195.118177,36195.227268,0, 0, 0, 0,-99.000000,-99.000000,-99.000000,-1,1
68475,573751,517.411220,36195.240442,36195.349533,1, 1, 0, 1,1.451499,1.377189,5.146558,-1,3
68475,573752,517.631931,36195.461153,36195.570244,0, 0, 0, 0,-99.000000,-99.000000,-99.000000,-1,1
68475,573753,517.708453,36195.537675,36195.646766,1, 0, 0, 1,-2.966608,3.418894,16.673242,-1,2
68475,573754,517.710754,36195.539976,36195.649068,1, 0, 0, 1,-3.174407,7.109901,-19.867280,-1,2
68475,573755,517.799201,36195.628423,36195.737515,1, 0, 0, 1,0.127492,5.726585,-12.237664,-1,2
68475,573756,517.850171,36195.679393,36195.788485,1, 0, 0, 1,5.197206,0.732973,11.145138,-1,2
68475,573757,518.080020,36195.909241,36196.018333,0, 0, 0, 0,-99.000000,-99.000000,-99.000000,-1,1
68475,573758,518.088769,36195.917990,36196.027082,1, 0, 0, 1,0.866726,-0.664869,-17.623714,-1,2
68475,573759,518.117522,36195.946744,36196.055836,0, 0, 0, 0,-99.000000,-99.000000,-99.000000,-1,1
68475,573760,518.153610,36195.982831,36196.091923,1, 0, 0, 1,-1.626203,5.613839,20.755086,-1,2
68475,573761,518.282870,36196.112091,36196.221184,1, 0, 0, 1,-5.208837,3.086141,17.470372,-1,2
68475,573762,518.336619,36196.165839,36196.274932,1, 0, 0, 1,-1.544630,-1.932716,8.263936,-1,2
68475,573763,518.394198,36196.223419,36196.332512,0, 0, 0, 0,-99.000000,-99.000000,-99.000000,-1,1
68475,573764,518.430211,36196.259431,36196.368524,0, 0, 0, 0,-99.000000,-99.000000,-99.000000,-1,1
68475,573765,518.672122,36196.501342,36196.610435,1, 0, 0, 1,2.226437,-7.616729,19.728387,-1,2
68475,573766,518.679310,36196.508530,36196.617624,0, 0, 0, 0,-99.000000,-99.000000,-99.000000,-1,1
68475,573767,518.728781,36196.558001,36196.667095,0, 0, 0, 0,-99.000000,-99.000000,-99.000000,-1,0
68475,573768,518.892785,36196.722005,36196.831099,0, 0, 0, 0,-99.000000,-99.000000,-99.000000,-1,1
68475,573769,518.968107,36196.797326,36196.906420,0, 0, 0, 0,-99.000000,-99.000000,-99.000000,-1,1
68475,573770,519.114841,36196.944060,36197.053154,1, 0, 0, 1,7.672699,8.235125,-0.799217,-1,2
68475,573771,519.117218,36196.946437,36197.055531,0, 0, 0, 0,-99.000000,-99.000000,-99.000000,-1,0
68475,573772,519.178197,36197.007416,36197.116510,1, 0, 0, 1,-2.529391,0.490910,15.619346,-1,2
68475,573773,519.267772,36197.096990,36197.206085,1, 0, 0, 1,-2.618457,-5.958514,-0.440880,-1,2
68475,573774,519.359560,36197.188778,36197.297873,1, 0, 0, 1,2.737016,5.587983,11.405414,-1,2
68475,573775,519.363042,36197.192261,36197.301356,0, 0, 0, 0,-99.000000,-99.000000,-99.000000,-1,1
68475,573776,519.401844,36197.231062,36197.340157,0, 0, 0, 0,-99.000000,-99.000000,-99.000000,-1,1
68475,573777,519.584501,36197.413720,36197.522815,0, 0, 0, 0,-99.000000,-99.000000,-99.000000,-1,1
68475,573778,519.606472,36197.435690,36197.544785,0, 0, 0, 0,-99.000000,-99.000000,-99.000000,-1,1
68475,573779,519.672084,36197.501301,36197.610397,1, 0, 0, 1,-1.306187,2.884144,-17.299908,-1,2
68475,573780,519.813988,36197.643205,36197.752301,1, 0, 0, 1,-3.518152,-8.733600,17.870200,-1,8
68475,573781,519.993230,36197.822447,36197.931543,1, 0, 0, 1,9.126781,0.533461,-2.719098,-1,2
68475,573782,520.151641,36197.980858,36198.089955,1, 0, 0, 1,6.336815,-0.742735,-0.329308,-1,2
68475,573783,520.226156,36198.055373,36198.164469,0, 0, 0, 0,-99.000000,-99.000000,-99.000000,-1,1
68475,573784,520.241832,36198.071049,36198.180145,1, 0, 0, 1,6.472523,-2.977433,10.151967,-1,2
68475,573785,520.311564,36198.140781,36198.249878,1, 0, 0, 1,0.677503,-8.904926,8.105879,-1,2
68475,573786,520.454495,36198.283711,36198.392809,0, 0, 0, 0,-99.000000,-99.000000,-99.000000,-1,1
68475,573787,520.479139,36198.308355,36198.417452,0, 0, 0, 0,-99.000000,-99.000000,-99.000000,-1,1
68475,573788,520.610084,36198.439300,36198.548397,1, 0, 0, 1,5.006667,6.501151,0.869272,-1,2
68475,573789,520.745555,36198.574771,36198.683869,0, 0, 0, 0,-99.000000,-99.000000,-99.000000,-1,1
68475,573790,520.783208,36198.612424,36198.721521,0, 0, 0, 0,-99.000000,-99.000000,-99.000000,-1,1
68475,573791,520.812154,36198.641369,36198.750467,0, 0, 0, 0,-99.000000,-99.000000,-99.000000,-1,1
68475,573792,520.944135,36198.773350,36198.882449,1, 0, 0, 1,0.623587,-4.938338,12.999098,-1,2
68475,573793,521.053761,36198.882976,36198.992074,1, 0, 0, 1,1.073026,-8.045883,-7.429570,-1,2
68475,573794,521.171542,36199.000757,36199.109856,1, 0, 0, 1,-5.417702,-0.786859,-11.184845,-1,2
68475,573795,521.268357,36199.097571,36199.206670,1, 0, 0, 1,-1.896380,6.165092,-0.787048,-1,2
68475,573796,521.306805,36199.136020,36199.245119,1, 0, 0, 1,-3.527023,-2.887869,12.383975,-1,2
68475,573797,521.330976,36199.160191,36199.269289,0, 0, 0, 0,-99.000000,-99.000000,-99.000000,-1,0
68475,573798,521.523453,36199.352667,36199.461766,0, 0, 0, 0,-99.000000,-99.000000,-99.000000,-1,1
68475,573799,521.547974,36199.377188,36199.486287,1, 0, 0, 1,3.193630,7.110109,4.316449,-1,2
68475,573800,521.626111,36199.455325,36199.564425,1, 0, 0, 1,3.021469,3.571877,-12.575063,-1,2
68475,573801,521.685013,36199.514227,36199.623327,1, 0, 0, 1,-6.944380,1.606480,-19.123821,-1,2
68475,573802,521.701432,36199.530646,36199.639746,0, 0, 0, 0,-99.000000,-99.000000,-99.000000,-1,1
68475,573803,521.902850,36199.732064,36199.841164,1, 0, 0, 1,-0.488042,5.301347,6.220744,-1,2
68475,573804,521.940398,36199.769611,36199.878711,1, 0, 0, 1,8.496040,-2.508100,-11.685440,-1,2
68475,573805,522.207769,36200.036982,36200.146083,0, 0, 0, 0,-99.000000,-99.000000,-99.000000,-1,1
68475,573806,522.297175,36200.126387,36200.235488,1, 0, 0, 1,-8.075692,0.888977,0.788455,-1,2
68475,573807,522.324142,36200.153354,36200.262455,0, 0, 0, 0,-99.000000,-99.000000,-99.000000,-1,0
68475,573808,522.409293,36200.238505,36200.347607,0, 0, 0, 0,-99.000000,-99.000000,-99.000000,-1,1
68475,573809,522.541540,36200.370752,36200.479853,1, 0, 0, 1,2.885343,3.752044,11.607836,-1,2
68475,573810,522.679663,36200.508875,36200.617977,1, 0, 0, 1,0.864181,0.704468,11.118526,-1,2
68475,573811,523.204396,36201.033606,36201.142709,1, 0, 0, 1,3.020740,2.926845,-13.315292,-1,2
68475,573812,523.271276,36201.100486,36201.209589,1, 0, 0, 1,1.216753,-4.250485,-4.553566,-1,2
68475,573813,523.425534,36201.254744,36201.363847,1, 0, 0, 1,-1.190147,-0.939004,-7.092513,-1,2
68475,573814,523.722987,36201.552196,36201.661300,1, 0, 0, 1,-6.649262,2.768692,9.463174,-1,2
68475,573815,524.062097,36201.891306,36202.000411,0, 0, 0, 0,-99.000000,-99.000000,-99.000000,-1,1
68475,573816,524.132071,36201.961280,36202.070384,1, 0, 0, 1,3.347369,4.237608,-9.058271,-1,2
68475,573817,524.199900,36202.029109,36202.138214,1, 0, 0, 1,3.099577,4.884710,-21.139943,-1,2
68475,573818,524.363807,36202.193015,36202.302120,0, 0, 0, 0,-99.000000,-99.000000,-99.000000,-1,1
68475,573819,524.462823,36202.292031,36202.401136,0, 0, 0, 0,-99.000000,-99.000000,-99.000000,-1,0
68475,573820,524.526422,36202.355630,36202.464736,1, 0, 0, 1,-7.427010,0.445517,-16.905802,-1,2
68475,573821,524.543186,36202.372394,36202.481500,1, 0, 0, 1,-6.038988,1.773020,-11.115020,-1,2
68475,573822,524.564079,36202.393287,36202.502392,1, 0, 0, 1,-6.080080,-6.302117,11.366256,-1,2
68475,573823,524.831461,36202.660668,36202.769774,0, 0, 0, 0,-99.000000,-99.000000,-99.000000,-1,1
68475,573824,524.863387,36202.692595,36202.801701,0, 0, 0, 0,-99.000000,-99.000000,-99.000000,-1,1
68475,573825,524.933971,36202.763178,36202.872284,1, 0, 0, 1,-2.438413,5.116885,-4.159780,-1,2
68475,573826,525.046289,36202.875496,36202.984603,1, 0, 0, 1,-6.575193,-2.771167,-8.130683,-1,2
68475,573827,525.353452,36203.182659,36203.291766,1, 0, 0, 1,-5.674536,1.067377,-15.005566,-1,2
68475,573828,525.735163,36203.564369,36203.673476,0, 0, 0, 0,-99.000000,-99.000000,-99.000000,-1,1
68475,573829,525.964093,36203.793298,36203.902407,1, 0, 0, 1,2.732299,3.167097,19.352057,-1,2
68475,573830,526.045571,36203.874776,36203.983884,0, 0, 0, 0,-99.000000,-99.000000,-99.000000,-1,1
68475,573831,526.191326,36204.020531,36204.129640,1, 0, 0, 1,-4.585725,7.429040,12.986523,-1,2
68475,573832,526.627939,36204.457143,36204.566253,1, 0, 0, 1,2.149120,-1.154111,-11.530971,-1,2
68475,573833,526.633435,36204.462639,36204.571748,0, 0, 0, 0,-99.000000,-99.000000,-99.000000,-1,0
68475,573834,526.719817,36204.549021,36204.658131,0, 0, 0, 0,-99.000000,-99.000000,-99.000000,-1,1
68475,573835,526.832886,36204.662089,36204.771199,1, 0, 0, 1,-4.619620,3.135155,-0.220249,-1,2
68475,573836,526.836984,36204.666188,36204.775298,0, 0, 0, 0,-99.000000,-99.000000,-99.000000,-1,1
68475,573837,526.944609,36204.773812,36204.882922,1, 0, 0, 1,1.783502,-1.763935,9.362387,-1,2
68475,573838,526.949340,36204.778544,36204.887654,0, 0, 0, 0,-99.000000,-99.000000,-99.000000,-1,0
68475,573839,527.221037,36205.050239,36205.159350,0, 0, 0, 0,-99.000000,-99.000000,-99.000000,-1,1
68475,573840,527.416659,36205.245861,36205.354972,0, 0, 0, 0,-99.000000,-99.000000,-99.000000,-1,1
68475,573841,527.661867,36205.491069,36205.600181,0, 0, 0, 0,-99.000000,-99.000000,-99.000000,-1,1
68475,573842,527.758501,36205.587703,36205.696815,0, 0, 0, 0,-99.000000,-99.000000,-99.000000,-1,1
68475,573843,528.044181,36205.873382,36205.982495,1, 0, 0, 1,8.504465,3.301036,-17.504566,-1,2
68475,573844,528.085424,36205.914625,36206.023738,0, 0, 0, 0,-99.000000,-99.000000,-99.000000,-1,0
68475,573845,528.162117,36205.991318,36206.100431,0, 0, 0, 0,-99.000000,-99.000000,-99.000000,-1,0
68475,573846,528.414158,36206.243358,36206.352471,1, 0, 0, 1,5.212824,1.431518,-17.749307,-1,2
68475,573847,528.700350,36206.529550,36206.638664,0, 0, 0, 0,-99.000000,-99.000000,-99.000000,-1,0
68475,573848,528.755823,36206.585023,36206.694137,1, 0, 0, 1,-8.815904,2.460186,-16.792359,-1,2
68475,573849,528.882667,36206.711866,36206.820981,1, 0, 0, 1,-2.568503,-2.722490,0.413271,-1,2
68475,573850,529.129500,36206.958698,36207.067813,0, 0, 0, 0,-99.000000,-99.000000,-99.000000,-1,1
68475,573851,529.176106,36207.005305,36207.114420,1, 0, 0, 1,-1.773063,-2.529267,3.105495,-1,2
68475,573852,529.190539,36207.019737,36207.128852,1, 0, 0, 1,-3.306034,-1.002783,12.566786,-1,2
68475,573853,529.370469,36207.199667,36207.308782,1, 0, 0, 1,0.352293,-3.051488,14.555340,-1,2
68475,573854,529.407921,36207.237119,36207.346234,1, 0, 0, 1,-1.390221,-3.581770,6.875665,-1,2
68475,573855,529.431389,36207.260587,36207.369702,1, 0, 0, 1,-7.082890,-3.615207,6.783512,-1,2
68475,573856,529.731245,36207.560443,36207.669559,0, 0, 0, 0,-99.000000,-99.000000,-99.000000,-1,1
68475,573857,529.861347,36207.690544,36207.799660,1, 0, 0, 1,-1.208105,-5.980375,5.403452,-1,2
68475,573858,529.913762,36207.742959,36207.852075,1, 1, 0, 1,-2.590875,-3.020246,-9.797770,-1,6
68475,573859,529.946121,36207.775318,36207.884434,1, 0, 0, 1,5.094663,5.472356,15.207441,-1,2
68475,573860,529.961696,36207.790893,36207.900010,1, 0, 0, 1,-4.399916,4.990267,16.446607,-1,2
68475,573861,529.972385,36207.801582,36207.910699,0, 0, 0, 0,-99.000000,-99.000000,-99.000000,-1,1
68475,573862,530.195912,36208.025108,36208.134225,1, 0, 0, 1,-1.652772,-5.982358,8.099184,-1,2
68475,573863,530.295060,36208.124257,36208.233374,0, 0, 0, 0,-99.000000,-99.000000,-99.000000,-1,1
68475,573864,530.370469,36208.199666,36208.308783,1, 0, 0, 1,-4.355631,-1.183030,-6.162171,-1,2
68475,573865,530.376273,36208.205469,36208.314586,0, 0, 0, 0,-99.000000,-99.000000,-99.000000,-1,1
68475,573866,530.463436,36208.292632,36208.401749,1, 0, 0, 1,-2.671918,9.444132,14.842941,-1,2
68475,573867,530.543040,36208.372236,36208.481354,1, 0, 0, 1,2.575618,-0.040119,9.556054,-1,2
68475,573868,530.590363,36208.419559,36208.528676,1, 0, 0, 1,-9.313486,2.066967,-5.714602,-1,2
68475,573869,530.650546,36208.479742,36208.588860,0, 0, 0, 0,-99.000000,-99.000000,-99.000000,-1,1
68475,573870,530.875931,36208.705126,36208.814244,1, 0, 0, 1,6.216621,3.499141,-1.495647,-1,2
68475,573871,530.992688,36208.821883,36208.931002,0, 0, 0, 0,-99.000000,-99.000000,-99.000000,-1,1
68475,573872,531.111549,36208.940744,36209.049862,1, 0, 0, 1,0.518608,3.479690,1.052736,-1,2
68475,573873,531.373336,36209.202530,36209.311650,1, 0, 0, 1,0.100398,5.258037,10.119839,-1,2
68475,573874,531.392762,36209.221956,36209.331076,0, 0, 0, 0,-99.000000,-99.000000,-99.000000,-1,1
68475,573875,531.420152,36209.249346,36209.358465,1, 0, 0, 1,-5.642376,-8.601595,8.841561,-1,2
68475,573876,531.440982,36209.270176,36209.379295,1, 0, 0, 1,-8.644681,-0.017373,9.002340,-1,2
68475,573877,531.496678,36209.325872,36209.434991,0, 0, 0, 0,-99.000000,-99.000000,-99.000000,-1,1
68475,573878,531.602971,36209.432165,36209.541284,0, 0, 0, 0,-99.000000,-99.000000,-99.000000,-1,1
68475,573879,531.730091,36209.559285,36209.668405,1, 0, 0, 1,-0.407485,-1.707031,-2.123576,-1,2
68475,573880,531.917756,36209.746949,36209.856070,0, 0, 0, 0,-99.000000,-99.000000,-99.000000,-1,0
68475,573881,531.992224,36209.821417,36209.930538,1, 0, 0, 1,-0.218119,2.873278,-17.695200,-1,2
68475,573882,532.002617,36209.831810,36209.940930,0, 0, 0, 0,-99.000000,-99.000000,-99.000000,-1,0
68475,573883,532.010189,36209.839382,36209.948503,0, 0, 0, 0,-99.000000,-99.000000,-99.000000,-1,1
68475,573884,532.090280,36209.919473,36210.028594,1, 0, 0, 1,4.824971,1.247329,-12.001831,-1,2
68475,573885,532.128490,36209.957682,36210.066803,0, 0, 0, 0,-99.000000,-99.000000,-99.000000,-1,1
68475,573886,532.134765,36209.963958,36210.073079,1, 0, 0, 1,-7.383942,2.345100,-1.351047,-1,2
68475,573887,532.208310,36210.037502,36210.146623,0, 0, 0, 0,-99.000000,-99.000000,-99.000000,-1,1
68475,573888,532.255704,36210.084897,36210.194018,0, 0, 0, 0,-99.000000,-99.000000,-99.000000,-1,1
68475,573889,532.315110,36210.144303,36210.253424,0, 0, 0, 0,-99.000000,-99.000000,-99.000000,-1,1
68475,573890,532.379852,36210.209044,36210.318166,1, 0, 0, 1,4.500599,9.999981,-1.960778,-1,3
68475,573891,532.805537,36210.634728,36210.743850,1, 0, 0, 1,-15.110298,-2.582638,-20.561614,-1,2
68475,573892,532.833845,36210.663036,36210.772158,0, 0, 0, 0,-99.000000,-99.000000,-99.000000,-1,1
68475,573893,532.916501,36210.745692,36210.854814,1, 0, 0, 1,-4.610323,3.316981,7.582816,-1,2
68475,573894,533.130986,36210.960176,36211.069299,1, 0, 0, 1,-4.935718,-3.863965,-7.728815,-1,2
68475,573895,533.236371,36211.065561,36211.174684,0, 0, 0, 0,-99.000000,-99.000000,-99.000000,-1,1
68475,573896,533.250317,36211.079508,36211.188631,0, 0, 0, 0,-99.000000,-99.000000,-99.000000,-1,1
68475,573897,533.399437,36211.228627,36211.337750,0, 0, 0, 0,-99.000000,-99.000000,-99.000000,-1,0
68475,573898,533.441410,36211.270600,36211.379723,1, 0, 0, 1,4.489501,-2.444185,9.297156,-1,2
68475,573899,533.445862,36211.275052,36211.384175,1, 0, 0, 1,0.027463,-4.401046,-18.171077,-1,2
68475,573900,533.522309,36211.351499,36211.460623,0, 0, 0, 0,-99.000000,-99.000000,-99.000000,-1,1
68475,573901,533.583917,36211.413107,36211.522230,1, 0, 0, 1,-4.646358,-7.004352,18.590709,-1,2
68475,573902,533.715756,36211.544945,36211.654069,0, 0, 0, 0,-99.000000,-99.000000,-99.000000,-1,1
68475,573903,533.775035,36211.604224,36211.713348,1, 1, 0, 1,2.810467,1.931877,-14.678569,-1,6
68475,573904,533.853603,36211.682792,36211.791917,1, 0, 0, 1,-1.564245,-0.664631,3.675044,-1,2
68475,573905,533.864918,36211.694108,36211.803232,0, 0, 0, 0,-99.000000,-99.000000,-99.000000,-1,0
68475,573906,533.876779,36211.705969,36211.815093,0, 0, 0, 0,-99.000000,-99.000000,-99.000000,-1,0
68475,573907,534.016620,36211.845809,36211.954934,1, 0, 0, 1,-8.744618,-0.771769,-12.229783,-1,2
68475,573908,534.226931,36212.056119,36212.165245,1, 0, 0, 1,2.177494,-3.814204,-11.568364,-1,2
68475,573909,534.308950,36212.138138,36212.247264,0, 0, 0, 0,-99.000000,-99.000000,-99.000000,-1,1
68475,573910,534.659333,36212.488521,36212.597647,0, 0, 0, 0,-99.000000,-99.000000,-99.000000,-1,1
68475,573911,534.682457,36212.511645,36212.620771,0, 0, 0, 0,-99.000000,-99.000000,-99.000000,-1,0
68475,573912,534.970676,36212.799863,36212.908990,1, 0, 0, 1,-4.176029,-3.264677,13.457282,-1,2
68475,573913,535.091792,36212.920979,36213.030105,1, 0, 0, 1,-2.676721,0.628590,-1.987533,-1,2
68475,573914,535.272832,36213.102018,36213.211145,1, 0, 0, 1,9.835161,3.884796,11.964583,-1,2
68475,573915,535.369809,36213.198995,36213.308123,0, 0, 0, 0,-99.000000,-99.000000,-99.000000,-1,1
68475,573916,535.377072,36213.206258,36213.315386,1, 0, 0, 1,2.169562,-7.932610,15.413654,-1,2
68475,573917,535.438972,36213.268158,36213.377285,1, 0, 0, 1,2.524824,0.508949,-13.158109,-1,2
68475,573918,535.718805,36213.547990,36213.657118,1, 0, 0, 1,0.985080,-0.058658,-5.145675,-1,5
68475,573919,535.723339,36213.552524,36213.661652,1, 0, 0, 1,-3.532591,4.120292,-14.227870,-1,2
68475,573920,535.760572,36213.589757,36213.698885,0, 0, 0, 0,-99.000000,-99.000000,-99.000000,-1,1
68475,573921,535.798583,36213.627768,36213.736896,1, 0, 0, 1,1.597891,0.286018,-0.178861,-1,2
68475,573922,535.952965,36213.782150,36213.891278,1, 0, 0, 1,0.520053,2.372507,-14.887500,-1,2
68475,573923,536.036518,36213.865703,36213.974832,0, 0, 0, 0,-99.000000,-99.000000,-99.000000,-1,1
68475,573924,536.072806,36213.901990,36214.011119,0, 0, 0, 0,-99.000000,-99.000000,-99.000000,-1,1
68475,573925,536.181036,36214.010221,36214.119350,1, 0, 0, 1,-2.959340,1.461500,6.549542,-1,2
68475,573926,536.225529,36214.054714,36214.163843,1, 0, 0, 1,4.646393,0.292574,-14.287863,-1,2
68475,573927,536.258907,36214.088091,36214.197221,0, 0, 0, 0,-99.000000,-99.000000,-99.000000,-1,0
68475,573928,536.411176,36214.240360,36214.349490,1, 0, 0, 1,-1.044149,6.940419,4.393970,-1,2
68475,573929,536.426596,36214.255780,36214.364910,0, 0, 0, 0,-99.000000,-99.000000,-99.000000,-1,1
68475,573930,536.533798,36214.362982,36214.472111,1, 0, 0, 1,5.650279,-0.567205,13.194755,-1,2
68475,573931,536.618614,36214.447798,36214.556928,1, 0, 0, 1,-5.485499,0.934955,17.836875,-1,2
68475,573932,536.694428,36214.523612,36214.632742,1, 0, 0, 1,-5.399322,-2.086039,-10.087087,-1,2
68475,573933,537.000926,36214.830109,36214.939239,1, 0, 0, 1,-8.846762,-0.930507,2.348488,-1,2
68475,573934,537.025559,36214.854742,36214.963872,1, 0, 0, 1,-1.490622,-1.768819,-0.847424,-1,2
68475,573935,537.142933,36214.972116,36215.081247,1, 0, 0, 1,8.036251,-0.304329,-0.445613,-1,2
68475,573936,537.209129,36215.038311,36215.147442,1, 0, 0, 1,-1.814856,-5.267890,-10.321557,-1,2
68475,573937,537.299219,36215.128401,36215.237532,1, 0, 0, 1,1.918294,1.257013,9.450439,-1,2
68475,573938,537.432450,36215.261632,36215.370764,1, 0, 0, 1,2.042865,-1.242421,-16.831758,-1,2
68475,573939,537.472552,36215.301734,36215.410866,1, 0, 0, 1,5.524942,-1.350640,-10.114449,-1,2
68475,573940,537.871513,36215.700695,36215.809827,1, 0, 0, 1,-9.227717,-1.471519,-0.539758,-1,2
68475,573941,537.924114,36215.753295,36215.862428,1, 0, 0, 1,-1.241862,4.756883,-21.123204,-1,2
68475,573942,538.090695,36215.919876,36216.029008,0, 0, 0, 0,-99.000000,-99.000000,-99.000000,-1,1
68475,573943,538.096705,36215.925886,36216.035018,1, 0, 0, 1,-3.719126,-3.180936,3.307337,-1,2
68475,573944,538.137341,36215.966521,36216.075654,0, 0, 0, 0,-99.000000,-99.000000,-99.000000,-1,1
68475,573945,538.159964,36215.989144,36216.098277,0, 0, 0, 0,-99.000000,-99.000000,-99.000000,-1,1
68475,573946,538.267449,36216.096629,36216.205763,1, 0, 0, 1,1.696358,-4.334042,9.249610,-1,2
68475,573947,538.531813,36216.360993,36216.470126,1, 0, 0, 1,4.411948,-4.864499,16.880585,-1,2
68475,573948,538.645446,36216.474626,36216.583760,1, 0, 0, 1,6.695319,-1.890960,-19.411897,-1,2
68475,573949,538.654633,36216.483812,36216.592946,1, 0, 0, 1,6.144821,2.567097,13.483482,-1,2
68475,573950,538.923812,36216.752991,36216.862125,0, 0, 0, 0,-99.000000,-99.000000,-99.000000,-1,0
68475,573951,538.947446,36216.776625,36216.885759,1, 0, 0, 1,8.747861,-12.849267,4.609736,-1,2
68475,573952,538.959892,36216.789071,36216.898206,1, 0, 0, 1,5.121633,9.454529,12.953036,-1,3
68475,573953,539.137381,36216.966560,36217.075695,1, 0, 0, 1,0.626667,8.429069,-13.578101,-1,3
68475,573954,539.305164,36217.134342,36217.243477,0, 0, 0, 0,-99.000000,-99.000000,-99.000000,-1,0
68475,573955,539.316055,36217.145233,36217.254369,0, 0, 0, 0,-99.000000,-99.000000,-99.000000,-1,0
68475,573956,539.332172,36217.161350,36217.270485,0, 0, 0, 0,-99.000000,-99.000000,-99.000000,-1,0
68475,573957,539.472358,36217.301535,36217.410671,1, 0, 0, 1,2.016957,8.998069,-6.053971,-1,2
68475,573958,539.533711,36217.362889,36217.472025,0, 0, 0, 0,-99.000000,-99.000000,-99.000000,-1,1
68475,573959,539.610730,36217.439907,36217.549043,0, 0, 0, 0,-99.000000,-99.000000,-99.000000,-1,1
68475,573960,539.693472,36217.522649,36217.631785,0, 0, 0, 0,-99.000000,-99.000000,-99.000000,-1,0
68475,573961,539.792302,36217.621479,36217.730616,1, 0, 0, 1,-2.775235,-3.179097,-1.305638,-1,2
68475,573962,539.842934,36217.672111,36217.781247,1, 0, 0, 1,-0.557170,-5.253629,20.896400,-1,2
68475,573963,539.862063,36217.691240,36217.800377,0, 0, 0, 0,-99.000000,-99.000000,-99.000000,-1,1
68475,573964,539.870301,36217.699478,36217.808615,1, 0, 0, 1,5.038258,5.086844,-21.012990,-1,2
68475,573965,539.959090,36217.788267,36217.897404,1, 0, 0, 1,-3.883143,2.185853,-17.119349,-1,2
68475,573966,540.051397,36217.880573,36217.989710,1, 0, 0, 1,-0.362951,0.642458,-14.515590,-1,2
68475,573967,540.183821,36218.012998,36218.122135,1, 0, 0, 1,-4.256555,-6.950322,11.998740,-1,3
68475,573968,540.208458,36218.037634,36218.146771,0, 0, 0, 0,-99.000000,-99.000000,-99.000000,-1,0
68475,573969,540.243375,36218.072551,36218.181688,1, 0, 0, 1,7.268268,1.840600,7.066493,-1,2
68475,573970,540.248034,36218.077210,36218.186347,0, 0, 0, 0,-99.000000,-99.000000,-99.000000,-1,0
68475,573971,540.290337,36218.119513,36218.228650,1, 0, 0, 1,-4.570036,3.171867,4.510215,-1,2
68475,573972,540.346045,36218.175221,36218.284358,0, 0, 0, 0,-99.000000,-99.000000,-99.000000,-1,1
68475,573973,540.423998,36218.253173,36218.362311,0, 0, 0, 0,-99.000000,-99.000000,-99.000000,-1,1
68475,573974,540.530678,36218.359854,36218.468992,1, 0, 0, 1,-0.508461,3.982887,-21.107118,-1,2
68475,573975,540.860826,36218.690001,36218.799139,1, 0, 0, 1,-9.086563,0.616896,10.937902,-1,2
68475,573976,540.947578,36218.776753,36218.885891,0, 0, 0, 0,-99.000000,-99.000000,-99.000000,-1,1
68475,573977,540.968396,36218.797571,36218.906709,1, 0, 0, 1,6.393453,-5.786956,-4.921829,-1,2
68475,573978,541.502993,36219.332167,36219.441307,0, 0, 0, 0,-99.000000,-99.000000,-99.000000,-1,0
68475,573979,541.660874,36219.490047,36219.599187,1, 0, 0, 1,7.534138,2.419133,13.621572,-1,2
68475,573980,541.752816,36219.581990,36219.691130,1, 0, 0, 1,-4.490378,5.311593,-9.145211,-1,2
68475,573981,541.775367,36219.604541,36219.713681,1, 0, 0, 1,3.782949,-2.331747,8.827887,-1,2
68475,573982,541.819320,36219.648493,36219.757633,0, 0, 0, 0,-99.000000,-99.000000,-99.000000,-1,1
68475,573983,542.036880,36219.866053,36219.975193,1, 0, 0, 1,-2.913198,-8.934538,-18.845387,-1,2
68475,573984,542.049572,36219.878745,36219.987886,1, 0, 0, 1,7.676346,3.197610,-13.988849,-1,2
68475,573985,542.124612,36219.953785,36220.062926,1, 0, 0, 1,5.008179,-2.353676,4.175305,-1,2
68475,573986,542.137065,36219.966237,36220.075378,1, 0, 0, 1,-2.807107,-9.504643,10.287057,-1,2
68475,573987,542.347014,36220.176186,36220.285328,1, 0, 0, 1,5.531059,-5.528399,-9.202667,-1,2
68475,573988,542.418494,36220.247666,36220.356808,0, 0, 0, 0,-99.000000,-99.000000,-99.000000,-1,0
68475,573989,542.429832,36220.259004,36220.368146,0, 0, 0, 0,-99.000000,-99.000000,-99.000000,-1,0
68475,573990,542.597335,36220.426506,36220.535648,0, 0, 0, 0,-99.000000,-99.000000,-99.000000,-1,0
68475,573991,542.771771,36220.600942,36220.710085,1, 0, 0, 1,2.971650,1.034642,-8.445715,-1,2
68475,573992,542.843465,36220.672636,36220.781779,0, 0, 0, 0,-99.000000,-99.000000,-99.000000,-1,0
68475,573993,542.895337,36220.724508,36220.833650,1, 0, 0, 1,7.527354,-2.501160,14.819834,-1,2
68475,573994,542.999076,36220.828246,36220.937389,1, 0, 0, 1,4.147804,-1.819274,-19.532031,-1,2
68475,573995,543.064571,36220.893742,36221.002885,1, 0, 0, 1,-0.463044,1.310254,1.905833,-1,2
68475,573996,543.161479,36220.990650,36221.099793,0, 0, 0, 0,-99.000000,-99.000000,-99.000000,-1,1
68475,573997,543.320679,36221.149849,36221.258992,0, 0, 0, 0,-99.000000,-99.000000,-99.000000,-1,1
68475,573998,543.413105,36221.242275,36221.351419,0, 0, 0, 0,-99.000000,-99.000000,-99.000000,-1,1
68475,573999,543.487320,36221.316490,36221.425633,1, 0, 0, 1,2.059087,0.845802,-4.635905,-1,2
68475,574000,543.734398,36221.563567,36221.672711,1, 0, 0, 1,-5.921823,4.001963,8.700840,-1,2
68475,574001,544.007248,36221.836417,36221.945562,1, 0, 0, 1,-4.874803,-1.668702,1.500930,-1,2
68475,574002,544.022412,36221.851580,36221.960725,1, 0, 0, 1,7.756355,-0.422710,-16.197519,-1,2
68475,574003,544.065133,36221.894301,36222.003446,0, 0, 0, 0,-99.000000,-99.000000,-99.000000,-1,1
68475,574004,544.090392,36221.919560,36222.028705,1, 0, 0, 1,2.101709,8.046448,-9.862484,-1,2
68475,574005,544.094524,36221.923692,36222.032837,1, 0, 0, 1,4.376734,-4.478830,7.994713,-1,2
68475,574006,544.174136,36222.003304,36222.112449,0, 0, 0, 0,-99.000000,-99.000000,-99.000000,-1,0
68475,574007,544.264462,36222.093630,36222.202776,1, 0, 0, 1,0.839175,1.328274,13.714977,-1,2
68475,574008,544.304010,36222.133178,36222.242323,0, 0, 0, 0,-99.000000,-99.000000,-99.000000,-1,1
68475,574009,544.578797,36222.407965,36222.517111,1, 0, 0, 1,-5.511255,1.594530,-4.934058,-1,2
68475,574010,544.952846,36222.782012,36222.891159,1, 0, 0, 1,-0.850551,8.360541,-17.142437,-1,2
68475,574011,544.953368,36222.782534,36222.891681,0, 0, 0, 0,-99.000000,-99.000000,-99.000000,-1,1
68475,574012,545.218564,36223.047731,36223.156878,1, 0, 0, 1,-4.618398,-3.225453,1.812313,-1,2
68475,574013,545.378926,36223.208092,36223.317240,1, 0, 0, 1,4.113424,-3.808845,-6.596906,-1,2
68475,574014,545.419731,36223.248897,36223.358045,1, 0, 0, 1,1.897916,-3.831149,-10.021334,-1,2
68475,574015,545.864852,36223.694017,36223.803166,0, 0, 0, 0,-99.000000,-99.000000,-99.000000,-1,0
68475,574016,545.979848,36223.809012,36223.918161,0, 0, 0, 0,-99.000000,-99.000000,-99.000000,-1,0
68475,574017,546.030094,36223.859258,36223.968407,1, 0, 0, 1,-9.529372,-0.254770,19.142252,-1,2
68475,574018,546.066550,36223.895715,36224.004864,1, 0, 0, 1,5.756236,-3.017528,8.956700,-1,2
68475,574019,546.253030,36224.082195,36224.191344,1, 0, 0, 1,-1.167878,-4.443167,11.104992,-1,2
68475,574020,546.277024,36224.106188,36224.215337,1, 0, 0, 1,-3.086414,-5.037702,1.858311,-1,2
68475,574021,546.336592,36224.165756,36224.274906,0, 0, 0, 0,-99.000000,-99.000000,-99.000000,-1,1
68475,574022,546.457989,36224.287153,36224.396303,1, 0, 0, 1,-5.226833,3.381360,-10.601090,-1,2
68475,574023,546.577572,36224.406736,36224.515886,0, 0, 0, 0,-99.000000,-99.000000,-99.000000,-1,0
68475,574024,546.591423,36224.420586,36224.529736,0, 0, 0, 0,-99.000000,-99.000000,-99.000000,-1,1
68475,574025,546.700842,36224.530005,36224.639156,1, 0, 0, 1,-5.696800,-6.131262,-5.828050,-1,2
68475,574026,546.716663,36224.545826,36224.654976,1, 0, 0, 1,1.112686,-8.149317,-13.084217,-1,2
68475,574027,546.915857,36224.745020,36224.854171,0, 0, 0, 0,-99.000000,-99.000000,-99.000000,-1,0
68475,574028,547.239030,36225.068193,36225.177344,1, 0, 0, 1,0.402133,-0.603227,7.522045,-1,2
68475,574029,547.243978,36225.073140,36225.182291,1, 0, 0, 1,8.237014,-3.494554,-5.640776,-1,3
68475,574030,547.246531,36225.075693,36225.184844,1, 0, 0, 1,-1.621092,2.377537,-17.158326,-1,3
68475,574031,547.296221,36225.125383,36225.234535,0, 0, 0, 0,-99.000000,-99.000000,-99.000000,-1,1
68475,574032,547.553341,36225.382502,36225.491654,0, 0, 0, 0,-99.000000,-99.000000,-99.000000,-1,1
68475,574033,547.797365,36225.626526,36225.735678,1, 0, 0, 1,-5.174637,0.617705,-10.736891,-1,2
68475,574034,547.894033,36225.723193,36225.832346,0, 0, 0, 0,-99.000000,-99.000000,-99.000000,-1,1
68475,574035,548.014388,36225.843548,36225.952701,0, 0, 0, 0,-99.000000,-99.000000,-99.000000,-1,1
68475,574036,548.076942,36225.906102,36226.015255,0, 0, 0, 0,-99.000000,-99.000000,-99.000000,-1,1
68475,574037,548.099533,36225.928693,36226.037846,1, 0, 0, 1,7.245679,-2.912239,-17.355676,-1,2
68475,574038,548.165037,36225.994197,36226.103351,0, 0, 0, 0,-99.000000,-99.000000,-99.000000,-1,1
68475,574039,548.354657,36226.183817,36226.292971,0, 0, 0, 0,-99.000000,-99.000000,-99.000000,-1,1
68475,574040,548.372458,36226.201618,36226.310772,1, 0, 0, 1,5.877639,4.331175,4.373566,-1,2
68475,574041,548.517620,36226.346779,36226.455933,0, 0, 0, 0,-99.000000,-99.000000,-99.000000,-1,0
68475,574042,548.532282,36226.361442,36226.470596,1, 0, 0, 1,10.056150,-2.682757,-14.470536,-1,2
68475,574043,548.917985,36226.747144,36226.856299,1, 0, 0, 1,0.560309,-0.165799,-3.623073,-1,2
68475,574044,549.037169,36226.866327,36226.975482,1, 0, 0, 1,-4.267692,-2.858198,-17.886642,-1,2
68475,574045,549.088055,36226.917213,36227.026368,1, 1, 0, 1,-1.387656,2.571210,15.127269,-1,2
68475,574046,549.367011,36227.196168,36227.305324,1, 0, 0, 1,5.551388,0.901358,13.282681,-1,2
68475,574047,549.577633,36227.406790,36227.515946,0, 0, 0, 0,-99.000000,-99.000000,-99.000000,-1,0
68475,574048,549.780263,36227.609419,36227.718576,0, 0, 0, 0,-99.000000,-99.000000,-99.000000,-1,1
68475,574049,549.847016,36227.676173,36227.785330,0, 0, 0, 0,-99.000000,-99.000000,-99.000000,-1,0
68475,574050,549.922048,36227.751205,36227.860362,0, 0, 0, 0,-99.000000,-99.000000,-99.000000,-1,1
68475,574051,549.956524,36227.785681,36227.894837,1, 0, 0, 1,0.530720,1.243818,11.012452,-1,2
68475,574052,549.968708,36227.797865,36227.907022,1, 0, 0, 1,2.258324,-7.379934,12.491909,-1,2
68475,574053,550.159385,36227.988541,36228.097699,1, 0, 0, 1,2.939947,-6.190138,2.980191,-1,4
68475,574054,550.250027,36228.079183,36228.188340,1, 0, 0, 1,6.057903,-2.078384,-0.184876,-1,2
68475,574055,550.313281,36228.142437,36228.251594,0, 0, 0, 0,-99.000000,-99.000000,-99.000000,-1,1
68475,574056,550.328982,36228.158138,36228.267295,1, 0, 0, 1,0.876598,-1.969183,7.309644,-1,2
68475,574057,550.423275,36228.252430,36228.361588,0, 0, 0, 0,-99.000000,-99.000000,-99.000000,-1,1
68475,574058,550.445532,36228.274687,36228.383845,0, 0, 0, 0,-99.000000,-99.000000,-99.000000,-1,1
68475,574059,550.536408,36228.365564,36228.474722,0, 0, 0, 0,-99.000000,-99.000000,-99.000000,-1,1
68475,574060,550.578964,36228.408119,36228.517278,1, 0, 0, 1,-1.547117,7.822445,15.840992,-1,2
68475,574061,550.677341,36228.506496,36228.615654,1, 0, 0, 1,5.107524,9.999981,-3.231263,-1,3
68475,574062,550.765370,36228.594525,36228.703684,0, 0, 0, 0,-99.000000,-99.000000,-99.000000,-1,0
68475,574063,550.781373,36228.610528,36228.719687,0, 0, 0, 0,-99.000000,-99.000000,-99.000000,-1,1
68475,574064,550.835728,36228.664882,36228.774041,1, 0, 0, 1,2.711053,7.148247,-16.105540,-1,2
68475,574065,550.911071,36228.740226,36228.849384,0, 0, 0, 0,-99.000000,-99.000000,-99.000000,-1,1
68475,574066,551.146510,36228.975664,36229.084823,0, 0, 0, 0,-99.000000,-99.000000,-99.000000,-1,1
68475,574067,551.247819,36229.076973,36229.186133,0, 0, 0, 0,-99.000000,-99.000000,-99.000000,-1,1
68475,574068,551.253288,36229.082442,36229.191602,1, 0, 0, 1,1.850666,-0.729636,-18.560969,-1,2
68475,574069,551.291124,36229.120277,36229.229437,1, 0, 0, 1,-3.742391,-1.491723,1.469019,-1,2
68475,574070,551.396441,36229.225595,36229.334754,1, 0, 0, 1,-2.236863,-4.134605,2.670093,-1,3
68475,574071,551.409164,36229.238318,36229.347478,1, 0, 0, 1,-1.029130,-0.310693,-8.525310,-1,2
68475,574072,551.454683,36229.283836,36229.392996,0, 0, 0, 0,-99.000000,-99.000000,-99.000000,-1,1
68475,574073,551.559049,36229.388202,36229.497362,1, 0, 0, 1,-1.987432,4.716621,2.116055,-1,2
68475,574074,551.672341,36229.501494,36229.610655,1, 0, 0, 1,-1.885711,8.881336,-17.997098,-1,2
68475,574075,551.705863,36229.535016,36229.644176,0, 0, 0, 0,-99.000000,-99.000000,-99.000000,-1,0
68475,574076,551.821686,36229.650838,36229.759999,0, 0, 0, 0,-99.000000,-99.000000,-99.000000,-1,1
68475,574077,551.846599,36229.675752,36229.784913,1, 0, 0, 1,-4.546179,2.528171,-19.842796,-1,2
68475,574078,551.958783,36229.787936,36229.897097,0, 0, 0, 0,-99.000000,-99.000000,-99.000000,-1,1
68475,574079,551.987292,36229.816445,36229.925606,1, 0, 0, 1,-1.579242,-1.951181,-11.122130,-1,2
68475,574080,552.604627,36230.433778,36230.542941,1, 0, 0, 1,0.708785,5.313182,-5.637302,-1,2
68475,574081,552.851268,36230.680419,36230.789582,0, 0, 0, 0,-99.000000,-99.000000,-99.000000,-1,0
68475,574082,553.031043,36230.860193,36230.969356,1, 0, 0, 1,-7.223917,-0.400680,-6.082451,-1,2
68475,574083,553.036806,36230.865956,36230.975119,0, 0, 0, 0,-99.000000,-99.000000,-99.000000,-1,1
68475,574084,553.077255,36230.906406,36231.015569,0, 0, 0, 0,-99.000000,-99.000000,-99.000000,-1,1
68475,574085,553.079204,36230.908354,36231.017517,1, 0, 0, 1,6.393099,-2.630407,-17.182090,-1,2
68475,574086,553.080034,36230.909185,36231.018348,0, 0, 0, 0,-99.000000,-99.000000,-99.000000,-1,0
68475,574087,553.149289,36230.978439,36231.087603,1, 0, 0, 1,-6.465095,8.537459,6.956356,-1,3
68475,574088,553.202683,36231.031833,36231.140997,1, 0, 0, 1,-0.871529,3.699038,-3.116875,-1,2
68475,574089,553.369966,36231.199115,36231.308279,0, 0, 0, 0,-99.000000,-99.000000,-99.000000,-1,1
68475,574090,553.518508,36231.347657,36231.456821,0, 0, 0, 0,-99.000000,-99.000000,-99.000000,-1,1
68475,574091,553.670368,36231.499517,36231.608682,0, 0, 0, 0,-99.000000,-99.000000,-99.000000,-1,0
68475,574092,553.714935,36231.544084,36231.653248,0, 0, 0, 0,-99.000000,-99.000000,-99.000000,-1,1
68475,574093,553.877027,36231.706176,36231.815341,1, 0, 0, 1,-3.391604,0.619684,13.004026,-1,2
68475,574094,554.005253,36231.834401,36231.943566,1, 0, 0, 1,5.707081,4.773600,5.872132,-1,2
68475,574095,554.021082,36231.850230,36231.959395,0, 0, 0, 0,-99.000000,-99.000000,-99.000000,-1,1
68475,574096,554.045725,36231.874874,36231.984039,1, 0, 0, 1,1.352670,7.158762,17.836815,-1,2
68475,574097,554.205645,36232.034793,36232.143959,0, 0, 0, 0,-99.000000,-99.000000,-99.000000,-1,1
68475,574098,554.262394,36232.091542,36232.200708,0, 0, 0, 0,-99.000000,-99.000000,-99.000000,-1,1
68475,574099,554.417822,36232.246969,36232.356135,1, 0, 0, 1,7.471173,1.857376,-12.290278,-1,2
68475,574100,554.626770,36232.455917,36232.565083,0, 0, 0, 0,-99.000000,-99.000000,-99.000000,-1,1
68475,574101,555.041582,36232.870728,36232.979895,1, 0, 0, 1,-3.668357,-2.384752,-15.525430,-1,2
68475,574102,555.144648,36232.973795,36233.082962,1, 0, 0, 1,10.274858,-1.097415,-12.800204,-1,2
68475,574103,555.233333,36233.062479,36233.171647,1, 0, 0, 1,-5.764974,1.772702,-4.905940,-1,2
68475,574104,555.332205,36233.161350,36233.270518,0, 0, 0, 0,-99.000000,-99.000000,-99.000000,-1,1
68475,574105,555.386026,36233.215172,36233.324340,0, 0, 0, 0,-99.000000,-99.000000,-99.000000,-1,1
68475,574106,555.453980,36233.283126,36233.392294,1, 0, 0, 1,2.552352,7.580877,18.853123,-1,2
68475,574107,555.468492,36233.297637,36233.406805,1, 0, 0, 1,5.038692,1.921150,-9.847075,-1,2
68475,574108,555.674061,36233.503206,36233.612374,1, 0, 0, 1,6.697601,1.403015,1.928464,-1,2
68475,574109,555.692227,36233.521372,36233.630541,1, 0, 0, 1,-6.524373,-0.852129,5.240515,-1,2
68475,574110,555.718905,36233.548050,36233.657219,0, 0, 0, 0,-99.000000,-99.000000,-99.000000,-1,1
68475,574111,555.745826,36233.574971,36233.684140,1, 0, 0, 1,1.765653,9.999981,-23.424758,-1,5
68475,574112,555.892413,36233.721557,36233.830726,0, 0, 0, 0,-99.000000,-99.000000,-99.000000,-1,1
68475,574113,555.932011,36233.761155,36233.870324,1, 0, 0, 1,4.710279,7.607917,11.722479,-1,2
68475,574114,556.035201,36233.864346,36233.973515,1, 0, 0, 1,4.362712,-8.069775,-8.714545,-1,2
68475,574115,556.036341,36233.865486,36233.974655,1, 0, 0, 1,0.378384,5.333094,-10.609328,-1,2
68475,574116,556.058873,36233.888018,36233.997187,1, 0, 0, 1,2.001405,2.902358,16.583314,-1,2
68475,574117,556.243074,36234.072218,36234.181387,1, 0, 0, 1,7.123114,1.389141,-9.201885,-1,3
68475,574118,556.297328,36234.126472,36234.235642,1, 0, 0, 1,-2.656196,2.720975,7.736302,-1,2
68475,574119,556.333753,36234.162897,36234.272067,0, 0, 0, 0,-99.000000,-99.000000,-99.000000,-1,0
68475,574120,556.433737,36234.262881,36234.372051,0, 0, 0, 0,-99.000000,-99.000000,-99.000000,-1,0
68475,574121,556.684050,36234.513193,36234.622364,1, 0, 0, 1,-4.765158,-1.322417,7.389038,-1,2
68475,574122,556.703415,36234.532558,36234.641728,1, 0, 0, 1,-1.634411,2.442195,7.891931,-1,2
68475,574123,556.751026,36234.580169,36234.689340,1, 0, 0, 1,0.144034,-0.265469,13.395323,-1,2
68475,574124,557.013660,36234.842803,36234.951974,1, 0, 0, 1,-4.257051,5.869370,7.486365,-1,2
68475,574125,557.103888,36234.933030,36235.042201,1, 0, 0, 1,-0.925843,-10.223683,22.785376,-1,2
68475,574126,557.226133,36235.055275,36235.164447,0, 0, 0, 0,-99.000000,-99.000000,-99.000000,-1,0
68475,574127,557.335891,36235.165032,36235.274204,1, 0, 0, 1,3.138073,-1.087710,-12.906334,-1,3
68475,574128,557.457655,36235.286796,36235.395968,0, 0, 0, 0,-99.000000,-99.000000,-99.000000,-1,0
68475,574129,557.465189,36235.294330,36235.403502,0, 0, 0, 0,-99.000000,-99.000000,-99.000000,-1,1
68475,574130,557.478293,36235.307435,36235.416607,0, 0, 0, 0,-99.000000,-99.000000,-99.000000,-1,1
68475,574131,557.648916,36235.478057,36235.587230,0, 0, 0, 0,-99.000000,-99.000000,-99.000000,-1,1
68475,574132,557.703575,36235.532715,36235.641888,1, 0, 0, 1,0.535564,0.205537,-0.909228,-1,2
68475,574133,557.713280,36235.542421,36235.651593,1, 0, 0, 1,-6.416669,0.624835,-16.264302,-1,2
68475,574134,557.983164,36235.812304,36235.921478,1, 0, 0, 1,3.653445,-4.729801,-1.267680,-1,2
68475,574135,558.102182,36235.931322,36236.040496,1, 0, 0, 1,-5.793864,-0.605117,-6.368146,-1,2
68475,574136,558.155004,36235.984144,36236.093318,0, 0, 0, 0,-99.000000,-99.000000,-99.000000,-1,1
68475,574137,558.217188,36236.046327,36236.155501,1, 0, 0, 1,3.357460,4.793196,-16.604880,-1,2
68475,574138,558.487824,36236.316963,36236.426137,1, 0, 0, 1,-4.041070,-3.555020,13.957455,-1,2
68475,574139,558.531960,36236.361099,36236.470274,1, 0, 0, 1,4.085693,-0.087951,-11.306743,-1,2
68475,574140,558.532154,36236.361293,36236.470467,1, 0, 0, 1,5.969668,1.049408,-14.018240,-1,2
68475,574141,558.630847,36236.459986,36236.569161,0, 0, 0, 0,-99.000000,-99.000000,-99.000000,-1,1
68475,574142,558.794069,36236.623207,36236.732382,1, 0, 0, 1,-3.566954,-0.768305,-18.916933,-1,2
68475,574143,558.991065,36236.820203,36236.929378,0, 0, 0, 0,-99.000000,-99.000000,-99.000000,-1,1
68475,574144,559.036785,36236.865923,36236.975099,1, 0, 0, 1,1.991328,2.891598,-10.626834,-1,2
68475,574145,559.100943,36236.930081,36237.039257,0, 0, 0, 0,-99.000000,-99.000000,-99.000000,-1,1
68475,574146,559.316396,36237.145534,36237.254710,1, 0, 0, 1,-8.092217,0.217776,12.838061,-1,2
68475,574147,559.362766,36237.191903,36237.301079,0, 0, 0, 0,-99.000000,-99.000000,-99.000000,-1,1
68475,574148,559.542135,36237.371272,36237.480448,0, 0, 0, 0,-99.000000,-99.000000,-99.000000,-1,1
68475,574149,559.561396,36237.390533,36237.499710,1, 0, 0, 1,-6.877784,5.318429,8.098591,-1,2
68475,574150,559.603578,36237.432715,36237.541891,0, 0, 0, 0,-99.000000,-99.000000,-99.000000,-1,0
68475,574151,559.716159,36237.545296,36237.654472,1, 0, 0, 1,-5.244459,7.069550,12.446161,-1,2
68475,574152,559.906254,36237.735390,36237.844567,1, 0, 0, 1,0.046184,7.411556,-2.734755,-1,2
68475,574153,559.926859,36237.755995,36237.865172,0, 0, 0, 0,-99.000000,-99.000000,-99.000000,-1,1
68475,574154,560.034914,36237.864050,36237.973227,1, 0, 0, 1,-0.553104,2.083891,-12.181281,-1,2
68475,574155,560.166653,36237.995789,36238.104967,1, 0, 0, 1,-1.133034,7.052553,-2.271706,-1,2
68475,574156,560.207486,36238.036622,36238.145799,1, 0, 0, 1,4.586570,-5.209459,10.774600,-1,2
68475,574157,560.212233,36238.041369,36238.150547,0, 0, 0, 0,-99.000000,-99.000000,-99.000000,-1,1
68475,574158,560.276855,36238.105991,36238.215168,1, 0, 0, 1,2.743488,1.848508,-9.172626,-1,2
68475,574159,560.279794,36238.108929,36238.218107,1, 0, 0, 1,-9.340451,-0.460992,3.755467,-1,2
68475,574160,560.294189,36238.123325,36238.232502,1, 0, 0, 1,-6.062143,5.060248,-12.779530,-1,2
68475,574161,560.583544,36238.412679,36238.521858,1, 0, 0, 1,-4.919960,4.179329,7.091747,-1,2
68475,574162,560.669979,36238.499114,36238.608292,1, 0, 0, 1,0.900373,9.039255,-12.443449,-1,2
68475,574163,560.904363,36238.733498,36238.842677,1, 0, 0, 1,4.362983,-5.308997,-16.267705,-1,4
68475,574164,560.908396,36238.737530,36238.846709,1, 0, 0, 1,7.230075,3.846508,9.714456,-1,2
68475,574165,561.613330,36239.442463,36239.551643,1, 0, 0, 1,-3.910557,-8.018485,17.446097,-1,4
68475,574166,561.971297,36239.800429,36239.909610,1, 0, 0, 1,8.218930,6.473919,-5.753100,-1,2
68475,574167,562.261101,36240.090232,36240.199414,0, 0, 0, 0,-99.000000,-99.000000,-99.000000,-1,1
68475,574168,562.409093,36240.238224,36240.347406,1, 0, 0, 1,3.115761,-7.301035,11.445357,-1,2
68475,574169,562.461368,36240.290500,36240.399682,1, 0, 0, 1,1.432182,-8.111542,-8.738607,-1,2
68475,574170,562.556377,36240.385508,36240.494690,1, 0, 0, 1,5.581709,3.134843,-1.749008,-1,2
68475,574171,562.711490,36240.540621,36240.649803,0, 0, 0, 0,-99.000000,-99.000000,-99.000000,-1,1
68475,574172,562.791662,36240.620792,36240.729975,0, 0, 0, 0,-99.000000,-99.000000,-99.000000,-1,0
68475,574173,562.821167,36240.650297,36240.759480,0, 0, 0, 0,-99.000000,-99.000000,-99.000000,-1,0
68475,574174,562.840368,36240.669498,36240.778681,0, 0, 0, 0,-99.000000,-99.000000,-99.000000,-1,1
68475,574175,563.039988,36240.869118,36240.978301,0, 0, 0, 0,-99.000000,-99.000000,-99.000000,-1,1
68475,574176,563.166454,36240.995584,36241.104767,0, 0, 0, 0,-99.000000,-99.000000,-99.000000,-1,1
68475,574177,563.226128,36241.055258,36241.164442,1, 0, 0, 1,-3.530792,-0.173288,-4.429699,-1,2
68475,574178,563.369594,36241.198724,36241.307908,0, 0, 0, 0,-99.000000,-99.000000,-99.000000,-1,0
68475,574179,563.615669,36241.444798,36241.553982,1, 0, 0, 1,-0.647282,0.054018,17.966718,-1,2
68475,574180,563.739515,36241.568644,36241.677828,1, 0, 0, 1,1.893145,7.416351,6.378194,-1,2
68475,574181,563.752090,36241.581218,36241.690403,1, 0, 0, 1,0.944625,2.559421,2.467302,-1,2
68475,574182,563.828151,36241.657279,36241.766464,1, 0, 0, 1,3.678081,9.752391,3.533852,-1,3
68475,574183,563.833579,36241.662708,36241.771893,0, 0, 0, 0,-99.000000,-99.000000,-99.000000,-1,1
68475,574184,563.923513,36241.752641,36241.861826,0, 0, 0, 0,-99.000000,-99.000000,-99.000000,-1,1
68475,574185,563.946258,36241.775386,36241.884571,1, 0, 0, 1,-2.592392,2.161183,-2.398971,-1,3
68475,574186,564.166231,36241.995359,36242.104545,1, 0, 0, 1,1.737451,3.626674,9.655549,-1,2
68475,574187,564.179329,36242.008457,36242.117642,0, 0, 0, 0,-99.000000,-99.000000,-99.000000,-1,1
68475,574188,564.208933,36242.038060,36242.147246,0, 0, 0, 0,-99.000000,-99.000000,-99.000000,-1,0
68475,574189,564.250724,36242.079851,36242.189037,0, 0, 0, 0,-99.000000,-99.000000,-99.000000,-1,1
68475,574190,564.371499,36242.200626,36242.309812,1, 0, 0, 1,4.608038,-4.305861,1.741445,-1,2
68475,574191,564.459522,36242.288649,36242.397835,1, 0, 0, 1,-0.950852,0.994415,-12.949785,-1,2
68475,574192,564.531867,36242.360994,36242.470180,0, 0, 0, 0,-99.000000,-99.000000,-99.000000,-1,1
68475,574193,564.532995,36242.362122,36242.471308,0, 0, 0, 0,-99.000000,-99.000000,-99.000000,-1,1
68475,574194,564.648643,36242.477769,36242.586956,1, 0, 0, 1,-5.886599,-0.436141,-6.908644,-1,2
68475,574195,564.685436,36242.514562,36242.623749,0, 0, 0, 0,-99.000000,-99.000000,-99.000000,-1,0
68475,574196,564.883348,36242.712474,36242.821661,0, 0, 0, 0,-99.000000,-99.000000,-99.000000,-1,1
68475,574197,565.047242,36242.876368,36242.985556,0, 0, 0, 0,-99.000000,-99.000000,-99.000000,-1,0
68475,574198,565.293074,36243.122200,36243.231388,1, 0, 0, 1,-4.009733,-1.822241,8.365631,-1,2
68475,574199,565.399592,36243.228718,36243.337906,0, 0, 0, 0,-99.000000,-99.000000,-99.000000,-1,0
68475,574200,565.494830,36243.323955,36243.433144,0, 0, 0, 0,-99.000000,-99.000000,-99.000000,-1,1
68475,574201,565.599007,36243.428132,36243.537320,1, 0, 0, 1,8.689912,-2.381345,5.797759,-1,2
68475,574202,565.645076,36243.474200,36243.583389,0, 0, 0, 0,-99.000000,-99.000000,-99.000000,-1,1
68475,574203,565.810802,36243.639926,36243.749115,0, 0, 0, 0,-99.000000,-99.000000,-99.000000,-1,1
68475,574204,565.843487,36243.672611,36243.781800,0, 0, 0, 0,-99.000000,-99.000000,-99.000000,-1,1
68475,574205,566.059003,36243.888127,36243.997317,1, 0, 0, 1,5.927279,-5.295984,-6.417756,-1,2
68475,574206,566.211786,36244.040909,36244.150099,0, 0, 0, 0,-99.000000,-99.000000,-99.000000,-1,1
68475,574207,566.361078,36244.190201,36244.299392,1, 0, 0, 1,5.936487,-2.599246,13.502435,-1,2
68475,574208,566.666327,36244.495449,36244.604640,1, 0, 0, 1,2.414010,-5.649556,2.451673,-1,2
68475,574209,566.681830,36244.510952,36244.620143,1, 0, 0, 1,-1.516019,3.467618,-8.487749,-1,2
68475,574210,566.741433,36244.570555,36244.679746,0, 0, 0, 0,-99.000000,-99.000000,-99.000000,-1,0
68475,574211,566.942172,36244.771295,36244.880486,1, 0, 0, 1,5.036112,-1.860009,8.569542,-1,2
68475,574212,567.434770,36245.263891,36245.373083,0, 0, 0, 0,-99.000000,-99.000000,-99.000000,-1,0
68475,574213,567.439114,36245.268236,36245.377428,1, 0, 0, 1,2.079992,-3.126230,-13.462305,-1,2
68475,574214,567.485061,36245.314182,36245.423374,0, 0, 0, 0,-99.000000,-99.000000,-99.000000,-1,1
68475,574215,567.551950,36245.381070,36245.490263,0, 0, 0, 0,-99.000000,-99.000000,-99.000000,-1,0
68475,574216,567.604919,36245.434039,36245.543232,1, 0, 0, 1,-2.400438,-6.475150,-7.087965,-1,2
68475,574217,567.615747,36245.444868,36245.554060,1, 0, 0, 1,-8.224249,4.163124,-15.789448,-1,2
68475,574218,567.718488,36245.547609,36245.656802,1, 0, 0, 1,-0.321488,3.166603,-17.210094,-1,2
68475,574219,567.901210,36245.730330,36245.839524,1, 1, 1, 1,-0.327156,-0.783869,0.572011,-1,2
68475,574220,567.984994,36245.814114,36245.923307,1, 0, 0, 1,-3.559687,-3.152440,8.956729,-1,2
68475,574221,568.017907,36245.847027,36245.956220,1, 0, 0, 1,1.535088,-2.588608,6.480373,-1,2
68475,574222,568.027007,36245.856127,36245.965320,0, 0, 0, 0,-99.000000,-99.000000,-99.000000,-1,1
68475,574223,568.034710,36245.863830,36245.973023,1, 0, 0, 1,-2.843015,-9.999981,2.010832,-1,3
68475,574224,568.088346,36245.917466,36246.026660,0, 0, 0, 0,-99.000000,-99.000000,-99.000000,-1,1
68475,574225,568.169769,36245.998889,36246.108082,0, 0, 0, 0,-99.000000,-99.000000,-99.000000,-1,1
68475,574226,568.372626,36246.201745,36246.310940,1, 0, 0, 1,-7.672375,2.186016,18.033284,-1,2
68475,574227,568.473669,36246.302788,36246.411982,0, 0, 0, 0,-99.000000,-99.000000,-99.000000,-1,0
68475,574228,568.590372,36246.419490,36246.528685,0, 0, 0, 0,-99.000000,-99.000000,-99.000000,-1,1
68475,574229,568.817254,36246.646372,36246.755567,1, 0, 0, 1,7.096244,2.604549,14.951940,-1,2
68475,574230,568.892360,36246.721478,36246.830673,1, 0, 0, 1,-3.025659,-0.821995,4.246625,-1,2
68475,574231,569.144035,36246.973152,36247.082348,0, 0, 0, 0,-99.000000,-99.000000,-99.000000,-1,1
68475,574232,569.227777,36247.056894,36247.166090,1, 0, 0, 1,3.362234,5.534331,-10.505015,-1,2
68475,574233,569.305767,36247.134885,36247.244081,1, 0, 0, 1,2.375684,-2.232000,9.065633,-1,2
68475,574234,569.590667,36247.419784,36247.528981,0, 0, 0, 0,-99.000000,-99.000000,-99.000000,-1,0
68475,574235,569.665992,36247.495109,36247.604306,1, 0, 0, 1,-2.902012,-0.607686,-5.035223,-1,2
68475,574236,569.684714,36247.513831,36247.623028,1, 0, 0, 1,-7.127282,-2.642702,-11.917265,-1,2
68475,574237,569.948774,36247.777890,36247.887087,1, 0, 0, 1,2.046750,-9.257435,17.928032,-1,2
68475,574238,570.104482,36247.933597,36248.042795,1, 0, 0, 1,9.157414,4.052268,16.312818,-1,2
68475,574239,570.317158,36248.146274,36248.255472,0, 0, 0, 0,-99.000000,-99.000000,-99.000000,-1,1
68475,574240,570.489065,36248.318180,36248.427378,1, 0, 0, 1,-0.571166,6.085939,10.261781,-1,2
68475,574241,570.639204,36248.468319,36248.577518,1, 0, 0, 1,2.453353,-5.708958,-2.185973,-1,2
68475,574242,570.684637,36248.513752,36248.622951,1, 0, 0, 1,-2.551564,7.298228,-18.890125,-1,2
68475,574243,570.776672,36248.605786,36248.714985,0, 0, 0, 0,-99.000000,-99.000000,-99.000000,-1,1
68475,574244,570.777203,36248.606318,36248.715517,1, 0, 0, 1,-0.807775,0.728547,11.123941,-1,2
68475,574245,570.875427,36248.704541,36248.813741,0, 0, 0, 0,-99.000000,-99.000000,-99.000000,-1,0
68475,574246,570.936192,36248.765306,36248.874505,0, 0, 0, 0,-99.000000,-99.000000,-99.000000,-1,1
68475,574247,571.048957,36248.878071,36248.987271,1, 0, 0, 1,3.251484,-1.209670,-13.873253,-1,2
68475,574248,571.051574,36248.880688,36248.989887,0, 0, 0, 0,-99.000000,-99.000000,-99.000000,-1,0
68475,574249,571.258917,36249.088030,36249.197230,1, 0, 0, 1,7.523642,0.890876,-10.402438,-1,2
68475,574250,571.391994,36249.221107,36249.330307,1, 0, 0, 1,6.893341,-0.943868,-10.689081,-1,2
68475,574251,571.398510,36249.227623,36249.336824,1, 0, 0, 1,2.357595,-9.105225,-8.237761,-1,2
68475,574252,571.661175,36249.490288,36249.599489,1, 0, 0, 1,-5.454678,2.883785,-8.949547,-1,2
68475,574253,571.754507,36249.583619,36249.692820,1, 0, 0, 1,8.126415,-0.506807,15.670806,-1,2
68475,574254,571.796875,36249.625987,36249.735188,1, 0, 0, 1,-1.079306,-0.330732,-10.812217,-1,2
68475,574255,571.867105,36249.696217,36249.805419,1, 0, 0, 1,4.813075,-4.082874,4.243235,-1,2
68475,574256,571.897001,36249.726113,36249.835314,1, 0, 0, 1,2.423926,3.616648,-8.912653,-1,2
68475,574257,571.975960,36249.805072,36249.914274,1, 0, 0, 1,0.410495,2.269854,-9.594634,-1,2
68475,574258,572.118577,36249.947689,36250.056891,1, 0, 0, 1,0.235395,5.837282,-13.777051,-1,2
68475,574259,572.159025,36249.988137,36250.097339,1, 0, 0, 1,6.637085,-6.863372,-7.507629,-1,5
68475,574260,572.292623,36250.121734,36250.230937,0, 0, 0, 0,-99.000000,-99.000000,-99.000000,-1,1
68475,574261,572.355653,36250.184764,36250.293967,0, 0, 0, 0,-99.000000,-99.000000,-99.000000,-1,0
68475,574262,572.514720,36250.343831,36250.453034,0, 0, 0, 0,-99.000000,-99.000000,-99.000000,-1,1
68475,574263,572.602720,36250.431831,36250.541034,0, 0, 0, 0,-99.000000,-99.000000,-99.000000,-1,1
68475,574264,572.691840,36250.520950,36250.630153,1, 0, 0, 1,-3.237707,2.325063,-15.495991,-1,2
68475,574265,572.832213,36250.661323,36250.770526,0, 0, 0, 0,-99.000000,-99.000000,-99.000000,-1,1
68475,574266,573.001822,36250.830932,36250.940136,1, 0, 0, 1,-1.097990,7.047813,-19.561770,-1,2
68475,574267,573.026029,36250.855138,36250.964342,1, 0, 0, 1,7.167625,6.311591,2.953798,-1,2
68475,574268,573.320307,36251.149417,36251.258621,1, 0, 0, 1,0.768272,8.533234,-13.754866,-1,2
68475,574269,573.349687,36251.178796,36251.288001,0, 0, 0, 0,-99.000000,-99.000000,-99.000000,-1,1
68475,574270,573.473377,36251.302486,36251.411690,1, 0, 0, 1,0.256708,2.620133,16.620113,-1,2
68475,574271,573.580258,36251.409367,36251.518572,0, 0, 0, 0,-99.000000,-99.000000,-99.000000,-1,0
68475,574272,573.741422,36251.570531,36251.679736,1, 0, 0, 1,8.276631,-5.757973,-14.743163,-1,2
68475,574273,573.771944,36251.601052,36251.710258,1, 0, 0, 1,-3.572501,3.499269,15.203386,-1,2
68475,574274,573.799209,36251.628318,36251.737523,0, 0, 0, 0,-99.000000,-99.000000,-99.000000,-1,1
68475,574275,573.810988,36251.640096,36251.749301,1, 0, 0, 1,2.393073,-3.355698,-6.793952,-1,2
68475,574276,573.866312,36251.695420,36251.804625,0, 0, 0, 0,-99.000000,-99.000000,-99.000000,-1,1
68475,574277,574.033983,36251.863091,36251.972296,0, 0, 0, 0,-99.000000,-99.000000,-99.000000,-1,0
68475,574278,574.059490,36251.888598,36251.997804,1, 0, 0, 1,1.516653,-4.215030,-17.560992,-1,2
68475,574279,574.144455,36251.973563,36252.082769,1, 0, 0, 1,4.422958,-7.016199,13.777543,-1,2
68475,574280,574.260933,36252.090040,36252.199246,0, 0, 0, 0,-99.000000,-99.000000,-99.000000,-1,1
68475,574281,574.302998,36252.132106,36252.241312,1, 0, 0, 1,2.930019,-2.189017,18.448612,-1,2
68475,574282,574.325322,36252.154429,36252.263635,0, 0, 0, 0,-99.000000,-99.000000,-99.000000,-1,0
68475,574283,574.356407,36252.185514,36252.294721,1, 0, 0, 1,-3.798896,-4.458965,12.357424,-1,2
68475,574284,574.692855,36252.521962,36252.631169,1, 0, 0, 1,4.603081,-3.080336,7.755505,-1,2
68475,574285,574.808315,36252.637422,36252.746629,0, 0, 0, 0,-99.000000,-99.000000,-99.000000,-1,0
68475,574286,575.066060,36252.895166,36253.004374,1, 0, 0, 1,-3.108292,-5.800904,0.009841,-1,2
68475,574287,575.168739,36252.997844,36253.107052,1, 0, 0, 1,5.516875,-2.108430,0.681829,-1,2
68475,574288,575.508238,36253.337343,36253.446551,1, 0, 0, 1,3.708065,-1.550287,-18.550307,-1,2
68475,574289,575.534772,36253.363877,36253.473086,1, 0, 0, 1,-6.808146,-0.142410,-3.294781,-1,2
68475,574290,575.539952,36253.369057,36253.478266,0, 0, 0, 0,-99.000000,-99.000000,-99.000000,-1,1
68475,574291,575.577944,36253.407049,36253.516258,1, 0, 0, 1,-2.523985,1.467521,2.187799,-1,2
68475,574292,575.590933,36253.420038,36253.529246,1, 0, 0, 1,1.957475,-4.178110,-17.029418,-1,2
68475,574293,575.828434,36253.657538,36253.766747,1, 0, 0, 1,6.309755,-4.170715,19.798938,-1,2
68475,574294,575.841453,36253.670557,36253.779766,1, 0, 0, 1,0.290774,-6.336229,12.396316,-1,2
68475,574295,576.104643,36253.933746,36254.042956,0, 0, 0, 0,-99.000000,-99.000000,-99.000000,-1,1
68475,574296,576.184522,36254.013626,36254.122836,1, 0, 0, 1,2.172199,-1.596802,-3.451348,-1,2
68475,574297,576.212579,36254.041682,36254.150893,0, 0, 0, 0,-99.000000,-99.000000,-99.000000,-1,0
68475,574298,576.240472,36254.069576,36254.178786,1, 0, 0, 1,-2.662381,-5.776174,-2.976014,-1,2
68475,574299,576.274748,36254.103852,36254.213062,0, 0, 0, 0,-99.000000,-99.000000,-99.000000,-1,0
68475,574300,576.358324,36254.187427,36254.296638,1, 0, 0, 1,-1.903992,9.231838,-4.534986,-1,2
68475,574301,576.392319,36254.221422,36254.330633,1, 0, 0, 1,-0.182318,8.300664,-10.009923,-1,2
68475,574302,576.412716,36254.241819,36254.351030,0, 0, 0, 0,-99.000000,-99.000000,-99.000000,-1,1
68475,574303,576.568291,36254.397393,36254.506604,1, 0, 0, 1,-8.485151,-2.380229,18.690974,-1,2
68475,574304,576.611154,36254.440257,36254.549468,0, 0, 0, 0,-99.000000,-99.000000,-99.000000,-1,0
68475,574305,576.611408,36254.440510,36254.549721,0, 0, 0, 0,-99.000000,-99.000000,-99.000000,-1,0
68475,574306,576.633542,36254.462644,36254.571855,1, 0, 0, 1,-1.163879,-1.230871,-12.555081,-1,2
68475,574307,576.685865,36254.514968,36254.624179,0, 0, 0, 0,-99.000000,-99.000000,-99.000000,-1,1
68475,574308,576.962381,36254.791483,36254.900694,1, 0, 0, 1,-1.725259,-4.318849,2.408720,-1,2
68475,574309,576.975119,36254.804221,36254.913432,1, 0, 0, 1,5.559140,3.929523,-10.585400,-1,2
68475,574310,577.043042,36254.872143,36254.981355,1, 0, 0, 1,2.707801,-2.436347,13.707080,-1,2
68475,574311,577.084065,36254.913167,36255.022379,0, 0, 0, 0,-99.000000,-99.000000,-99.000000,-1,0
68475,574312,577.290607,36255.119708,36255.228920,0, 0, 0, 0,-99.000000,-99.000000,-99.000000,-1,1
68475,574313,577.516398,36255.345499,36255.454711,1, 0, 0, 1,0.411107,5.178825,7.771540,-1,2
68475,574314,577.870942,36255.700042,36255.809256,1, 0, 0, 1,0.000702,4.759250,-5.146221,-1,2
68475,574315,577.913960,36255.743060,36255.852274,1, 0, 0, 1,0.634158,0.123565,6.851423,-1,2
68475,574316,577.932996,36255.762096,36255.871310,1, 0, 0, 1,-3.441322,5.561024,-16.777517,-1,2
68475,574317,578.034219,36255.863319,36255.972532,1, 0, 0, 1,-9.176055,22.281316,-1.302936,-1,2
68475,574318,578.135688,36255.964788,36256.074002,0, 0, 0, 0,-99.000000,-99.000000,-99.000000,-1,0
68475,574319,578.176614,36256.005713,36256.114927,1, 0, 0, 1,-7.202589,5.977736,-3.413791,-1,2
68475,574320,578.321683,36256.150782,36256.259996,0, 0, 0, 0,-99.000000,-99.000000,-99.000000,-1,1
68475,574321,578.384865,36256.213964,36256.323178,0, 0, 0, 0,-99.000000,-99.000000,-99.000000,-1,1
68475,574322,578.446127,36256.275226,36256.384441,1, 0, 0, 1,0.508957,12.182978,8.964565,-1,2
68475,574323,578.486643,36256.315742,36256.424957,0, 0, 0, 0,-99.000000,-99.000000,-99.000000,-1,1
68475,574324,578.508440,36256.337539,36256.446754,1, 0, 0, 1,-0.391378,-3.581157,-17.038237,-1,2
68475,574325,578.782342,36256.611441,36256.720656,1, 0, 0, 1,-6.654543,1.439767,-14.177605,-1,3
68475,574326,579.033813,36256.862911,36256.972127,1, 0, 0, 1,3.883526,-12.238441,3.523723,-1,2
68475,574327,579.170012,36256.999110,36257.108326,0, 0, 0, 0,-99.000000,-99.000000,-99.000000,-1,1
68475,574328,579.274930,36257.104027,36257.213244,1, 0, 0, 1,-2.819466,4.558474,1.776737,-1,2
68475,574329,579.590497,36257.419593,36257.528810,0, 0, 0, 0,-99.000000,-99.000000,-99.000000,-1,1
68475,574330,579.629778,36257.458874,36257.568091,1, 0, 0, 1,0.746742,-2.629755,19.729081,-1,2
68475,574331,579.866943,36257.696039,36257.805257,1, 0, 0, 1,-3.693848,-4.248653,6.526069,-1,2
68475,574332,579.932464,36257.761560,36257.870777,1, 0, 0, 1,-0.677993,2.837142,-6.676317,-1,2
68475,574333,580.170858,36257.999954,36258.109172,0, 0, 0, 0,-99.000000,-99.000000,-99.000000,-1,1
68475,574334,580.190806,36258.019901,36258.129119,1, 0, 0, 1,-5.963522,6.739108,-9.940118,-1,2
68475,574335,580.283919,36258.113015,36258.222233,1, 0, 0, 1,3.289734,-2.879902,-18.119999,-1,2
68475,574336,580.520901,36258.349996,36258.459215,1, 0, 0, 1,-5.847848,-0.473174,-4.844139,-1,2
68475,574337,580.613362,36258.442456,36258.551675,1, 0, 0, 1,-4.270748,-3.774074,-4.167510,-1,2
68475,574338,580.617487,36258.446581,36258.555800,1, 0, 0, 1,9.098757,3.344255,-8.512156,-1,2
68475,574339,580.691803,36258.520897,36258.630116,1, 0, 0, 1,-2.392550,3.713669,-2.937851,-1,2
68475,574340,580.710178,36258.539272,36258.648491,1, 0, 0, 1,-6.851858,-4.821824,-16.246201,-1,2
68475,574341,580.829544,36258.658638,36258.767857,1, 0, 0, 1,3.250798,-5.742791,14.205521,-1,2
68475,574342,580.896296,36258.725390,36258.834609,0, 0, 0, 0,-99.000000,-99.000000,-99.000000,-1,1
68475,574343,580.898149,36258.727242,36258.836462,1, 0, 0, 1,5.257228,-1.963629,-19.178845,-1,2
68475,574344,580.954126,36258.783220,36258.892440,0, 0, 0, 0,-99.000000,-99.000000,-99.000000,-1,0
68475,574345,581.006539,36258.835632,36258.944852,0, 0, 0, 0,-99.000000,-99.000000,-99.000000,-1,1
68475,574346,581.246297,36259.075390,36259.184610,0, 0, 0, 0,-99.000000,-99.000000,-99.000000,-1,0
68475,574347,581.287602,36259.116695,36259.225915,0, 0, 0, 0,-99.000000,-99.000000,-99.000000,-1,1
68475,574348,581.295203,36259.124296,36259.233516,1, 0, 0, 1,1.373381,-8.806814,-2.119273,-1,2
68475,574349,581.487091,36259.316183,36259.425404,0, 0, 0, 0,-99.000000,-99.000000,-99.000000,-1,1
68475,574350,581.583494,36259.412587,36259.521808,0, 0, 0, 0,-99.000000,-99.000000,-99.000000,-1,1
68475,574351,581.598466,36259.427558,36259.536779,1, 0, 0, 1,6.303193,1.576052,10.800297,-1,2
68475,574352,581.634753,36259.463845,36259.573067,0, 0, 0, 0,-99.000000,-99.000000,-99.000000,-1,1
68475,574353,581.646449,36259.475542,36259.584763,1, 0, 0, 1,3.719762,-2.946495,-0.670713,-1,2
68475,574354,581.729169,36259.558261,36259.667483,1, 0, 0, 1,4.147935,4.951074,11.331144,-1,2
68475,574355,581.937414,36259.766506,36259.875727,0, 0, 0, 0,-99.000000,-99.000000,-99.000000,-1,0
68475,574356,581.956919,36259.786011,36259.895233,0, 0, 0, 0,-99.000000,-99.000000,-99.000000,-1,1
68475,574357,581.999589,36259.828681,36259.937903,0, 0, 0, 0,-99.000000,-99.000000,-99.000000,-1,1
68475,574358,582.057182,36259.886274,36259.995496,1, 0, 0, 1,-0.970344,-1.976555,13.790502,-1,2
68475,574359,582.069621,36259.898712,36260.007934,1, 0, 0, 1,-0.726928,1.691691,12.933426,-1,2
68475,574360,582.162985,36259.992076,36260.101298,1, 0, 0, 1,4.536496,0.092006,5.323763,-1,2
68475,574361,582.179551,36260.008643,36260.117865,0, 0, 0, 0,-99.000000,-99.000000,-99.000000,-1,0
68475,574362,582.191432,36260.020524,36260.129746,1, 0, 0, 1,-4.921436,-4.406892,-15.064782,-1,2
68475,574363,582.267979,36260.097070,36260.206292,0, 0, 0, 0,-99.000000,-99.000000,-99.000000,-1,0
68475,574364,582.688875,36260.517965,36260.627189,0, 0, 0, 0,-99.000000,-99.000000,-99.000000,-1,1
68475,574365,582.751965,36260.581056,36260.690279,1, 0, 0, 1,6.568308,0.193972,15.930115,-1,2
68475,574366,582.777323,36260.606414,36260.715637,1, 0, 0, 1,3.946635,4.033472,9.613550,-1,2
68475,574367,582.816576,36260.645666,36260.754889,1, 0, 0, 1,5.773766,-1.527659,10.359096,-1,2
68475,574368,582.853956,36260.683046,36260.792270,0, 0, 0, 0,-99.000000,-99.000000,-99.000000,-1,0
68475,574369,583.023894,36260.852984,36260.962208,0, 0, 0, 0,-99.000000,-99.000000,-99.000000,-1,1
68475,574370,583.234622,36261.063711,36261.172935,0, 0, 0, 0,-99.000000,-99.000000,-99.000000,-1,0
68475,574371,583.298264,36261.127353,36261.236578,1, 0, 0, 1,-2.866033,-9.177109,15.997723,-1,2
68475,574372,583.398190,36261.227279,36261.336504,1, 0, 0, 1,0.348398,-1.589368,18.130982,-1,2
68475,574373,583.405737,36261.234826,36261.344051,0, 0, 0, 0,-99.000000,-99.000000,-99.000000,-1,0
68475,574374,583.417420,36261.246509,36261.355733,1, 0, 0, 1,-4.224783,2.712308,6.872627,-1,2
68475,574375,583.500331,36261.329419,36261.438644,0, 0, 0, 0,-99.000000,-99.000000,-99.000000,-1,0
68475,574376,583.527384,36261.356473,36261.465698,0, 0, 0, 0,-99.000000,-99.000000,-99.000000,-1,1
68475,574377,583.599721,36261.428810,36261.538035,0, 0, 0, 0,-99.000000,-99.000000,-99.000000,-1,1
68475,574378,583.613271,36261.442360,36261.551585,0, 0, 0, 0,-99.000000,-99.000000,-99.000000,-1,1
68475,574379,583.797990,36261.627078,36261.736304,1, 0, 0, 1,0.890921,0.588897,-5.442016,-1,2
68475,574380,583.860452,36261.689540,36261.798765,0, 0, 0, 0,-99.000000,-99.000000,-99.000000,-1,0
68475,574381,584.174403,36262.003491,36262.112717,1, 0, 0, 1,-4.253013,-1.837069,11.266438,-1,2
68475,574382,584.179614,36262.008701,36262.117928,0, 0, 0, 0,-99.000000,-99.000000,-99.000000,-1,1
68475,574383,584.207527,36262.036615,36262.145841,1, 0, 0, 1,7.093563,3.656666,-7.383644,-1,2
68475,574384,584.537519,36262.366605,36262.475832,0, 0, 0, 0,-99.000000,-99.000000,-99.000000,-1,0
68475,574385,584.621073,36262.450160,36262.559387,1, 0, 0, 1,1.304102,-1.803716,10.168706,-1,2
68475,574386,584.765386,36262.594472,36262.703700,0, 0, 0, 0,-99.000000,-99.000000,-99.000000,-1,1
68475,574387,585.060463,36262.889549,36262.998777,1, 0, 0, 1,-3.758561,-5.629615,-11.705434,-1,2
68475,574388,585.146471,36262.975556,36263.084784,1, 0, 0, 1,-0.565204,1.024797,16.125732,-1,2
68475,574389,585.269667,36263.098752,36263.207980,1, 0, 0, 1,-7.770134,0.408257,-4.679513,-1,3
68475,574390,585.326972,36263.156057,36263.265286,0, 0, 0, 0,-99.000000,-99.000000,-99.000000,-1,1
68475,574391,585.356397,36263.185482,36263.294710,0, 0, 0, 0,-99.000000,-99.000000,-99.000000,-1,0
68475,574392,585.581743,36263.410828,36263.520057,0, 0, 0, 0,-99.000000,-99.000000,-99.000000,-1,1
68475,574393,585.590462,36263.419546,36263.528775,1, 0, 0, 1,5.597535,-1.616925,-10.174927,-1,2
68475,574394,585.704015,36263.533099,36263.642328,0, 0, 0, 0,-99.000000,-99.000000,-99.000000,-1,1
68475,574395,585.751059,36263.580143,36263.689373,1, 0, 0, 1,3.913612,6.819012,17.714833,-1,2
68475,574396,585.865302,36263.694386,36263.803615,1, 0, 0, 1,3.014724,0.544133,1.304028,-1,2
68475,574397,585.909642,36263.738726,36263.847956,1, 0, 0, 1,-5.463885,4.498179,-20.120120,-1,2
68475,574398,586.034992,36263.864076,36263.973306,0, 0, 0, 0,-99.000000,-99.000000,-99.000000,-1,1
68475,574399,586.092878,36263.921962,36264.031192,0, 0, 0, 0,-99.000000,-99.000000,-99.000000,-1,1
68475,574400,586.227352,36264.056435,36264.165666,0, 0, 0, 0,-99.000000,-99.000000,-99.000000,-1,1
68475,574401,586.380596,36264.209679,36264.318909,0, 0, 0, 0,-99.000000,-99.000000,-99.000000,-1,1
68475,574402,586.416783,36264.245865,36264.355096,0, 0, 0, 0,-99.000000,-99.000000,-99.000000,-1,1
68475,574403,586.467527,36264.296610,36264.405841,0, 0, 0, 0,-99.000000,-99.000000,-99.000000,-1,1
68475,574404,586.511661,36264.340743,36264.449974,0, 0, 0, 0,-99.000000,-99.000000,-99.000000,-1,1
68475,574405,586.535134,36264.364217,36264.473448,0, 0, 0, 0,-99.000000,-99.000000,-99.000000,-1,1
68475,574406,587.189516,36265.018598,36265.127830,0, 0, 0, 0,-99.000000,-99.000000,-99.000000,-1,0
68475,574407,587.260444,36265.089525,36265.198758,1, 0, 0, 1,5.614786,3.739260,-4.452070,-1,2
68475,574408,587.297719,36265.126800,36265.236032,1, 0, 0, 1,-7.660871,-0.230698,1.866215,-1,2
68475,574409,587.614316,36265.443396,36265.552629,1, 0, 0, 1,1.338111,-12.683523,21.507503,-1,2
68475,574410,587.623512,36265.452592,36265.561825,1, 0, 0, 1,-5.947233,-10.561969,21.926860,-1,2
68475,574411,587.828153,36265.657233,36265.766467,1, 0, 0, 1,2.723486,-1.355993,7.951442,-1,2
68475,574412,587.835056,36265.664136,36265.773370,1, 0, 0, 1,-5.478779,2.186378,8.832246,-1,2
68475,574413,588.023994,36265.853074,36265.962308,0, 0, 0, 0,-99.000000,-99.000000,-99.000000,-1,0
68475,574414,588.155265,36265.984345,36266.093579,0, 0, 0, 0,-99.000000,-99.000000,-99.000000,-1,0
68475,574415,588.162119,36265.991198,36266.100433,1, 0, 0, 1,-2.959015,-9.330516,17.944656,-1,2
68475,574416,588.228842,36266.057921,36266.167155,1, 0, 0, 1,5.562167,3.038960,-5.920727,-1,2
68475,574417,588.278832,36266.107911,36266.217146,0, 0, 0, 0,-99.000000,-99.000000,-99.000000,-1,1
68475,574418,588.366774,36266.195853,36266.305088,1, 0, 0, 1,0.001480,8.962074,6.602349,-1,2
68475,574419,588.400296,36266.229375,36266.338609,1, 0, 0, 1,7.664580,-1.351814,-15.479792,-1,2
68475,574420,588.483837,36266.312916,36266.422151,0, 0, 0, 0,-99.000000,-99.000000,-99.000000,-1,1
68475,574421,588.506878,36266.335957,36266.445192,1, 0, 0, 1,2.264376,-1.590702,-15.546873,-1,2
68475,574422,588.661427,36266.490505,36266.599740,0, 0, 0, 0,-99.000000,-99.000000,-99.000000,-1,0
68475,574423,588.848083,36266.677161,36266.786397,1, 0, 0, 1,2.179746,-3.089014,12.084634,-1,2
68475,574424,588.868666,36266.697744,36266.806979,1, 0, 0, 1,0.037990,-12.245509,2.865969,-1,2
68475,574425,588.996649,36266.825726,36266.934962,1, 0, 0, 1,7.349853,-8.032535,-20.758038,-1,2
68475,574426,589.245730,36267.074807,36267.184043,1, 0, 0, 1,-2.951543,-8.691498,-17.789396,-1,2
68475,574427,589.258135,36267.087212,36267.196449,0, 0, 0, 0,-99.000000,-99.000000,-99.000000,-1,0
68475,574428,589.264951,36267.094028,36267.203264,1, 0, 0, 1,-7.225939,-3.955292,-2.575300,-1,2
68475,574429,589.306946,36267.136022,36267.245259,0, 0, 0, 0,-99.000000,-99.000000,-99.000000,-1,1
68475,574430,589.519082,36267.348159,36267.457396,1, 0, 0, 1,4.479297,-3.439389,-5.480905,-1,2
68475,574431,589.561621,36267.390697,36267.499934,1, 0, 0, 1,2.580941,0.971367,-11.533571,-1,2
68475,574432,589.582618,36267.411694,36267.520931,1, 0, 0, 1,-1.843713,-10.333182,12.845549,-1,2
68475,574433,589.592421,36267.421498,36267.530735,0, 0, 0, 0,-99.000000,-99.000000,-99.000000,-1,1
68475,574434,589.702790,36267.531866,36267.641103,0, 0, 0, 0,-99.000000,-99.000000,-99.000000,-1,1
68475,574435,589.748398,36267.577474,36267.686711,1, 0, 0, 1,2.954146,5.088791,1.614638,-1,2
68475,574436,589.957826,36267.786901,36267.896139,1, 0, 0, 1,-2.940711,-3.235297,-16.570273,-1,2
68475,574437,590.000446,36267.829521,36267.938759,0, 0, 0, 0,-99.000000,-99.000000,-99.000000,-1,1
68475,574438,590.080026,36267.909102,36268.018340,1, 0, 0, 1,-6.795824,3.515539,8.882878,-1,2
68475,574439,590.125034,36267.954109,36268.063347,1, 0, 0, 1,-1.927266,-8.998199,19.683593,-1,2
68475,574440,590.156768,36267.985843,36268.095081,0, 0, 0, 0,-99.000000,-99.000000,-99.000000,-1,1
68475,574441,590.484057,36268.313131,36268.422370,1, 0, 0, 1,3.146978,7.690467,16.307916,-1,2
68475,574442,590.541582,36268.370656,36268.479895,1, 0, 0, 1,3.406493,7.482016,-13.595787,-1,2
68475,574443,590.601601,36268.430675,36268.539914,1, 0, 0, 1,-2.230808,-3.565421,-5.297109,-1,2
68475,574444,590.651666,36268.480740,36268.589980,0, 0, 0, 0,-99.000000,-99.000000,-99.000000,-1,1
68475,574445,590.681268,36268.510342,36268.619581,1, 0, 0, 1,-8.055034,5.230893,17.036582,-1,2
68475,574446,590.735701,36268.564775,36268.674015,1, 0, 0, 1,-3.252678,-5.096070,14.331702,-1,2
68475,574447,590.782709,36268.611783,36268.721022,1, 0, 0, 1,-0.231325,3.303709,16.487933,-1,2
68475,574448,590.837271,36268.666345,36268.775585,0, 0, 0, 0,-99.000000,-99.000000,-99.000000,-1,1
68475,574449,590.916230,36268.745304,36268.854544,1, 0, 0, 1,-6.625205,4.186930,-21.640093,-1,2
68475,574450,591.001676,36268.830750,36268.939990,1, 0, 0, 1,0.772574,-3.323026,-22.089509,-1,2
68475,574451,591.040939,36268.870012,36268.979253,1, 0, 0, 1,6.754721,-2.086290,9.027960,-1,2
68475,574452,591.267427,36269.096500,36269.205740,0, 0, 0, 0,-99.000000,-99.000000,-99.000000,-1,1
68475,574453,591.305600,36269.134673,36269.243914,1, 0, 0, 1,-2.293718,8.348404,-7.959856,-1,2
68475,574454,591.696142,36269.525214,36269.634456,1, 0, 0, 1,-1.526983,-3.438874,11.782233,-1,2
68475,574455,591.826178,36269.655249,36269.764491,1, 0, 0, 1,-6.911841,-0.237056,6.187395,-1,2
68475,574456,591.974959,36269.804031,36269.913273,0, 0, 0, 0,-99.000000,-99.000000,-99.000000,-1,0
68475,574457,592.007360,36269.836431,36269.945673,1, 0, 0, 1,-3.500523,-2.226657,-11.911632,-1,2
68475,574458,592.114191,36269.943262,36270.052504,1, 0, 0, 1,2.565718,-3.364930,-0.772513,-1,2
68475,574459,592.152101,36269.981172,36270.090415,0, 0, 0, 0,-99.000000,-99.000000,-99.000000,-1,1
68475,574460,592.489422,36270.318492,36270.427735,1, 0, 0, 1,3.984277,8.774580,-14.897901,-1,4
68475,574461,592.539202,36270.368272,36270.477515,0, 0, 0, 0,-99.000000,-99.000000,-99.000000,-1,0
68475,574462,592.572995,36270.402065,36270.511308,1, 0, 0, 1,1.248133,-8.746581,-20.618888,-1,2
68475,574463,592.659545,36270.488615,36270.597859,0, 0, 0, 0,-99.000000,-99.000000,-99.000000,-1,1
68475,574464,592.744446,36270.573516,36270.682759,1, 0, 0, 1,-4.668575,-7.079830,12.563431,-1,2
68475,574465,592.958198,36270.787267,36270.896511,1, 0, 0, 1,3.560242,5.905976,18.428637,-1,2
68475,574466,592.959607,36270.788676,36270.897920,0, 0, 0, 0,-99.000000,-99.000000,-99.000000,-1,1
68475,574467,592.997824,36270.826894,36270.936138,1, 0, 0, 1,3.029590,-2.825719,-8.717348,-1,2
68475,574468,593.017875,36270.846945,36270.956189,1, 0, 0, 1,7.895472,-1.471160,15.572887,-1,2
68475,574469,593.085284,36270.914353,36271.023597,1, 0, 0, 1,4.255472,5.036098,-17.079912,-1,2
68475,574470,593.139306,36270.968375,36271.077619,1, 0, 0, 1,-2.730740,1.364428,3.431516,-1,3
68475,574471,593.224644,36271.053713,36271.162957,0, 0, 0, 0,-99.000000,-99.000000,-99.000000,-1,1
68475,574472,593.285643,36271.114712,36271.223957,1, 0, 0, 1,4.292078,-0.501222,-13.544668,-1,2
68475,574473,593.399892,36271.228961,36271.338206,1, 0, 0, 1,0.616671,1.135544,14.455170,-1,2
68475,574474,593.536124,36271.365193,36271.474438,1, 0, 0, 1,1.002515,4.110872,-9.809982,-1,2
68475,574475,593.590283,36271.419351,36271.528597,1, 0, 0, 1,7.173080,-2.042194,6.325481,-1,2
68475,574476,593.688354,36271.517422,36271.626667,0, 0, 0, 0,-99.000000,-99.000000,-99.000000,-1,1
68475,574477,593.865211,36271.694279,36271.803524,0, 0, 0, 0,-99.000000,-99.000000,-99.000000,-1,1
68475,574478,593.944280,36271.773348,36271.882594,1, 0, 0, 1,6.514059,3.206833,3.826233,-1,2
68475,574479,594.129118,36271.958185,36272.067431,0, 0, 0, 0,-99.000000,-99.000000,-99.000000,-1,1
68475,574480,594.198591,36272.027658,36272.136905,1, 0, 0, 1,6.131925,0.804660,5.871444,-1,2
68475,574481,594.292847,36272.121914,36272.231161,0, 0, 0, 0,-99.000000,-99.000000,-99.000000,-1,1
68475,574482,594.550168,36272.379234,36272.488481,1, 0, 0, 1,4.234352,-2.897244,3.864739,-1,2
68475,574483,594.751141,36272.580207,36272.689455,1, 0, 0, 1,-3.285643,-1.588803,20.796183,-1,2
68475,574484,594.916237,36272.745302,36272.854550,1, 0, 0, 1,3.835239,2.592543,-20.755865,-1,2
68475,574485,594.944573,36272.773638,36272.882886,0, 0, 0, 0,-99.000000,-99.000000,-99.000000,-1,1
68475,574486,595.074423,36272.903488,36273.012736,1, 0, 0, 1,5.170931,-4.406166,19.538376,-1,2
68475,574487,595.191966,36273.021031,36273.130279,0, 0, 0, 0,-99.000000,-99.000000,-99.000000,-1,1
68475,574488,595.336747,36273.165811,36273.275060,1, 0, 0, 1,3.287213,-3.737237,-9.400498,-1,2
68475,574489,595.472890,36273.301955,36273.411204,1, 0, 0, 1,0.023005,-1.661271,13.973895,-1,2
68475,574490,595.481370,36273.310434,36273.419683,1, 0, 0, 1,3.571407,-1.563780,8.685301,-1,2
68475,574491,595.523950,36273.353014,36273.462263,0, 0, 0, 0,-99.000000,-99.000000,-99.000000,-1,0
68475,574492,595.527236,36273.356300,36273.465549,0, 0, 0, 0,-99.000000,-99.000000,-99.000000,-1,0
68475,574493,595.548972,36273.378036,36273.487285,0, 0, 0, 0,-99.000000,-99.000000,-99.000000,-1,0
68475,574494,595.755747,36273.584811,36273.694060,0, 0, 0, 0,-99.000000,-99.000000,-99.000000,-1,0
68475,574495,595.937833,36273.766897,36273.876147,1, 0, 0, 1,1.428371,1.883625,-16.796700,-1,2
68475,574496,595.980067,36273.809131,36273.918381,0, 0, 0, 0,-99.000000,-99.000000,-99.000000,-1,0
68475,574497,595.994580,36273.823643,36273.932893,0, 0, 0, 0,-99.000000,-99.000000,-99.000000,-1,1
68475,574498,596.036199,36273.865262,36273.974512,1, 0, 0, 1,4.146978,6.365386,-5.601322,-1,2
68475,574499,596.168694,36273.997757,36274.107007,0, 0, 0, 0,-99.000000,-99.000000,-99.000000,-1,0
68475,574500,596.342474,36274.171537,36274.280788,1, 0, 0, 1,1.531851,3.691117,-14.862485,-1,2
68475,574501,596.378091,36274.207154,36274.316405,1, 0, 0, 1,6.279342,-5.869475,1.172229,-1,7
68475,574502,596.410265,36274.239328,36274.348579,0, 0, 0, 0,-99.000000,-99.000000,-99.000000,-1,1
68475,574503,596.435267,36274.264330,36274.373581,0, 0, 0, 0,-99.000000,-99.000000,-99.000000,-1,1
68475,574504,596.479706,36274.308768,36274.418019,0, 0, 0, 0,-99.000000,-99.000000,-99.000000,-1,0
68475,574505,596.536043,36274.365105,36274.474357,1, 1, 0, 1,2.961698,-1.857680,15.703540,-1,2
68475,574506,596.557358,36274.386420,36274.495671,1, 0, 0, 1,4.729354,2.613174,-13.921151,-1,2
68475,574507,596.913919,36274.742980,36274.852232,0, 0, 0, 0,-99.000000,-99.000000,-99.000000,-1,1
68475,574508,596.923704,36274.752765,36274.862017,1, 0, 0, 1,2.582773,-2.834998,3.572258,-1,2
68475,574509,597.255188,36275.084248,36275.193501,1, 0, 0, 1,0.911309,0.767437,12.656367,-1,2
68475,574510,597.300460,36275.129521,36275.238773,1, 0, 0, 1,-3.002174,-7.574264,-2.829857,-1,2
68475,574511,597.363759,36275.192820,36275.302073,0, 0, 0, 0,-99.000000,-99.000000,-99.000000,-1,1
68475,574512,597.408875,36275.237936,36275.347189,0, 0, 0, 0,-99.000000,-99.000000,-99.000000,-1,1
68475,574513,597.425056,36275.254117,36275.363370,0, 0, 0, 0,-99.000000,-99.000000,-99.000000,-1,1
68475,574514,597.537188,36275.366248,36275.475501,1, 0, 0, 1,-4.572207,8.780516,-17.878292,-1,2
68475,574515,597.690933,36275.519993,36275.629247,1, 0, 0, 1,5.145690,-3.974816,4.457819,-1,2
68475,574516,597.777698,36275.606758,36275.716012,0, 0, 0, 0,-99.000000,-99.000000,-99.000000,-1,1
68475,574517,597.874439,36275.703499,36275.812753,1, 0, 0, 1,3.668786,-5.324907,6.418760,-1,2
68475,574518,597.937200,36275.766259,36275.875513,0, 0, 0, 0,-99.000000,-99.000000,-99.000000,-1,1
68475,574519,598.161026,36275.990085,36276.099339,1, 0, 0, 1,2.697345,-1.955759,4.856796,-1,2
68475,574520,598.200636,36276.029695,36276.138950,1, 0, 0, 1,-0.815636,5.267651,-3.359966,-1,2
68475,574521,598.247977,36276.077036,36276.186290,1, 0, 0, 1,-7.007334,2.358316,-6.616535,-1,2
68475,574522,598.331071,36276.160130,36276.269385,0, 0, 0, 0,-99.000000,-99.000000,-99.000000,-1,1
68475,574523,598.372734,36276.201792,36276.311047,1, 0, 0, 1,-3.808166,-1.834513,5.162927,-1,2
68475,574524,598.474128,36276.303187,36276.412442,0, 0, 0, 0,-99.000000,-99.000000,-99.000000,-1,1
68475,574525,598.672482,36276.501540,36276.610796,1, 0, 0, 1,-1.241055,-3.470613,17.490270,-1,2
68475,574526,598.789146,36276.618204,36276.727460,1, 0, 0, 1,-3.185032,8.793756,6.751301,-1,2
68475,574527,599.141783,36276.970840,36277.080097,1, 0, 0, 1,7.844072,2.059848,6.845790,-1,2
68475,574528,599.182473,36277.011530,36277.120787,1, 0, 0, 1,1.774077,4.861878,1.136544,-1,2
68475,574529,599.455508,36277.284565,36277.393822,0, 0, 0, 0,-99.000000,-99.000000,-99.000000,-1,1
68475,574530,599.467639,36277.296695,36277.405952,1, 1, 1, 1,-0.609147,-0.843439,-1.021935,-1,3
68475,574531,599.498569,36277.327626,36277.436883,1, 0, 0, 1,-9.324163,4.815691,-13.416150,-1,2
68475,574532,599.561237,36277.390293,36277.499551,1, 0, 0, 1,-1.993880,2.865117,-12.366747,-1,2
68475,574533,599.592430,36277.421486,36277.530743,1, 0, 0, 1,-3.677815,3.104470,-6.882330,-1,2
68475,574534,599.594130,36277.423186,36277.532444,1, 0, 0, 1,-2.526099,-0.485548,9.468024,-1,2
68475,574535,599.619650,36277.448706,36277.557963,0, 0, 0, 0,-99.000000,-99.000000,-99.000000,-1,1
68475,574536,599.740625,36277.569681,36277.678939,0, 0, 0, 0,-99.000000,-99.000000,-99.000000,-1,1
68475,574537,599.740739,36277.569795,36277.679052,1, 0, 0, 1,1.320411,1.791554,-13.245418,-1,2
68475,574538,599.833248,36277.662303,36277.771561,0, 0, 0, 0,-99.000000,-99.000000,-99.000000,-1,1
68475,574539,600.123684,36277.952740,36278.061998,1, 0, 0, 1,-1.572403,3.479764,2.744100,-1,2
68475,574540,600.258777,36278.087831,36278.197090,1, 0, 0, 1,5.191249,5.463682,-6.620383,-1,2
68475,574541,600.294657,36278.123711,36278.232970,1, 0, 0, 1,-5.499936,1.148969,-16.080545,-1,2
68475,574542,600.539748,36278.368802,36278.478061,0, 0, 0, 0,-99.000000,-99.000000,-99.000000,-1,0
68475,574543,600.685703,36278.514756,36278.624016,1, 0, 0, 1,4.382269,-1.134155,-13.371165,-1,2
68475,574544,600.745353,36278.574407,36278.683667,0, 0, 0, 0,-99.000000,-99.000000,-99.000000,-1,1
68475,574545,600.775331,36278.604384,36278.713644,1, 0, 0, 1,-0.456471,2.838934,-6.203982,-1,3
68475,574546,600.922975,36278.752028,36278.861288,1, 0, 0, 1,2.465485,-8.982686,7.439148,-1,2
68475,574547,601.186323,36279.015376,36279.124636,0, 0, 0, 0,-99.000000,-99.000000,-99.000000,-1,1
68475,574548,601.323018,36279.152071,36279.261332,1, 0, 0, 1,0.729975,-8.714260,19.234258,-1,2
68475,574549,601.567755,36279.396807,36279.506069,1, 0, 0, 1,3.562623,-2.125789,-6.371373,-1,2
68475,574550,601.611161,36279.440213,36279.549474,1, 0, 0, 1,-1.847235,3.737153,-2.258767,-1,2
68475,574551,601.627073,36279.456125,36279.565386,0, 0, 0, 0,-99.000000,-99.000000,-99.000000,-1,1
68475,574552,601.860265,36279.689316,36279.798578,1, 0, 0, 1,2.031599,1.543785,-4.708746,-1,2
68475,574553,602.026584,36279.855636,36279.964898,1, 0, 0, 1,5.172427,-9.623865,-9.372075,-1,3
68475,574554,602.055015,36279.884066,36279.993329,0, 0, 0, 0,-99.000000,-99.000000,-99.000000,-1,1
68475,574555,602.311839,36280.140889,36280.250152,0, 0, 0, 0,-99.000000,-99.000000,-99.000000,-1,1
68475,574556,602.356583,36280.185634,36280.294897,0, 0, 0, 0,-99.000000,-99.000000,-99.000000,-1,1
68475,574557,602.363453,36280.192504,36280.301767,1, 0, 0, 1,-2.522311,3.714248,-1.083532,-1,2
68475,574558,602.376828,36280.205879,36280.315142,1, 0, 0, 1,7.627854,-0.725675,6.002440,-1,2
68475,574559,602.651955,36280.481005,36280.590269,1, 0, 0, 1,3.847397,-0.045107,-7.499780,-1,2
68475,574560,602.744727,36280.573776,36280.683040,1, 0, 0, 1,-3.783127,-3.751696,-19.405951,-1,2
68475,574561,602.839701,36280.668751,36280.778015,1, 1, 1, 1,-1.365021,0.113665,0.057094,-1,3
68475,574562,603.196573,36281.025622,36281.134887,0, 0, 0, 0,-99.000000,-99.000000,-99.000000,-1,1
68475,574563,603.282143,36281.111191,36281.220456,1, 0, 0, 1,-1.987028,-0.908869,-3.592882,-1,2
68475,574564,603.331244,36281.160293,36281.269557,1, 0, 0, 1,-3.073237,-0.073746,4.196192,-1,2
68475,574565,603.349790,36281.178839,36281.288103,1, 0, 0, 1,-2.984663,-4.574481,16.956744,-1,2
68475,574566,603.395637,36281.224686,36281.333951,0, 0, 0, 0,-99.000000,-99.000000,-99.000000,-1,1
68475,574567,603.457342,36281.286390,36281.395655,1, 0, 0, 1,15.466946,5.739497,-11.111155,-1,2
68475,574568,603.624698,36281.453746,36281.563011,0, 0, 0, 0,-99.000000,-99.000000,-99.000000,-1,1
68475,574569,603.839057,36281.668105,36281.777371,0, 0, 0, 0,-99.000000,-99.000000,-99.000000,-1,1
68475,574570,603.840186,36281.669233,36281.778499,1, 0, 0, 1,-4.415735,-0.805646,9.662566,-1,2
68475,574571,603.977562,36281.806610,36281.915876,0, 0, 0, 0,-99.000000,-99.000000,-99.000000,-1,1
68475,574572,604.012233,36281.841280,36281.950546,1, 0, 0, 1,8.939181,-0.865743,-16.893490,-1,2
68475,574573,604.288339,36282.117386,36282.226652,1, 0, 0, 1,4.875383,-6.600846,15.055514,-1,2
68475,574574,604.371353,36282.200399,36282.309666,0, 0, 0, 0,-99.000000,-99.000000,-99.000000,-1,1
68475,574575,604.379768,36282.208814,36282.318082,1, 0, 0, 1,1.145909,3.934496,-18.555302,-1,2
68475,574576,604.559281,36282.388327,36282.497595,1, 0, 0, 1,6.324393,1.227626,1.964860,-1,2
68475,574577,604.573443,36282.402489,36282.511756,0, 0, 0, 0,-99.000000,-99.000000,-99.000000,-1,1
68475,574578,604.660855,36282.489901,36282.599168,0, 0, 0, 0,-99.000000,-99.000000,-99.000000,-1,1
68475,574579,604.806533,36282.635578,36282.744846,1, 0, 0, 1,-0.899266,2.797383,-2.060848,-1,2
68475,574580,605.135659,36282.964704,36283.073973,0, 0, 0, 0,-99.000000,-99.000000,-99.000000,-1,0
68475,574581,605.182759,36283.011804,36283.121072,1, 0, 0, 1,-5.891852,-1.436841,14.928765,-1,2
68475,574582,605.278838,36283.107883,36283.217151,0, 0, 0, 0,-99.000000,-99.000000,-99.000000,-1,1
68475,574583,605.479812,36283.308856,36283.418125,0, 0, 0, 0,-99.000000,-99.000000,-99.000000,-1,1
68475,574584,605.486089,36283.315133,36283.424403,0, 0, 0, 0,-99.000000,-99.000000,-99.000000,-1,1
68475,574585,605.506801,36283.335845,36283.445114,0, 0, 0, 0,-99.000000,-99.000000,-99.000000,-1,1
68475,574586,605.600641,36283.429685,36283.538955,1, 0, 0, 1,-3.504981,0.508287,8.804348,-1,2
68475,574587,605.760934,36283.589978,36283.699247,1, 0, 0, 1,-4.139030,-1.821492,-12.378670,-1,2
68475,574588,605.876473,36283.705517,36283.814787,1, 0, 0, 1,-2.669519,1.275003,15.433521,-1,2
68475,574589,606.919424,36284.748465,36284.857737,1, 0, 0, 1,-3.885464,4.811396,5.238749,-1,2
68475,574590,606.954138,36284.783179,36284.892452,0, 0, 0, 0,-99.000000,-99.000000,-99.000000,-1,0
68475,574591,607.055372,36284.884413,36284.993685,0, 0, 0, 0,-99.000000,-99.000000,-99.000000,-1,0
68475,574592,607.057581,36284.886622,36284.995895,1, 0, 0, 1,4.608338,-0.803140,3.110899,-1,2
68475,574593,607.085816,36284.914857,36285.024129,0, 0, 0, 0,-99.000000,-99.000000,-99.000000,-1,1
68475,574594,607.185662,36285.014703,36285.123976,0, 0, 0, 0,-99.000000,-99.000000,-99.000000,-1,0
68475,574595,607.230559,36285.059599,36285.168872,1, 0, 0, 1,5.755008,2.316633,0.896265,-1,2
68475,574596,607.304874,36285.133914,36285.243187,0, 0, 0, 0,-99.000000,-99.000000,-99.000000,-1,1
68475,574597,607.306797,36285.135838,36285.245111,0, 0, 0, 0,-99.000000,-99.000000,-99.000000,-1,0
68475,574598,607.396548,36285.225589,36285.334862,1, 1, 0, 1,1.420860,-0.645252,13.428432,-1,2
68475,574599,607.482944,36285.311984,36285.421257,0, 0, 0, 0,-99.000000,-99.000000,-99.000000,-1,1
68475,574600,607.489338,36285.318378,36285.427652,1, 0, 0, 1,1.608427,-1.260076,-5.261585,-1,2
68475,574601,607.603430,36285.432469,36285.541743,1, 0, 0, 1,7.390179,-6.591093,-0.705474,-1,2
68475,574602,607.748772,36285.577812,36285.687086,1, 0, 0, 1,-3.689769,5.214154,-20.079260,-1,2
68475,574603,608.127414,36285.956452,36286.065727,0, 0, 0, 0,-99.000000,-99.000000,-99.000000,-1,1
68475,574604,608.194067,36286.023106,36286.132381,1, 0, 0, 1,6.468357,2.959110,-8.346951,-1,2
68475,574605,608.222019,36286.051058,36286.160333,0, 0, 0, 0,-99.000000,-99.000000,-99.000000,-1,0
68475,574606,608.308902,36286.137941,36286.247216,1, 0, 0, 1,3.019710,-8.638715,5.787538,-1,2
68475,574607,608.470435,36286.299474,36286.408749,0, 0, 0, 0,-99.000000,-99.000000,-99.000000,-1,1
68475,574608,608.533999,36286.363037,36286.472313,0, 0, 0, 0,-99.000000,-99.000000,-99.000000,-1,1
68475,574609,608.597514,36286.426552,36286.535827,1, 0, 0, 1,-0.355844,-9.999981,1.630880,-1,5
68475,574610,608.785915,36286.614953,36286.724229,1, 0, 0, 1,3.963924,9.309931,12.739344,-1,2
68475,574611,608.885065,36286.714103,36286.823379,1, 0, 0, 1,2.636133,7.232313,19.281649,-1,2
68475,574612,609.126310,36286.955347,36287.064624,1, 0, 0, 1,0.877256,4.184530,13.669682,-1,2
68475,574613,609.204805,36287.033841,36287.143118,0, 0, 0, 0,-99.000000,-99.000000,-99.000000,-1,1
68475,574614,609.445979,36287.275015,36287.384293,1, 0, 0, 1,-1.527633,-7.636287,-2.869760,-1,2
68475,574615,609.541691,36287.370727,36287.480004,1, 0, 0, 1,7.792675,-5.960054,9.014931,-1,2
68475,574616,609.546875,36287.375911,36287.485188,1, 0, 0, 1,-3.980161,-6.885854,11.610710,-1,2
68475,574617,609.557846,36287.386882,36287.496160,1, 0, 0, 1,-0.143748,-6.441237,-5.740267,-1,2
68475,574618,609.768697,36287.597733,36287.707011,1, 0, 0, 1,1.825840,9.446974,7.228612,-1,2
68475,574619,609.856007,36287.685042,36287.794320,1, 0, 0, 1,2.171476,4.590647,-15.875187,-1,2
68475,574620,610.138231,36287.967266,36288.076545,1, 0, 0, 1,6.397460,-1.399472,19.949889,-1,2
68475,574621,610.210398,36288.039432,36288.148711,1, 0, 0, 1,-8.310495,-0.310932,-8.803749,-1,2
68475,574622,610.292533,36288.121568,36288.230847,1, 0, 0, 1,-5.580505,7.282869,20.782237,-1,2
68475,574623,610.585041,36288.414074,36288.523354,1, 0, 0, 1,-3.619178,5.206843,15.664008,-1,2
68475,574624,611.134270,36288.963303,36289.072584,1, 0, 0, 1,0.820445,-9.638804,2.561869,-1,2
68475,574625,611.142195,36288.971228,36289.080508,0, 0, 0, 0,-99.000000,-99.000000,-99.000000,-1,1
68475,574626,611.317532,36289.146564,36289.255846,0, 0, 0, 0,-99.000000,-99.000000,-99.000000,-1,1
68475,574627,611.373018,36289.202051,36289.311332,1, 0, 0, 1,-0.935239,-3.394614,6.463414,-1,2
68475,574628,611.459762,36289.288794,36289.398076,0, 0, 0, 0,-99.000000,-99.000000,-99.000000,-1,0
68475,574629,611.662378,36289.491409,36289.600691,1, 0, 0, 1,-2.086477,3.322862,16.216951,-1,2
68475,574630,611.721724,36289.550755,36289.660037,0, 0, 0, 0,-99.000000,-99.000000,-99.000000,-1,1
68475,574631,611.858410,36289.687442,36289.796724,1, 0, 0, 1,5.177195,1.338795,-9.415537,-1,2
68475,574632,611.927514,36289.756545,36289.865827,0, 0, 0, 0,-99.000000,-99.000000,-99.000000,-1,0
68475,574633,611.952192,36289.781223,36289.890505,1, 0, 0, 1,-0.512435,-9.085531,16.538516,-1,2
68475,574634,612.119132,36289.948163,36290.057446,1, 0, 0, 1,8.142439,0.295290,-20.993049,-1,2
68475,574635,612.211933,36290.040963,36290.150246,1, 0, 0, 1,3.447624,-2.564683,-18.922367,-1,2
68475,574636,612.304644,36290.133674,36290.242957,0, 0, 0, 0,-99.000000,-99.000000,-99.000000,-1,1
68475,574637,612.342661,36290.171691,36290.280974,0, 0, 0, 0,-99.000000,-99.000000,-99.000000,-1,1
68475,574638,612.404601,36290.233631,36290.342914,1, 0, 0, 1,-2.527856,8.159767,-20.360583,-1,2
68475,574639,612.482310,36290.311340,36290.420623,1, 0, 0, 1,1.673093,0.032164,17.300386,-1,2
68475,574640,612.793855,36290.622885,36290.732169,1, 0, 0, 1,-1.950462,10.021113,17.740615,-1,2
68475,574641,612.961081,36290.790110,36290.899395,1, 0, 0, 1,4.625245,-0.903234,10.943321,-1,2
68475,574642,613.049187,36290.878216,36290.987501,1, 0, 0, 1,-2.136276,-5.099192,9.050346,-1,2
68475,574643,613.076435,36290.905463,36291.014748,0, 0, 0, 0,-99.000000,-99.000000,-99.000000,-1,1
68475,574644,613.132278,36290.961307,36291.070591,0, 0, 0, 0,-99.000000,-99.000000,-99.000000,-1,1
68475,574645,613.139817,36290.968845,36291.078130,0, 0, 0, 0,-99.000000,-99.000000,-99.000000,-1,0
68475,574646,613.422449,36291.251478,36291.360763,1, 0, 0, 1,3.720110,1.452175,7.870247,-1,2
68475,574647,613.745754,36291.574782,36291.684068,0, 0, 0, 0,-99.000000,-99.000000,-99.000000,-1,1
68475,574648,613.749417,36291.578444,36291.687730,1, 0, 0, 1,-0.723895,5.642427,10.042126,-1,2
68475,574649,613.825049,36291.654077,36291.763363,1, 0, 0, 1,8.003544,2.645306,0.396408,-1,2
68475,574650,613.883310,36291.712338,36291.821624,0, 0, 0, 0,-99.000000,-99.000000,-99.000000,-1,1
68475,574651,614.240294,36292.069320,36292.178607,0, 0, 0, 0,-99.000000,-99.000000,-99.000000,-1,1
68475,574652,614.374443,36292.203469,36292.312756,1, 0, 0, 1,2.032664,-5.473523,12.255318,-1,2
68475,574653,614.442244,36292.271270,36292.380557,1, 0, 0, 1,2.313835,-5.190365,-14.402090,-1,2
68475,574654,614.470697,36292.299723,36292.409011,0, 0, 0, 0,-99.000000,-99.000000,-99.000000,-1,0
68475,574655,614.596083,36292.425109,36292.534396,0, 0, 0, 0,-99.000000,-99.000000,-99.000000,-1,1
68475,574656,614.599767,36292.428792,36292.538080,0, 0, 0, 0,-99.000000,-99.000000,-99.000000,-1,1
68475,574657,614.621180,36292.450206,36292.559494,1, 1, 0, 1,-2.340788,-0.794684,-13.580850,-1,3
68475,574658,614.817647,36292.646672,36292.755960,1, 0, 0, 1,-1.314295,4.011015,-13.086968,-1,2
68475,574659,614.950703,36292.779728,36292.889017,0, 0, 0, 0,-99.000000,-99.000000,-99.000000,-1,1
68475,574660,615.101539,36292.930564,36293.039853,0, 0, 0, 0,-99.000000,-99.000000,-99.000000,-1,0
68475,574661,615.131569,36292.960593,36293.069882,1, 0, 0, 1,7.290158,4.642199,13.254276,-1,2
68475,574662,615.197334,36293.026359,36293.135648,0, 0, 0, 0,-99.000000,-99.000000,-99.000000,-1,0
68475,574663,615.209904,36293.038929,36293.148218,1, 0, 0, 1,-0.527601,-0.884858,-10.562904,-1,2
68475,574664,615.272055,36293.101079,36293.210368,1, 0, 0, 1,-5.810263,-0.492707,-2.121232,-1,2
68475,574665,615.321727,36293.150751,36293.260040,1, 0, 0, 1,4.664942,-0.774804,-11.073494,-1,2
68475,574666,615.343991,36293.173015,36293.282304,1, 0, 0, 1,4.206776,4.317954,-4.145873,-1,2
68475,574667,615.402590,36293.231614,36293.340903,1, 0, 0, 1,3.340220,-4.820511,9.528141,-1,2
68475,574668,615.430292,36293.259316,36293.368605,1, 0, 0, 1,0.835842,-0.056083,9.154726,-1,2
68475,574669,615.497203,36293.326227,36293.435516,1, 0, 0, 1,4.647440,9.999981,14.900854,-1,3
68475,574670,615.580270,36293.409293,36293.518583,1, 0, 0, 1,3.677381,7.650414,-16.492040,-1,2
68475,574671,615.632605,36293.461628,36293.570918,1, 0, 0, 1,3.087597,2.690049,20.590403,-1,2
68475,574672,615.771930,36293.600954,36293.710244,1, 0, 0, 1,-3.714705,3.796963,9.650408,-1,2
68475,574673,616.124446,36293.953469,36294.062760,1, 0, 0, 1,-0.931180,-0.871593,4.202135,-1,2
68475,574674,616.129127,36293.958150,36294.067441,0, 0, 0, 0,-99.000000,-99.000000,-99.000000,-1,0
68475,574675,616.358996,36294.188018,36294.297310,0, 0, 0, 0,-99.000000,-99.000000,-99.000000,-1,1
68475,574676,616.486391,36294.315413,36294.424704,1, 0, 0, 1,-6.227700,-2.471602,-2.900043,-1,2
68475,574677,616.677951,36294.506972,36294.616264,1, 0, 0, 1,-7.923780,0.986375,2.293759,-1,2
68475,574678,616.840816,36294.669837,36294.779130,0, 0, 0, 0,-99.000000,-99.000000,-99.000000,-1,1
68475,574679,617.253889,36295.082909,36295.192202,1, 0, 0, 1,-2.058641,10.605183,-20.370625,-1,2
68475,574680,617.316521,36295.145542,36295.254835,1, 0, 0, 1,1.278189,-3.119972,-2.375051,-1,2
68475,574681,617.356023,36295.185043,36295.294337,0, 0, 0, 0,-99.000000,-99.000000,-99.000000,-1,0
68475,574682,617.827326,36295.656345,36295.765639,1, 0, 0, 1,4.831026,-4.529583,8.005827,-1,2
68475,574683,618.032791,36295.861809,36295.971104,1, 0, 0, 1,-3.785011,-2.879887,-11.973543,-1,2
68475,574684,618.078198,36295.907217,36296.016512,0, 0, 0, 0,-99.000000,-99.000000,-99.000000,-1,0
68475,574685,618.165879,36295.994897,36296.104192,1, 0, 0, 1,2.373167,7.869572,-2.213574,-1,2
68475,574686,618.174320,36296.003339,36296.112634,1, 0, 0, 1,-2.560405,-5.143834,-8.030434,-1,2
68475,574687,618.448900,36296.277918,36296.387214,0, 0, 0, 0,-99.000000,-99.000000,-99.000000,-1,1
68475,574688,618.511903,36296.340921,36296.450216,1, 0, 0, 1,3.412538,-4.413713,19.563998,-1,2
68475,574689,618.684989,36296.514007,36296.623303,0, 0, 0, 0,-99.000000,-99.000000,-99.000000,-1,1
68475,574690,618.721109,36296.550127,36296.659423,1, 0, 0, 1,3.510736,-0.097810,-14.275673,-1,2
68475,574691,618.821909,36296.650926,36296.760222,1, 0, 0, 1,-3.067071,-1.450489,-3.034997,-1,2
68475,574692,619.059683,36296.888700,36296.997997,1, 0, 0, 1,0.341741,2.763125,17.545113,-1,2
68475,574693,619.244976,36297.073992,36297.183289,0, 0, 0, 0,-99.000000,-99.000000,-99.000000,-1,1
68475,574694,619.342415,36297.171431,36297.280728,1, 0, 0, 1,5.496141,-0.228586,19.168443,-1,2
68475,574695,619.364371,36297.193387,36297.302684,0, 0, 0, 0,-99.000000,-99.000000,-99.000000,-1,1
68475,574696,619.405144,36297.234160,36297.343458,0, 0, 0, 0,-99.000000,-99.000000,-99.000000,-1,1
68475,574697,619.469265,36297.298281,36297.407579,0, 0, 0, 0,-99.000000,-99.000000,-99.000000,-1,1
68475,574698,619.480707,36297.309723,36297.419021,1, 0, 0, 1,-0.818628,-1.608243,-13.944961,-1,2
68475,574699,619.487598,36297.316614,36297.425912,0, 0, 0, 0,-99.000000,-99.000000,-99.000000,-1,1
68475,574700,619.614097,36297.443113,36297.552411,0, 0, 0, 0,-99.000000,-99.000000,-99.000000,-1,0
68475,574701,619.663538,36297.492554,36297.601852,1, 0, 0, 1,2.735349,-6.476084,-14.448082,-1,3
68475,574702,619.700906,36297.529921,36297.639219,1, 0, 0, 1,-8.092003,0.290186,5.447101,-1,2
68475,574703,619.738134,36297.567149,36297.676447,0, 0, 0, 0,-99.000000,-99.000000,-99.000000,-1,1
68475,574704,619.748976,36297.577992,36297.687290,1, 0, 0, 1,0.661467,2.129681,4.015871,-1,2
68475,574705,619.854971,36297.683987,36297.793285,0, 0, 0, 0,-99.000000,-99.000000,-99.000000,-1,0
68475,574706,619.940102,36297.769117,36297.878415,1, 0, 0, 1,-2.169109,-9.098594,-16.866313,-1,2
68475,574707,620.034817,36297.863831,36297.973130,1, 0, 0, 1,-4.771761,5.489849,16.352146,-1,2
68475,574708,620.292158,36298.121173,36298.230472,0, 0, 0, 0,-99.000000,-99.000000,-99.000000,-1,1
68475,574709,620.306373,36298.135387,36298.244686,1, 0, 0, 1,6.367616,1.076325,4.376799,-1,2
68475,574710,620.414341,36298.243355,36298.352655,1, 0, 0, 1,-4.445862,1.855650,-16.610898,-1,2
68475,574711,620.438225,36298.267240,36298.376539,1, 0, 0, 1,-0.701909,0.930661,-11.099252,-1,2
68475,574712,620.579074,36298.408088,36298.517387,0, 0, 0, 0,-99.000000,-99.000000,-99.000000,-1,0
68475,574713,620.696913,36298.525926,36298.635226,0, 0, 0, 0,-99.000000,-99.000000,-99.000000,-1,1
68475,574714,620.823379,36298.652393,36298.761693,1, 0, 0, 1,-1.877128,10.281060,-20.140195,-1,2
68475,574715,620.967805,36298.796818,36298.906118,0, 0, 0, 0,-99.000000,-99.000000,-99.000000,-1,0
68475,574716,621.060785,36298.889798,36298.999098,0, 0, 0, 0,-99.000000,-99.000000,-99.000000,-1,1
68475,574717,621.224698,36299.053710,36299.163012,1, 0, 0, 1,-5.743138,0.267048,-10.498547,-1,2
68475,574718,621.254778,36299.083790,36299.193091,0, 0, 0, 0,-99.000000,-99.000000,-99.000000,-1,1
68475,574719,621.276707,36299.105719,36299.215021,0, 0, 0, 0,-99.000000,-99.000000,-99.000000,-1,1
68475,574720,621.277833,36299.106845,36299.216146,0, 0, 0, 0,-99.000000,-99.000000,-99.000000,-1,0
68475,574721,621.552599,36299.381611,36299.490912,1, 0, 0, 1,-3.187837,9.999981,-3.190586,-1,7
68475,574722,621.576319,36299.405331,36299.514633,0, 0, 0, 0,-99.000000,-99.000000,-99.000000,-1,0
68475,574723,621.578798,36299.407809,36299.517111,0, 0, 0, 0,-99.000000,-99.000000,-99.000000,-1,0
68475,574724,621.596575,36299.425587,36299.534889,0, 0, 0, 0,-99.000000,-99.000000,-99.000000,-1,1
68475,574725,621.636590,36299.465601,36299.574903,1, 0, 0, 1,-2.116358,4.012795,-0.013458,-1,2
68475,574726,621.671106,36299.500117,36299.609419,1, 0, 0, 1,5.449407,7.369996,18.886240,-1,2
68475,574727,621.739228,36299.568240,36299.677542,1, 0, 0, 1,-4.407420,-5.832481,11.699957,-1,2
68475,574728,621.792338,36299.621350,36299.730652,1, 0, 0, 1,5.891405,1.116490,0.815888,-1,2
68475,574729,622.229578,36300.058588,36300.167891,1, 0, 0, 1,-2.511047,5.167568,17.079297,-1,2
68475,574730,622.241240,36300.070251,36300.179554,0, 0, 0, 0,-99.000000,-99.000000,-99.000000,-1,1
68475,574731,622.275570,36300.104581,36300.213884,0, 0, 0, 0,-99.000000,-99.000000,-99.000000,-1,1
68475,574732,622.343265,36300.172276,36300.281579,0, 0, 0, 0,-99.000000,-99.000000,-99.000000,-1,1
68475,574733,622.550578,36300.379588,36300.488891,0, 0, 0, 0,-99.000000,-99.000000,-99.000000,-1,1
68475,574734,622.748306,36300.577316,36300.686620,0, 0, 0, 0,-99.000000,-99.000000,-99.000000,-1,1
68475,574735,622.769219,36300.598228,36300.707532,0, 0, 0, 0,-99.000000,-99.000000,-99.000000,-1,1
68475,574736,622.844047,36300.673056,36300.782360,0, 0, 0, 0,-99.000000,-99.000000,-99.000000,-1,0
68475,574737,622.922525,36300.751534,36300.860839,1, 0, 0, 1,-2.233143,0.571111,-19.672947,-1,2
68475,574738,623.068060,36300.897068,36301.006373,1, 0, 0, 1,-9.898505,-1.574659,-3.780894,-1,2
68475,574739,623.095297,36300.924306,36301.033610,1, 0, 0, 1,1.300255,2.594781,-20.482869,-1,2
68475,574740,623.144195,36300.973204,36301.082509,1, 0, 0, 1,-2.191148,7.971050,8.852243,-1,2
68475,574741,623.391053,36301.220061,36301.329366,0, 0, 0, 0,-99.000000,-99.000000,-99.000000,-1,1
68475,574742,623.415698,36301.244706,36301.354011,0, 0, 0, 0,-99.000000,-99.000000,-99.000000,-1,0
68475,574743,623.536992,36301.366000,36301.475306,0, 0, 0, 0,-99.000000,-99.000000,-99.000000,-1,1
68475,574744,623.608919,36301.437927,36301.547232,1, 0, 0, 1,-8.021323,-1.035119,4.490840,-1,2
68475,574745,623.782957,36301.611964,36301.721271,1, 0, 0, 1,3.002081,1.336998,9.466460,-1,2
68475,574746,623.861560,36301.690567,36301.799874,0, 0, 0, 0,-99.000000,-99.000000,-99.000000,-1,1
68475,574747,623.924610,36301.753617,36301.862924,1, 0, 0, 1,8.805469,4.740550,10.970175,-1,7
68475,574748,623.975761,36301.804768,36301.914075,0, 0, 0, 0,-99.000000,-99.000000,-99.000000,-1,1
68475,574749,624.073235,36301.902241,36302.011548,1, 0, 0, 1,2.888708,0.991075,-15.352493,-1,2
68475,574750,624.106279,36301.935285,36302.044592,1, 0, 0, 1,-2.316425,0.791935,-12.089095,-1,2
68475,574751,624.190245,36302.019252,36302.128559,0, 0, 0, 0,-99.000000,-99.000000,-99.000000,-1,0
68475,574752,624.423991,36302.252997,36302.362304,0, 0, 0, 0,-99.000000,-99.000000,-99.000000,-1,1
68475,574753,624.457217,36302.286223,36302.395530,1, 0, 0, 1,-2.733324,3.090781,2.398514,-1,2
68475,574754,624.479608,36302.308614,36302.417921,0, 0, 0, 0,-99.000000,-99.000000,-99.000000,-1,1
68475,574755,624.609735,36302.438740,36302.548048,1, 0, 0, 1,8.141699,6.106356,-10.618122,-1,2
68475,574756,624.743104,36302.572110,36302.681418,0, 0, 0, 0,-99.000000,-99.000000,-99.000000,-1,0
68475,574757,624.749311,36302.578316,36302.687624,1, 0, 0, 1,-6.027376,2.601940,5.806891,-1,2
68475,574758,624.969923,36302.798928,36302.908237,1, 0, 0, 1,-1.513459,6.038568,-18.303359,-1,2
68475,574759,625.037085,36302.866090,36302.975399,0, 0, 0, 0,-99.000000,-99.000000,-99.000000,-1,0
68475,574760,625.154409,36302.983413,36303.092722,0, 0, 0, 0,-99.000000,-99.000000,-99.000000,-1,1
68475,574761,625.159353,36302.988357,36303.097666,1, 0, 0, 1,-6.460717,-4.134236,4.969298,-1,2
68475,574762,625.183295,36303.012299,36303.121608,1, 0, 0, 1,7.477045,1.624589,-3.687752,-1,2
68475,574763,625.280585,36303.109589,36303.218899,1, 0, 0, 1,-6.736403,-0.471973,6.388530,-1,2
68475,574764,625.450667,36303.279671,36303.388981,1, 0, 0, 1,2.228051,-0.493813,8.790350,-1,2
68475,574765,626.094441,36303.923444,36304.032755,0, 0, 0, 0,-99.000000,-99.000000,-99.000000,-1,1
68475,574766,626.220996,36304.049998,36304.159310,0, 0, 0, 0,-99.000000,-99.000000,-99.000000,-1,1
68475,574767,626.224344,36304.053346,36304.162657,1, 0, 0, 1,1.817145,-1.793176,8.316073,-1,2
68475,574768,626.331423,36304.160425,36304.269736,1, 0, 0, 1,-5.589403,-4.813572,4.794398,-1,2
68475,574769,626.534531,36304.363532,36304.472844,0, 0, 0, 0,-99.000000,-99.000000,-99.000000,-1,1
68475,574770,626.540682,36304.369684,36304.478995,1, 0, 0, 1,-2.692466,-5.532077,-18.084074,-1,2
68475,574771,626.613054,36304.442055,36304.551367,1, 0, 0, 1,-3.990076,-7.186588,-15.816899,-1,2
68475,574772,626.798059,36304.627060,36304.736373,0, 0, 0, 0,-99.000000,-99.000000,-99.000000,-1,1
68475,574773,627.042342,36304.871343,36304.980655,1, 0, 0, 1,-8.340277,1.304435,15.255402,-1,2
68475,574774,627.182808,36305.011808,36305.121121,1, 0, 0, 1,8.165186,0.760216,-11.998639,-1,2
68475,574775,627.276209,36305.105209,36305.214522,1, 0, 0, 1,-3.828160,9.396302,-19.280686,-1,2
68475,574776,627.481211,36305.310211,36305.419525,0, 0, 0, 0,-99.000000,-99.000000,-99.000000,-1,1
68475,574777,627.600082,36305.429081,36305.538395,0, 0, 0, 0,-99.000000,-99.000000,-99.000000,-1,1
68475,574778,627.620582,36305.449581,36305.558895,1, 0, 0, 1,-2.967710,7.895595,-14.184766,-1,2
68475,574779,627.727973,36305.556973,36305.666287,0, 0, 0, 0,-99.000000,-99.000000,-99.000000,-1,1
68475,574780,627.793484,36305.622483,36305.731797,1, 0, 0, 1,0.856306,3.362417,20.437074,-1,2
68475,574781,627.911927,36305.740926,36305.850241,0, 0, 0, 0,-99.000000,-99.000000,-99.000000,-1,0
68475,574782,628.110553,36305.939552,36306.048867,0, 0, 0, 0,-99.000000,-99.000000,-99.000000,-1,1
68475,574783,628.283311,36306.112309,36306.221625,1, 0, 0, 1,-3.503916,-8.627377,12.364235,-1,2
68475,574784,628.409076,36306.238074,36306.347389,0, 0, 0, 0,-99.000000,-99.000000,-99.000000,-1,1
68475,574785,628.412058,36306.241056,36306.350372,0, 0, 0, 0,-99.000000,-99.000000,-99.000000,-1,1
68475,574786,628.483292,36306.312290,36306.421606,0, 0, 0, 0,-99.000000,-99.000000,-99.000000,-1,1
68475,574787,628.651378,36306.480376,36306.589692,1, 0, 0, 1,2.804938,-9.219798,3.834586,-1,2
68475,574788,628.810655,36306.639652,36306.748969,1, 0, 0, 1,-4.569084,2.917763,11.409170,-1,2
68475,574789,628.845837,36306.674834,36306.784150,0, 0, 0, 0,-99.000000,-99.000000,-99.000000,-1,0
68475,574790,628.877528,36306.706525,36306.815842,1, 0, 0, 1,3.302303,7.105484,1.794371,-1,2
68475,574791,628.890089,36306.719086,36306.828403,1, 0, 0, 1,3.724519,-2.214524,-15.920813,-1,2
68475,574792,628.909644,36306.738641,36306.847958,0, 0, 0, 0,-99.000000,-99.000000,-99.000000,-1,1
68475,574793,628.942981,36306.771978,36306.881295,0, 0, 0, 0,-99.000000,-99.000000,-99.000000,-1,1
68475,574794,628.969090,36306.798086,36306.907403,0, 0, 0, 0,-99.000000,-99.000000,-99.000000,-1,1
68475,574795,629.112619,36306.941616,36307.050933,0, 0, 0, 0,-99.000000,-99.000000,-99.000000,-1,1
68475,574796,629.206324,36307.035321,36307.144638,1, 0, 0, 1,0.510076,-0.726656,-15.664894,-1,2
68475,574797,629.299731,36307.128728,36307.238045,1, 0, 0, 1,8.098632,-0.110326,19.376599,-1,2
68475,574798,629.345748,36307.174744,36307.284062,1, 0, 0, 1,-3.863474,10.613865,-9.042762,-1,2
68475,574799,629.379757,36307.208753,36307.318071,0, 0, 0, 0,-99.000000,-99.000000,-99.000000,-1,1
68475,574800,629.391221,36307.220217,36307.329534,1, 0, 0, 1,7.020330,-0.785578,-20.679730,-1,2
68475,574801,629.538971,36307.367967,36307.477285,1, 0, 0, 1,1.356091,-2.596935,8.247482,-1,2
68475,574802,629.624544,36307.453539,36307.562857,0, 0, 0, 0,-99.000000,-99.000000,-99.000000,-1,1
68475,574803,629.639602,36307.468598,36307.577916,1, 0, 0, 1,-2.790487,5.901964,-16.479884,-1,2
68475,574804,629.671759,36307.500754,36307.610072,1, 0, 0, 1,-1.986712,-1.026396,-5.419877,-1,2
68475,574805,629.924825,36307.753820,36307.863139,1, 0, 0, 1,9.174613,3.241541,-19.822401,-1,2
68475,574806,629.924913,36307.753908,36307.863226,1, 0, 0, 1,-3.877070,5.582303,19.108447,-1,2
68475,574807,629.967696,36307.796691,36307.906010,1, 0, 0, 1,-3.239652,8.356976,-19.549539,-1,2
68475,574808,630.230001,36308.058995,36308.168315,1, 0, 0, 1,7.893676,-0.483280,-6.707572,-1,2
68475,574809,630.300391,36308.129385,36308.238705,1, 0, 0, 1,-2.895447,3.133693,-18.030190,-1,2
68475,574810,630.358812,36308.187807,36308.297126,1, 0, 0, 1,3.069816,2.017807,-16.483564,-1,2
68475,574811,630.493922,36308.322915,36308.432235,1, 0, 0, 1,1.653151,-1.330468,16.605794,-1,2
68475,574812,630.548321,36308.377315,36308.486635,1, 0, 0, 1,-2.867460,4.154729,-18.666119,-1,2
68475,574813,630.564591,36308.393584,36308.502904,0, 0, 0, 0,-99.000000,-99.000000,-99.000000,-1,1
68475,574814,630.701973,36308.530967,36308.640287,0, 0, 0, 0,-99.000000,-99.000000,-99.000000,-1,0
68475,574815,630.854489,36308.683482,36308.792802,1, 0, 0, 1,7.658478,-0.529357,-6.335236,-1,2
68475,574816,631.037517,36308.866510,36308.975831,1, 0, 0, 1,-2.656302,-1.788356,19.951241,-1,2
68475,574817,631.170319,36308.999311,36309.108632,0, 0, 0, 0,-99.000000,-99.000000,-99.000000,-1,1
68475,574818,631.389072,36309.218064,36309.327385,1, 0, 0, 1,4.196807,-4.226950,-1.194022,-1,2
68475,574819,631.507180,36309.336172,36309.445494,1, 0, 0, 1,8.273919,-2.915189,7.683380,-1,2
68475,574820,631.582474,36309.411466,36309.520788,0, 0, 0, 0,-99.000000,-99.000000,-99.000000,-1,0
68475,574821,631.617714,36309.446705,36309.556027,0, 0, 0, 0,-99.000000,-99.000000,-99.000000,-1,1
68475,574822,631.725834,36309.554825,36309.664148,0, 0, 0, 0,-99.000000,-99.000000,-99.000000,-1,1
68475,574823,631.840294,36309.669285,36309.778607,1, 0, 0, 1,-5.893691,-4.458604,-2.088934,-1,2
68475,574824,631.936757,36309.765747,36309.875070,1, 0, 0, 1,0.491635,-1.616467,-9.812958,-1,2
68475,574825,632.016146,36309.845137,36309.954459,1, 0, 0, 1,4.553638,-6.710912,21.285911,-1,2
68475,574826,632.090302,36309.919293,36310.028616,1, 0, 0, 1,-2.991096,6.364579,-12.078179,-1,2
68475,574827,632.115098,36309.944088,36310.053411,1, 0, 0, 1,-2.858686,7.641960,-12.449245,-1,2
68475,574828,632.137901,36309.966891,36310.076214,1, 0, 0, 1,-9.263588,-1.400397,5.404349,-1,2
68475,574829,632.160294,36309.989284,36310.098607,1, 0, 0, 1,-5.637972,1.728143,-18.508728,-1,2
68475,574830,632.236147,36310.065137,36310.174460,1, 0, 0, 1,-6.422397,-2.191117,-10.328983,-1,2
68475,574831,632.236585,36310.065575,36310.174899,0, 0, 0, 0,-99.000000,-99.000000,-99.000000,-1,0
68475,574832,632.243279,36310.072269,36310.181593,1, 0, 0, 1,0.097230,6.814879,7.580638,-1,2
68475,574833,632.455820,36310.284810,36310.394133,0, 0, 0, 0,-99.000000,-99.000000,-99.000000,-1,1
68475,574834,632.482024,36310.311014,36310.420338,1, 1, 0, 1,-1.525706,3.381831,-1.984337,-1,2
68475,574835,632.530833,36310.359822,36310.469146,1, 0, 0, 1,7.510024,-0.623653,12.739634,-1,2
68475,574836,632.556710,36310.385699,36310.495023,1, 0, 0, 1,-5.170353,7.062694,6.910582,-1,3
68475,574837,632.771550,36310.600539,36310.709864,1, 0, 0, 1,3.764596,1.641803,18.519316,-1,2
68475,574838,632.781226,36310.610215,36310.719539,0, 0, 0, 0,-99.000000,-99.000000,-99.000000,-1,1
68475,574839,632.825230,36310.654219,36310.763544,1, 0, 0, 1,6.053358,3.159582,-11.945846,-1,2
68475,574840,633.153077,36310.982065,36311.091390,1, 0, 0, 1,5.143232,4.941880,14.987096,-1,2
68475,574841,633.192799,36311.021787,36311.131112,0, 0, 0, 0,-99.000000,-99.000000,-99.000000,-1,1
68475,574842,633.402893,36311.231880,36311.341206,0, 0, 0, 0,-99.000000,-99.000000,-99.000000,-1,0
68475,574843,633.409842,36311.238829,36311.348155,1, 0, 0, 1,-3.493350,-5.037439,-17.303849,-1,2
68475,574844,633.426951,36311.255938,36311.365264,1, 0, 0, 1,-0.011677,-6.301829,6.635885,-1,2
68475,574845,633.429450,36311.258437,36311.367763,0, 0, 0, 0,-99.000000,-99.000000,-99.000000,-1,0
68475,574846,633.449333,36311.278321,36311.387647,0, 0, 0, 0,-99.000000,-99.000000,-99.000000,-1,0
68475,574847,633.450672,36311.279660,36311.388986,1, 0, 0, 1,-1.392084,5.052207,4.702464,-1,2
68475,574848,633.536995,36311.365982,36311.475308,1, 0, 0, 1,-5.629052,-0.778235,20.146147,-1,2
68475,574849,633.615013,36311.444001,36311.553327,1, 0, 0, 1,-1.492462,3.343786,-8.200415,-1,2
68475,574850,633.663778,36311.492766,36311.602092,1, 0, 0, 1,1.658850,0.012205,8.299189,-1,2
68475,574851,633.671314,36311.500301,36311.609628,1, 0, 0, 1,0.562523,4.058236,-19.552462,-1,2
68475,574852,633.743539,36311.572526,36311.681852,1, 0, 0, 1,3.838622,2.132957,4.822472,-1,2
68475,574853,633.852563,36311.681550,36311.790876,1, 0, 0, 1,-1.882970,-7.742372,2.252988,-1,2
68475,574854,634.224258,36312.053244,36312.162571,0, 0, 0, 0,-99.000000,-99.000000,-99.000000,-1,1
68475,574855,634.243907,36312.072893,36312.182221,1, 0, 0, 1,8.005736,1.322141,7.963128,-1,2
68475,574856,634.335697,36312.164683,36312.274011,0, 0, 0, 0,-99.000000,-99.000000,-99.000000,-1,0
68475,574857,634.418483,36312.247469,36312.356797,1, 0, 0, 1,4.489286,-2.873578,-3.794508,-1,2
68475,574858,634.686357,36312.515342,36312.624671,1, 0, 0, 1,5.424646,-1.737106,-17.428530,-1,2
68475,574859,634.820401,36312.649386,36312.758715,1, 0, 0, 1,-0.978785,-0.831121,7.347324,-1,2
68475,574860,634.869839,36312.698824,36312.808152,1, 0, 0, 1,-7.951728,-0.130954,3.726763,-1,2
68475,574861,635.013133,36312.842117,36312.951446,0, 0, 0, 0,-99.000000,-99.000000,-99.000000,-1,1
68475,574862,635.187921,36313.016905,36313.126234,0, 0, 0, 0,-99.000000,-99.000000,-99.000000,-1,0
68475,574863,635.206629,36313.035613,36313.144942,0, 0, 0, 0,-99.000000,-99.000000,-99.000000,-1,1
68475,574864,635.296716,36313.125700,36313.235030,1, 0, 0, 1,-3.173417,7.925968,-13.468974,-1,2
68475,574865,635.299931,36313.128915,36313.238245,1, 0, 0, 1,-8.024538,-2.089490,8.516059,-1,2
68475,574866,635.668640,36313.497623,36313.606953,0, 0, 0, 0,-99.000000,-99.000000,-99.000000,-1,1
68475,574867,635.709662,36313.538645,36313.647976,1, 0, 0, 1,6.960977,1.418949,11.577775,-1,2
68475,574868,635.745941,36313.574924,36313.684255,0, 0, 0, 0,-99.000000,-99.000000,-99.000000,-1,0
68475,574869,635.851245,36313.680228,36313.789558,1, 0, 0, 1,-3.092886,-3.601802,18.071518,-1,2
68475,574870,635.855976,36313.684959,36313.794290,1, 0, 0, 1,0.881358,-3.053569,6.311861,-1,2
68475,574871,635.912880,36313.741863,36313.851194,1, 0, 0, 1,-3.410963,-1.047200,-15.743857,-1,2
68475,574872,635.983814,36313.812797,36313.922128,0, 0, 0, 0,-99.000000,-99.000000,-99.000000,-1,1
68475,574873,636.061296,36313.890278,36313.999609,0, 0, 0, 0,-99.000000,-99.000000,-99.000000,-1,1
68475,574874,636.280532,36314.109514,36314.218846,0, 0, 0, 0,-99.000000,-99.000000,-99.000000,-1,1
68475,574875,636.425995,36314.254977,36314.364309,0, 0, 0, 0,-99.000000,-99.000000,-99.000000,-1,1
68475,574876,636.605484,36314.434466,36314.543798,0, 0, 0, 0,-99.000000,-99.000000,-99.000000,-1,1
68475,574877,636.704418,36314.533399,36314.642731,1, 0, 0, 1,3.977744,-9.522526,-1.671430,-1,2
68475,574878,636.728722,36314.557703,36314.667035,0, 0, 0, 0,-99.000000,-99.000000,-99.000000,-1,1
68475,574879,636.865965,36314.694946,36314.804278,1, 0, 0, 1,0.533799,-2.684829,-10.245314,-1,2
68475,574880,636.932473,36314.761454,36314.870787,0, 0, 0, 0,-99.000000,-99.000000,-99.000000,-1,1
68475,574881,637.175750,36315.004730,36315.114063,1, 0, 0, 1,7.827932,-1.181551,10.409878,-1,2
68475,574882,637.262626,36315.091606,36315.200939,1, 0, 0, 1,9.040114,2.707237,4.287415,-1,2
68475,574883,637.473649,36315.302629,36315.411963,0, 0, 0, 0,-99.000000,-99.000000,-99.000000,-1,0
68475,574884,637.692059,36315.521038,36315.630373,1, 0, 0, 1,0.080768,7.586056,13.145775,-1,2
68475,574885,637.750594,36315.579573,36315.688908,0, 0, 0, 0,-99.000000,-99.000000,-99.000000,-1,1
68475,574886,637.876233,36315.705212,36315.814547,0, 0, 0, 0,-99.000000,-99.000000,-99.000000,-1,1
68475,574887,638.004102,36315.833081,36315.942416,1, 0, 0, 1,3.395750,-4.931059,-4.524990,-1,2
68475,574888,638.081720,36315.910698,36316.020033,1, 0, 0, 1,-1.408768,2.823455,-9.621833,-1,2
68475,574889,638.089827,36315.918806,36316.028141,1, 0, 0, 1,9.999981,0.834710,3.782984,-1,3
68475,574890,638.108077,36315.937056,36316.046391,0, 0, 0, 0,-99.000000,-99.000000,-99.000000,-1,1
68475,574891,638.174376,36316.003354,36316.112690,0, 0, 0, 0,-99.000000,-99.000000,-99.000000,-1,0
68475,574892,638.248479,36316.077457,36316.186793,1, 0, 0, 1,-4.288325,0.077283,13.562737,-1,2
68475,574893,638.323119,36316.152097,36316.261433,1, 0, 0, 1,8.011884,-1.068051,-8.636553,-1,2
68475,574894,638.327677,36316.156655,36316.265991,0, 0, 0, 0,-99.000000,-99.000000,-99.000000,-1,0
68475,574895,638.334502,36316.163480,36316.272815,1, 0, 0, 1,-6.902374,-1.745049,11.394862,-1,2
68475,574896,638.454755,36316.283733,36316.393068,1, 0, 0, 1,-1.089705,-8.062253,8.416368,-1,2
68475,574897,638.588946,36316.417923,36316.527260,0, 0, 0, 0,-99.000000,-99.000000,-99.000000,-1,1
68475,574898,638.705616,36316.534593,36316.643929,0, 0, 0, 0,-99.000000,-99.000000,-99.000000,-1,1
68475,574899,638.768445,36316.597422,36316.706759,1, 0, 0, 1,-8.855506,6.815627,3.844795,-1,2
68475,574900,638.916071,36316.745047,36316.854384,0, 0, 0, 0,-99.000000,-99.000000,-99.000000,-1,1
68475,574901,639.045767,36316.874743,36316.984080,1, 0, 0, 1,-6.341900,0.571143,6.467188,-1,3
68475,574902,639.129770,36316.958747,36317.068084,0, 0, 0, 0,-99.000000,-99.000000,-99.000000,-1,1
68475,574903,639.449592,36317.278568,36317.387906,1, 0, 0, 1,-3.991176,-1.372966,-19.608497,-1,2
68475,574904,639.619758,36317.448733,36317.558071,1, 0, 0, 1,-5.916590,0.919446,-0.855555,-1,2
68475,574905,639.655088,36317.484063,36317.593401,0, 0, 0, 0,-99.000000,-99.000000,-99.000000,-1,1
68475,574906,639.729629,36317.558604,36317.667943,0, 0, 0, 0,-99.000000,-99.000000,-99.000000,-1,1
68475,574907,639.767133,36317.596108,36317.705447,0, 0, 0, 0,-99.000000,-99.000000,-99.000000,-1,1
68475,574908,639.881789,36317.710764,36317.820102,0, 0, 0, 0,-99.000000,-99.000000,-99.000000,-1,1
68475,574909,639.909138,36317.738113,36317.847452,1, 0, 0, 1,7.981102,-3.574112,13.532138,-1,2
68475,574910,640.025406,36317.854380,36317.963719,0, 0, 0, 0,-99.000000,-99.000000,-99.000000,-1,1
68475,574911,640.128407,36317.957381,36318.066720,1, 0, 0, 1,5.002743,2.866039,-16.474250,-1,2
68475,574912,640.431256,36318.260230,36318.369570,1, 0, 0, 1,7.638835,-1.608980,20.004999,-1,2
68475,574913,640.494627,36318.323600,36318.432940,1, 0, 0, 1,-7.034567,0.988682,-7.137077,-1,2
68475,574914,640.540486,36318.369460,36318.478800,1, 0, 0, 1,5.502324,-3.914921,5.663922,-1,2
68475,574915,640.630527,36318.459501,36318.568841,1, 0, 0, 1,-4.648664,4.543919,10.458862,-1,2
68475,574916,640.647371,36318.476344,36318.585685,0, 0, 0, 0,-99.000000,-99.000000,-99.000000,-1,1
68475,574917,640.807366,36318.636339,36318.745679,1, 0, 0, 1,-1.104451,3.772621,0.273863,-1,2
68475,574918,640.851334,36318.680307,36318.789648,1, 0, 0, 1,-3.941854,-2.259822,1.445296,-1,2
68475,574919,641.066544,36318.895516,36319.004857,0, 0, 0, 0,-99.000000,-99.000000,-99.000000,-1,0
68475,574920,641.312888,36319.141860,36319.251202,1, 0, 0, 1,-0.062068,3.082337,13.061515,-1,2
68475,574921,641.351675,36319.180647,36319.289989,1, 0, 0, 1,-6.243928,7.251849,-19.395853,-1,2
68475,574922,641.371029,36319.200001,36319.309343,1, 0, 0, 1,-7.403594,0.289130,-20.069824,-1,2
68475,574923,641.587351,36319.416323,36319.525665,0, 0, 0, 0,-99.000000,-99.000000,-99.000000,-1,0
68475,574924,641.639943,36319.468915,36319.578257,1, 0, 0, 1,-9.078824,20.787230,-14.091848,-1,2
68475,574925,641.707433,36319.536404,36319.645746,1, 0, 0, 1,8.339443,4.272607,11.579619,-1,2
68475,574926,641.745035,36319.574006,36319.683348,1, 0, 0, 1,-1.248901,5.125168,12.614032,-1,2
68475,574927,641.776406,36319.605377,36319.714719,0, 0, 0, 0,-99.000000,-99.000000,-99.000000,-1,0
68475,574928,641.812783,36319.641754,36319.751096,1, 0, 0, 1,-2.865935,10.000000,15.825508,-1,3
68475,574929,641.908462,36319.737433,36319.846776,0, 0, 0, 0,-99.000000,-99.000000,-99.000000,-1,1
68475,574930,641.949956,36319.778927,36319.888270,1, 0, 0, 1,-2.565431,3.592104,11.248783,-1,2
68475,574931,642.231465,36320.060435,36320.169779,1, 0, 0, 1,2.139054,-13.211654,21.951486,-1,2
68475,574932,642.609218,36320.438187,36320.547531,0, 0, 0, 0,-99.000000,-99.000000,-99.000000,-1,1
68475,574933,642.640125,36320.469094,36320.578438,1, 0, 0, 1,5.743211,9.999981,-18.001093,-1,3
68475,574934,642.686338,36320.515307,36320.624651,1, 0, 0, 1,-1.820616,9.583501,10.313259,-1,2
68475,574935,642.759224,36320.588193,36320.697537,1, 0, 0, 1,-3.033277,-0.853385,5.573873,-1,2
68475,574936,642.784243,36320.613212,36320.722556,1, 0, 0, 1,-2.679934,5.722054,16.872119,-1,2
68475,574937,642.839368,36320.668337,36320.777682,1, 0, 0, 1,7.486688,4.974129,-9.543162,-1,2
68475,574938,643.069828,36320.898797,36321.008142,1, 0, 0, 1,-0.494119,8.732738,-0.817589,-1,2
68475,574939,643.091513,36320.920482,36321.029827,0, 0, 0, 0,-99.000000,-99.000000,-99.000000,-1,1
68475,574940,643.122597,36320.951565,36321.060910,0, 0, 0, 0,-99.000000,-99.000000,-99.000000,-1,0
68475,574941,643.170857,36320.999825,36321.109171,0, 0, 0, 0,-99.000000,-99.000000,-99.000000,-1,1
68475,574942,643.182470,36321.011438,36321.120784,1, 0, 0, 1,-6.578506,-8.614634,-21.895242,-1,2
68475,574943,643.198273,36321.027241,36321.136587,0, 0, 0, 0,-99.000000,-99.000000,-99.000000,-1,0
68475,574944,643.292014,36321.120982,36321.230327,0, 0, 0, 0,-99.000000,-99.000000,-99.000000,-1,0
68475,574945,643.309258,36321.138226,36321.247572,1, 0, 0, 1,-3.607812,0.344795,7.239981,-1,2
68475,574946,643.512984,36321.341952,36321.451298,1, 0, 0, 1,-7.495235,-3.021488,-11.831266,-1,2
68475,574947,643.572446,36321.401413,36321.510759,0, 0, 0, 0,-99.000000,-99.000000,-99.000000,-1,1
68475,574948,643.610770,36321.439737,36321.549084,0, 0, 0, 0,-99.000000,-99.000000,-99.000000,-1,0
68475,574949,643.693011,36321.521978,36321.631325,1, 0, 0, 1,-3.667298,-3.232471,-9.271305,-1,2
68475,574950,643.781473,36321.610439,36321.719786,1, 0, 0, 1,5.370642,-3.210350,-5.211091,-1,2
68475,574951,643.993910,36321.822877,36321.932224,0, 0, 0, 0,-99.000000,-99.000000,-99.000000,-1,1
68475,574952,644.021623,36321.850590,36321.959937,0, 0, 0, 0,-99.000000,-99.000000,-99.000000,-1,1
68475,574953,644.049252,36321.878218,36321.987565,1, 0, 0, 1,5.566923,3.659679,1.180196,-1,2
68475,574954,644.051382,36321.880348,36321.989695,1, 0, 0, 1,4.715977,4.066981,-14.937084,-1,2
68475,574955,644.074586,36321.903552,36322.012899,1, 0, 0, 1,-5.122196,4.387494,15.740891,-1,5
68475,574956,644.090610,36321.919576,36322.028923,0, 0, 0, 0,-99.000000,-99.000000,-99.000000,-1,0
68475,574957,644.182415,36322.011381,36322.120729,1, 0, 0, 1,4.619052,0.235806,-10.149021,-1,2
68475,574958,644.507259,36322.336224,36322.445572,1, 0, 0, 1,-1.674933,-6.522425,4.896403,-1,2
68475,574959,644.610865,36322.439830,36322.549178,0, 0, 0, 0,-99.000000,-99.000000,-99.000000,-1,1
68475,574960,644.881548,36322.710512,36322.819861,1, 0, 0, 1,5.824687,-3.147026,-3.922298,-1,2
68475,574961,645.045646,36322.874610,36322.983960,0, 0, 0, 0,-99.000000,-99.000000,-99.000000,-1,1
68475,574962,645.136754,36322.965718,36323.075067,1, 0, 0, 1,-0.370217,-4.509615,6.459349,-1,2
68475,574963,645.452277,36323.281241,36323.390591,1, 0, 0, 1,-0.388563,-0.409837,-1.196365,-1,2
68475,574964,645.515250,36323.344213,36323.453563,0, 0, 0, 0,-99.000000,-99.000000,-99.000000,-1,1
68475,574965,645.659922,36323.488885,36323.598236,0, 0, 0, 0,-99.000000,-99.000000,-99.000000,-1,1
68475,574966,645.697289,36323.526252,36323.635603,0, 0, 0, 0,-99.000000,-99.000000,-99.000000,-1,0
68475,574967,645.748942,36323.577905,36323.687256,0, 0, 0, 0,-99.000000,-99.000000,-99.000000,-1,0
68475,574968,645.790363,36323.619326,36323.728677,0, 0, 0, 0,-99.000000,-99.000000,-99.000000,-1,1
68475,574969,645.851284,36323.680247,36323.789597,0, 0, 0, 0,-99.000000,-99.000000,-99.000000,-1,0
68475,574970,646.058666,36323.887628,36323.996979,0, 0, 0, 0,-99.000000,-99.000000,-99.000000,-1,1
68475,574971,646.072857,36323.901819,36324.011170,1, 0, 0, 1,3.596957,6.647022,-12.156314,-1,2
68475,574972,646.310496,36324.139458,36324.248810,0, 0, 0, 0,-99.000000,-99.000000,-99.000000,-1,0
68475,574973,646.405224,36324.234186,36324.343537,1, 0, 0, 1,-0.845341,1.847667,-12.851714,-1,2
68475,574974,646.527317,36324.356279,36324.465631,1, 0, 0, 1,3.561534,-6.837079,11.074040,-1,2
68475,574975,646.577327,36324.406289,36324.515641,1, 0, 0, 1,-0.871484,0.320897,16.531799,-1,2
68475,574976,646.695481,36324.524443,36324.633795,0, 0, 0, 0,-99.000000,-99.000000,-99.000000,-1,0
68475,574977,646.824960,36324.653921,36324.763273,1, 0, 0, 1,-2.469173,4.018734,21.473923,-1,2
68475,574978,646.850874,36324.679835,36324.789188,1, 0, 0, 1,-2.547112,8.711198,-14.046596,-1,2
68475,574979,646.899697,36324.728658,36324.838011,1, 0, 0, 1,-3.730308,-5.703055,10.776863,-1,2
68475,574980,646.954386,36324.783347,36324.892700,1, 0, 0, 1,4.306023,-1.530178,-2.863777,-1,2
68475,574981,647.020668,36324.849628,36324.958981,1, 0, 0, 1,-7.156687,1.025166,-10.072177,-1,2
68475,574982,647.161830,36324.990790,36325.100144,1, 0, 0, 1,-2.476181,-3.438122,7.444973,-1,2
68475,574983,647.173213,36325.002173,36325.111526,0, 0, 0, 0,-99.000000,-99.000000,-99.000000,-1,1
68475,574984,647.231143,36325.060103,36325.169457,1, 0, 0, 1,-1.338669,-6.927995,-5.668572,-1,2
68475,574985,647.275880,36325.104840,36325.214194,1, 0, 0, 1,-4.905908,4.479172,-5.592473,-1,2
68475,574986,647.348125,36325.177084,36325.286438,1, 0, 0, 1,4.291375,13.019313,0.785934,-1,2
68475,574987,647.557582,36325.386541,36325.495896,1, 0, 0, 1,-3.327202,0.031417,16.650299,-1,2
68475,574988,647.606493,36325.435452,36325.544807,1, 0, 0, 1,2.106029,7.019270,8.156636,-1,2
68475,574989,647.638039,36325.466998,36325.576353,1, 0, 0, 1,4.175845,4.046506,-9.587637,-1,2
68475,574990,647.693025,36325.521984,36325.631339,1, 0, 0, 1,5.312733,4.356275,8.853363,-1,2
68475,574991,647.705957,36325.534916,36325.644270,1, 0, 0, 1,3.874405,-4.117687,11.915551,-1,2
68475,574992,647.920532,36325.749491,36325.858846,0, 0, 0, 0,-99.000000,-99.000000,-99.000000,-1,1
68475,574993,648.022437,36325.851396,36325.960751,0, 0, 0, 0,-99.000000,-99.000000,-99.000000,-1,0
68475,574994,648.077403,36325.906361,36326.015716,1, 0, 0, 1,0.277082,-1.614931,-20.149332,-1,2
68475,574995,648.329467,36326.158425,36326.267781,0, 0, 0, 0,-99.000000,-99.000000,-99.000000,-1,1
68475,574996,648.338240,36326.167198,36326.276554,0, 0, 0, 0,-99.000000,-99.000000,-99.000000,-1,1
68475,574997,648.373322,36326.202280,36326.311636,1, 0, 0, 1,-0.287565,2.837014,-17.315847,-1,2
68475,574998,648.378255,36326.207212,36326.316568,1, 0, 0, 1,5.586533,1.899994,-18.061493,-1,2
68475,574999,648.613259,36326.442216,36326.551572,1, 0, 0, 1,7.191785,-4.391521,-7.899523,-1,4
68475,575000,648.614655,36326.443612,36326.552968,0, 0, 0, 0,-99.000000,-99.000000,-99.000000,-1,1
68475,575001,648.711667,36326.540624,36326.649980,1, 0, 0, 1,1.172656,-0.383795,7.076990,-1,2
68475,575002,648.769591,36326.598547,36326.707904,1, 0, 0, 1,4.199306,5.484132,-10.047011,-1,2
68475,575003,648.782613,36326.611570,36326.720927,0, 0, 0, 0,-99.000000,-99.000000,-99.000000,-1,1
68475,575004,648.808767,36326.637724,36326.747081,0, 0, 0, 0,-99.000000,-99.000000,-99.000000,-1,1
68475,575005,648.860226,36326.689183,36326.798540,1, 0, 0, 1,-6.553631,-0.587249,5.919590,-1,2
68475,575006,648.927018,36326.755974,36326.865331,1, 0, 0, 1,-3.451748,-3.447620,-4.622500,-1,2
68475,575007,649.075720,36326.904676,36327.014034,1, 0, 0, 1,0.445419,-11.534262,-3.745768,-1,2
68475,575008,649.093133,36326.922089,36327.031446,0, 0, 0, 0,-99.000000,-99.000000,-99.000000,-1,1
68475,575009,649.144680,36326.973636,36327.082993,1, 0, 0, 1,-6.068245,-2.738568,-7.001461,-1,2
68475,575010,649.260437,36327.089393,36327.198750,0, 0, 0, 0,-99.000000,-99.000000,-99.000000,-1,1
68475,575011,649.287745,36327.116700,36327.226058,0, 0, 0, 0,-99.000000,-99.000000,-99.000000,-1,0
68475,575012,649.337343,36327.166298,36327.275656,0, 0, 0, 0,-99.000000,-99.000000,-99.000000,-1,1
68475,575013,649.428143,36327.257099,36327.366457,0, 0, 0, 0,-99.000000,-99.000000,-99.000000,-1,0
68475,575014,649.466048,36327.295004,36327.404362,1, 0, 0, 1,-7.970919,7.385852,-0.095100,-1,2
68475,575015,649.523534,36327.352490,36327.461848,1, 0, 0, 1,-0.553399,-4.046090,-8.088086,-1,2
68475,575016,649.558480,36327.387435,36327.496793,1, 0, 0, 1,2.118169,1.171401,-8.936032,-1,2
68475,575017,649.563578,36327.392534,36327.501892,1, 0, 0, 1,0.682872,0.932681,-13.500239,-1,2
68475,575018,649.661311,36327.490266,36327.599624,1, 0, 0, 1,-5.570956,1.267658,-11.430613,-1,2
68475,575019,649.664405,36327.493360,36327.602719,0, 0, 0, 0,-99.000000,-99.000000,-99.000000,-1,1
68475,575020,649.666768,36327.495723,36327.605081,0, 0, 0, 0,-99.000000,-99.000000,-99.000000,-1,1
68475,575021,649.689524,36327.518479,36327.627837,0, 0, 0, 0,-99.000000,-99.000000,-99.000000,-1,1
68475,575022,649.727699,36327.556654,36327.666012,0, 0, 0, 0,-99.000000,-99.000000,-99.000000,-1,1
68475,575023,649.895497,36327.724451,36327.833810,1, 0, 0, 1,-1.630938,-4.151438,19.303961,-1,2
68475,575024,650.043171,36327.872125,36327.981484,1, 0, 0, 1,-3.040285,-4.794963,-6.828565,-1,2
68475,575025,650.133070,36327.962024,36328.071383,1, 0, 0, 1,-3.648263,1.094855,-0.831540,-1,2
68475,575026,650.135332,36327.964286,36328.073645,1, 0, 0, 1,6.554576,3.339540,5.556227,-1,2
68475,575027,650.206318,36328.035272,36328.144631,1, 0, 0, 1,-1.383604,-1.211318,3.413753,-1,2
68475,575028,650.312003,36328.140957,36328.250317,0, 0, 0, 0,-99.000000,-99.000000,-99.000000,-1,0
68475,575029,650.589336,36328.418289,36328.527650,1, 1, 0, 1,-2.749665,0.843474,-22.278429,-1,2
68475,575030,650.652694,36328.481648,36328.591008,1, 0, 0, 1,-1.459384,-0.343746,13.574153,-1,2
68475,575031,650.708013,36328.536966,36328.646326,1, 0, 0, 1,-5.629082,1.077247,-9.686089,-1,2
68475,575032,650.845004,36328.673957,36328.783317,0, 0, 0, 0,-99.000000,-99.000000,-99.000000,-1,0
68475,575033,650.943700,36328.772653,36328.882014,0, 0, 0, 0,-99.000000,-99.000000,-99.000000,-1,1
68475,575034,651.121209,36328.950161,36329.059523,1, 0, 0, 1,3.192780,3.752841,-21.137570,-1,2
68475,575035,651.178851,36329.007803,36329.117164,1, 0, 0, 1,4.503241,8.738107,7.378938,-1,2
68475,575036,651.322539,36329.151491,36329.260852,0, 0, 0, 0,-99.000000,-99.000000,-99.000000,-1,1
68475,575037,651.345030,36329.173982,36329.283344,1, 0, 0, 1,3.357260,3.220171,-1.395032,-1,2
68475,575038,651.372670,36329.201622,36329.310984,0, 0, 0, 0,-99.000000,-99.000000,-99.000000,-1,1
68475,575039,651.519184,36329.348136,36329.457498,1, 0, 0, 1,4.937476,-1.545484,13.120828,-1,2
68475,575040,651.651845,36329.480796,36329.590159,1, 0, 0, 1,-0.145485,-0.897031,-18.874820,-1,2
68475,575041,651.662132,36329.491083,36329.600445,0, 0, 0, 0,-99.000000,-99.000000,-99.000000,-1,1
68475,575042,651.747973,36329.576924,36329.686286,0, 0, 0, 0,-99.000000,-99.000000,-99.000000,-1,1
68475,575043,651.787028,36329.615979,36329.725341,1, 0, 0, 1,7.231664,0.904587,13.029293,-1,2
68475,575044,652.084720,36329.913671,36330.023034,0, 0, 0, 0,-99.000000,-99.000000,-99.000000,-1,1
68475,575045,652.485210,36330.314159,36330.423524,0, 0, 0, 0,-99.000000,-99.000000,-99.000000,-1,1
68475,575046,652.511535,36330.340485,36330.449849,0, 0, 0, 0,-99.000000,-99.000000,-99.000000,-1,1
68475,575047,652.531035,36330.359984,36330.469348,1, 0, 0, 1,-5.305942,-5.133256,-1.084855,-1,2
68475,575048,652.992426,36330.821374,36330.930739,1, 0, 0, 1,3.084383,-4.305441,0.620801,-1,2
68475,575049,653.092738,36330.921686,36331.031052,1, 0, 0, 1,6.263515,-0.657859,-20.841753,-1,2
68475,575050,653.122088,36330.951036,36331.060401,1, 0, 0, 1,-2.816410,-1.040950,-8.304736,-1,2
68475,575051,653.172787,36331.001735,36331.111100,1, 0, 0, 1,-0.274809,6.289246,4.806674,-1,2
68475,575052,653.197101,36331.026049,36331.135415,1, 0, 0, 1,-4.838517,0.730714,-2.661077,-1,2
68475,575053,653.212233,36331.041181,36331.150546,0, 0, 0, 0,-99.000000,-99.000000,-99.000000,-1,1
68475,575054,653.263008,36331.091956,36331.201322,0, 0, 0, 0,-99.000000,-99.000000,-99.000000,-1,1
68475,575055,653.265295,36331.094242,36331.203608,1, 0, 0, 1,6.759348,1.374607,6.674388,-1,2
68475,575056,653.354593,36331.183540,36331.292906,0, 0, 0, 0,-99.000000,-99.000000,-99.000000,-1,1
68475,575057,653.384142,36331.213090,36331.322456,1, 0, 0, 1,2.756232,6.757294,6.148751,-1,2
68475,575058,653.431057,36331.260005,36331.369371,1, 0, 0, 1,5.632328,-0.738587,-12.591109,-1,3
68475,575059,653.547982,36331.376929,36331.486295,0, 0, 0, 0,-99.000000,-99.000000,-99.000000,-1,1
68475,575060,653.607105,36331.436053,36331.545419,1, 0, 0, 1,-1.723407,0.199283,-8.144459,-1,2
68475,575061,653.682067,36331.511014,36331.620381,1, 0, 0, 1,-7.007262,-2.742942,-5.954884,-1,2
68475,575062,653.809381,36331.638328,36331.747694,1, 0, 0, 1,0.121409,3.578273,-10.400036,-1,2
68475,575063,654.064792,36331.893738,36332.003105,1, 0, 0, 1,8.052000,0.635010,-6.154487,-1,2
68475,575064,654.117902,36331.946848,36332.056215,0, 0, 0, 0,-99.000000,-99.000000,-99.000000,-1,0
68475,575065,654.329724,36332.158670,36332.268038,1, 0, 0, 1,4.056894,-0.338575,-8.880737,-1,2
68475,575066,654.362608,36332.191554,36332.300922,1, 0, 0, 1,1.734263,-5.323784,-17.012848,-1,2
68475,575067,654.572256,36332.401201,36332.510569,0, 0, 0, 0,-99.000000,-99.000000,-99.000000,-1,1
68475,575068,654.685306,36332.514251,36332.623620,0, 0, 0, 0,-99.000000,-99.000000,-99.000000,-1,1
68475,575069,654.791670,36332.620615,36332.729984,0, 0, 0, 0,-99.000000,-99.000000,-99.000000,-1,1
68475,575070,654.805004,36332.633949,36332.743318,0, 0, 0, 0,-99.000000,-99.000000,-99.000000,-1,0
68475,575071,654.814573,36332.643517,36332.752886,1, 0, 0, 1,-3.550017,-6.895907,1.767592,-1,2
68475,575072,654.818732,36332.647677,36332.757045,1, 0, 0, 1,4.089892,0.574066,16.643640,-1,2
68475,575073,654.834548,36332.663492,36332.772861,0, 0, 0, 0,-99.000000,-99.000000,-99.000000,-1,0
68475,575074,654.895534,36332.724479,36332.833848,0, 0, 0, 0,-99.000000,-99.000000,-99.000000,-1,1
68475,575075,655.016813,36332.845758,36332.955127,0, 0, 0, 0,-99.000000,-99.000000,-99.000000,-1,0
68475,575076,655.027095,36332.856039,36332.965408,1, 0, 0, 1,6.049550,-4.953779,15.625444,-1,2
68475,575077,655.050982,36332.879926,36332.989296,1, 0, 0, 1,1.720699,1.236270,-16.910855,-1,2
68475,575078,655.054952,36332.883896,36332.993266,0, 0, 0, 0,-99.000000,-99.000000,-99.000000,-1,1
68475,575079,655.308023,36333.136966,36333.246336,0, 0, 0, 0,-99.000000,-99.000000,-99.000000,-1,0
68475,575080,655.588503,36333.417446,36333.526817,1, 0, 0, 1,9.689325,-0.825625,22.127608,-1,2
68475,575081,655.602773,36333.431716,36333.541086,1, 0, 0, 1,-6.970293,0.651848,15.690098,-1,2
68475,575082,655.625705,36333.454649,36333.564019,0, 0, 0, 0,-99.000000,-99.000000,-99.000000,-1,1
68475,575083,655.641415,36333.470358,36333.579729,1, 0, 0, 1,4.638182,-1.593188,12.428133,-1,2
68475,575084,655.867301,36333.696244,36333.805615,0, 0, 0, 0,-99.000000,-99.000000,-99.000000,-1,1
68475,575085,656.032954,36333.861896,36333.971267,0, 0, 0, 0,-99.000000,-99.000000,-99.000000,-1,1
68475,575086,656.104175,36333.933117,36334.042488,1, 0, 0, 1,-1.432665,-0.120872,15.513460,-1,2
68475,575087,656.211228,36334.040169,36334.149541,1, 0, 0, 1,-5.844310,0.717639,19.066227,-1,2
68475,575088,656.334382,36334.163323,36334.272695,0, 0, 0, 0,-99.000000,-99.000000,-99.000000,-1,1
68475,575089,656.599056,36334.427997,36334.537369,0, 0, 0, 0,-99.000000,-99.000000,-99.000000,-1,1
68475,575090,656.720860,36334.549801,36334.659173,1, 0, 0, 1,-1.983239,-7.145782,14.194209,-1,2
68475,575091,656.840265,36334.669206,36334.778579,0, 0, 0, 0,-99.000000,-99.000000,-99.000000,-1,0
68475,575092,656.878736,36334.707676,36334.817049,1, 0, 0, 1,-2.671052,0.066686,-11.799438,-1,2
68475,575093,656.979609,36334.808549,36334.917922,0, 0, 0, 0,-99.000000,-99.000000,-99.000000,-1,0
68475,575094,657.008284,36334.837224,36334.946597,1, 0, 0, 1,-2.618746,0.727713,-13.560822,-1,2
68475,575095,657.021516,36334.850456,36334.959830,1, 0, 0, 1,-0.162993,-1.983674,14.793373,-1,2
68475,575096,657.124152,36334.953092,36335.062466,0, 0, 0, 0,-99.000000,-99.000000,-99.000000,-1,1
68475,575097,657.434724,36335.263663,36335.373037,1, 0, 0, 1,-5.492518,3.620320,-8.095679,-1,2
68475,575098,657.470632,36335.299571,36335.408945,0, 0, 0, 0,-99.000000,-99.000000,-99.000000,-1,1
68475,575099,657.531882,36335.360821,36335.470195,1, 0, 0, 1,-10.110786,7.982641,-12.795267,-1,2
68475,575100,657.751163,36335.580102,36335.689476,0, 0, 0, 0,-99.000000,-99.000000,-99.000000,-1,1
68475,575101,657.769991,36335.598930,36335.708305,0, 0, 0, 0,-99.000000,-99.000000,-99.000000,-1,1
68475,575102,658.190663,36336.019601,36336.128977,0, 0, 0, 0,-99.000000,-99.000000,-99.000000,-1,1
68475,575103,658.210472,36336.039410,36336.148786,0, 0, 0, 0,-99.000000,-99.000000,-99.000000,-1,1
68475,575104,658.687146,36336.516083,36336.625460,1, 0, 0, 1,1.828898,-3.972774,-1.408274,-1,2
68475,575105,658.813977,36336.642914,36336.752290,0, 0, 0, 0,-99.000000,-99.000000,-99.000000,-1,1
68475,575106,658.825860,36336.654797,36336.764174,0, 0, 0, 0,-99.000000,-99.000000,-99.000000,-1,0
68475,575107,658.903326,36336.732263,36336.841640,1, 0, 0, 1,7.689266,-1.667309,3.324132,-1,2
68475,575108,658.936502,36336.765439,36336.874816,1, 0, 0, 1,0.235477,3.283560,-8.689614,-1,2
68475,575109,658.940274,36336.769211,36336.878588,0, 0, 0, 0,-99.000000,-99.000000,-99.000000,-1,0
68475,575110,658.998748,36336.827684,36336.937061,0, 0, 0, 0,-99.000000,-99.000000,-99.000000,-1,1
68475,575111,659.038999,36336.867935,36336.977313,1, 0, 0, 1,1.785487,1.842509,-4.085952,-1,2
68475,575112,659.142445,36336.971381,36337.080758,1, 0, 0, 1,-3.411912,8.999443,-18.725641,-1,4
68475,575113,659.200839,36337.029775,36337.139153,1, 0, 0, 1,-6.715104,0.998591,-13.950981,-1,2
68475,575114,659.491826,36337.320761,36337.430140,0, 0, 0, 0,-99.000000,-99.000000,-99.000000,-1,1
68475,575115,659.674004,36337.502939,36337.612317,1, 0, 0, 1,-9.134125,-1.041702,17.664906,-1,2
68475,575116,659.720377,36337.549312,36337.658690,1, 0, 0, 1,4.426304,-3.294116,-9.330135,-1,2
68475,575117,659.836023,36337.664958,36337.774337,1, 0, 0, 1,-1.828342,-8.945622,-8.558797,-1,2
68475,575118,659.990412,36337.819347,36337.928726,0, 0, 0, 0,-99.000000,-99.000000,-99.000000,-1,0
68475,575119,660.034348,36337.863282,36337.972662,1, 0, 0, 1,2.122082,17.599400,12.132352,-1,2
68475,575120,660.154907,36337.983841,36338.093221,1, 0, 0, 1,5.010984,-1.733758,-14.339272,-1,2
68475,575121,660.271864,36338.100797,36338.210177,0, 0, 0, 0,-99.000000,-99.000000,-99.000000,-1,0
68475,575122,660.303332,36338.132266,36338.241645,1, 0, 0, 1,-2.031600,-1.727342,12.611790,-1,2
68475,575123,660.383942,36338.212876,36338.322256,0, 0, 0, 0,-99.000000,-99.000000,-99.000000,-1,1
68475,575124,660.746133,36338.575066,36338.684447,1, 0, 0, 1,0.461330,-1.693208,5.969855,-1,2
68475,575125,660.794016,36338.622949,36338.732330,0, 0, 0, 0,-99.000000,-99.000000,-99.000000,-1,1
68475,575126,660.919957,36338.748889,36338.858270,0, 0, 0, 0,-99.000000,-99.000000,-99.000000,-1,1
68475,575127,660.991392,36338.820324,36338.929706,0, 0, 0, 0,-99.000000,-99.000000,-99.000000,-1,1
68475,575128,661.123760,36338.952692,36339.062074,0, 0, 0, 0,-99.000000,-99.000000,-99.000000,-1,0
68475,575129,661.162135,36338.991067,36339.100449,1, 0, 0, 1,-5.424256,-2.579980,13.244173,-1,2
68475,575130,661.456713,36339.285644,36339.395026,1, 0, 0, 1,8.617485,1.566722,4.882946,-1,2
68475,575131,662.149467,36339.978397,36340.087780,1, 0, 0, 1,-1.229415,5.795482,5.484477,-1,2
68475,575132,662.308362,36340.137292,36340.246676,0, 0, 0, 0,-99.000000,-99.000000,-99.000000,-1,1
68475,575133,662.420564,36340.249494,36340.358878,0, 0, 0, 0,-99.000000,-99.000000,-99.000000,-1,0
68475,575134,662.456096,36340.285026,36340.394410,1, 0, 0, 1,-4.355961,-0.506416,8.259920,-1,2
68475,575135,663.066791,36340.895719,36341.005104,1, 0, 0, 1,3.327974,5.300649,-14.831315,-1,2
68475,575136,663.088310,36340.917238,36341.026623,1, 0, 0, 1,-5.936327,-2.276669,-11.815451,-1,2
68475,575137,663.106769,36340.935697,36341.045083,1, 0, 0, 1,-2.805417,5.870089,18.061746,-1,2
68475,575138,663.131447,36340.960375,36341.069761,0, 0, 0, 0,-99.000000,-99.000000,-99.000000,-1,0
68475,575139,663.386501,36341.215428,36341.324814,1, 0, 0, 1,7.736076,-3.331516,-0.493357,-1,2
68475,575140,663.502105,36341.331033,36341.440419,1, 0, 0, 1,0.097099,-8.295850,-0.076820,-1,2
68475,575141,663.604575,36341.433502,36341.542888,1, 0, 0, 1,7.919776,1.954049,13.279885,-1,2
68475,575142,663.738204,36341.567131,36341.676517,0, 0, 0, 0,-99.000000,-99.000000,-99.000000,-1,0
68475,575143,663.907863,36341.736790,36341.846177,0, 0, 0, 0,-99.000000,-99.000000,-99.000000,-1,1
68475,575144,664.010901,36341.839827,36341.949214,0, 0, 0, 0,-99.000000,-99.000000,-99.000000,-1,1
68475,575145,664.026319,36341.855245,36341.964632,0, 0, 0, 0,-99.000000,-99.000000,-99.000000,-1,0
68475,575146,664.031050,36341.859976,36341.969363,1, 0, 0, 1,-2.348377,3.980491,8.264738,-1,2
68475,575147,664.064277,36341.893203,36342.002590,1, 0, 0, 1,-1.680746,-3.125596,-5.464243,-1,2
68475,575148,664.178377,36342.007303,36342.116691,1, 0, 0, 1,-4.198638,0.955693,5.442616,-1,2
68475,575149,664.211897,36342.040822,36342.150210,1, 0, 0, 1,-7.069543,1.812123,-13.678293,-1,2
68475,575150,664.307938,36342.136864,36342.246252,1, 0, 0, 1,-6.226781,-2.264672,4.783795,-1,2
68475,575151,664.428806,36342.257732,36342.367120,1, 0, 0, 1,3.245508,0.108203,-3.117663,-1,2
68475,575152,664.460589,36342.289515,36342.398903,1, 0, 0, 1,6.664333,1.374692,12.068530,-1,2
68475,575153,664.709119,36342.538043,36342.647432,0, 0, 0, 0,-99.000000,-99.000000,-99.000000,-1,1
68475,575154,664.762520,36342.591445,36342.700834,0, 0, 0, 0,-99.000000,-99.000000,-99.000000,-1,1
68475,575155,664.788874,36342.617799,36342.727188,1, 0, 0, 1,-2.841295,8.734080,11.337971,-1,3
68475,575156,664.797748,36342.626672,36342.736061,1, 0, 0, 1,5.355013,-2.537007,-10.774422,-1,2
68475,575157,664.931616,36342.760540,36342.869929,0, 0, 0, 0,-99.000000,-99.000000,-99.000000,-1,1
68475,575158,665.002718,36342.831642,36342.941031,0, 0, 0, 0,-99.000000,-99.000000,-99.000000,-1,1
68475,575159,665.050485,36342.879409,36342.988798,0, 0, 0, 0,-99.000000,-99.000000,-99.000000,-1,0
68475,575160,665.275774,36343.104698,36343.214088,0, 0, 0, 0,-99.000000,-99.000000,-99.000000,-1,1
68475,575161,665.284601,36343.113525,36343.222914,1, 0, 0, 1,-4.196583,-7.625134,10.179715,-1,2
68475,575162,665.354245,36343.183169,36343.292559,0, 0, 0, 0,-99.000000,-99.000000,-99.000000,-1,1
68475,575163,665.377782,36343.206705,36343.316095,0, 0, 0, 0,-99.000000,-99.000000,-99.000000,-1,0
68475,575164,665.418284,36343.247207,36343.356597,1, 0, 0, 1,-0.378866,0.032976,-1.235020,-1,2
68475,575165,665.429873,36343.258796,36343.368187,1, 0, 0, 1,3.891939,6.902331,-3.747812,-1,2
68475,575166,665.449176,36343.278100,36343.387490,0, 0, 0, 0,-99.000000,-99.000000,-99.000000,-1,1
68475,575167,665.495773,36343.324696,36343.434087,1, 0, 0, 1,4.275559,4.669415,-3.773063,-1,3
68475,575168,665.577254,36343.406177,36343.515567,1, 0, 0, 1,1.664235,7.079168,0.701141,-1,2
68475,575169,665.588028,36343.416951,36343.526342,0, 0, 0, 0,-99.000000,-99.000000,-99.000000,-1,1
68475,575170,665.748414,36343.577336,36343.686727,0, 0, 0, 0,-99.000000,-99.000000,-99.000000,-1,1
68475,575171,665.807029,36343.635952,36343.745343,1, 0, 0, 1,-2.421312,-4.693540,-14.549108,-1,2
68475,575172,665.808468,36343.637390,36343.746781,0, 0, 0, 0,-99.000000,-99.000000,-99.000000,-1,0
68475,575173,665.863289,36343.692212,36343.801603,1, 0, 0, 1,-5.655056,-1.144919,-13.536720,-1,2
68475,575174,665.901537,36343.730459,36343.839850,0, 0, 0, 0,-99.000000,-99.000000,-99.000000,-1,1
68475,575175,665.918440,36343.747362,36343.856753,0, 0, 0, 0,-99.000000,-99.000000,-99.000000,-1,1
68475,575176,665.937605,36343.766527,36343.875918,1, 0, 0, 1,-5.197348,-0.106848,-18.633991,-1,2
68475,575177,666.208144,36344.037066,36344.146458,1, 0, 0, 1,2.778669,-3.967186,15.025640,-1,2
68475,575178,666.339462,36344.168383,36344.277775,1, 0, 0, 1,0.986710,2.232979,-11.114719,-1,2
68475,575179,666.388355,36344.217276,36344.326668,1, 0, 0, 1,-0.013137,3.735135,-16.576967,-1,2
68475,575180,666.669420,36344.498341,36344.607733,0, 0, 0, 0,-99.000000,-99.000000,-99.000000,-1,0
68475,575181,666.773096,36344.602016,36344.711409,0, 0, 0, 0,-99.000000,-99.000000,-99.000000,-1,1
68475,575182,666.784007,36344.612928,36344.722320,0, 0, 0, 0,-99.000000,-99.000000,-99.000000,-1,1
68475,575183,666.870159,36344.699079,36344.808472,1, 0, 0, 1,-8.046057,-0.804420,-14.766432,-1,2
68475,575184,666.986843,36344.815763,36344.925156,0, 0, 0, 0,-99.000000,-99.000000,-99.000000,-1,0
68475,575185,667.141225,36344.970145,36345.079539,0, 0, 0, 0,-99.000000,-99.000000,-99.000000,-1,1
68475,575186,667.265840,36345.094759,36345.204153,1, 0, 0, 1,7.686120,1.357863,-13.289047,-1,2
68475,575187,667.458232,36345.287151,36345.396546,0, 0, 0, 0,-99.000000,-99.000000,-99.000000,-1,1
68475,575188,667.504342,36345.333261,36345.442655,0, 0, 0, 0,-99.000000,-99.000000,-99.000000,-1,1
68475,575189,667.724047,36345.552965,36345.662360,1, 0, 0, 1,-8.125696,4.159926,21.184088,-1,2
68475,575190,667.727378,36345.556296,36345.665691,1, 0, 0, 1,-5.251793,4.646937,17.278987,-1,2
68475,575191,667.833670,36345.662588,36345.771983,1, 0, 0, 1,2.006556,-5.083117,-13.096707,-1,2
68475,575192,667.876283,36345.705201,36345.814596,0, 0, 0, 0,-99.000000,-99.000000,-99.000000,-1,1
68475,575193,668.032321,36345.861239,36345.970634,1, 0, 0, 1,4.878718,-2.825786,13.199371,-1,5
68475,575194,668.221040,36346.049957,36346.159353,0, 0, 0, 0,-99.000000,-99.000000,-99.000000,-1,1
68475,575195,668.261066,36346.089983,36346.199379,0, 0, 0, 0,-99.000000,-99.000000,-99.000000,-1,0
68475,575196,668.309804,36346.138721,36346.248117,0, 0, 0, 0,-99.000000,-99.000000,-99.000000,-1,1
68475,575197,668.325506,36346.154424,36346.263820,0, 0, 0, 0,-99.000000,-99.000000,-99.000000,-1,0
68475,575198,668.432915,36346.261832,36346.371228,1, 0, 0, 1,-1.732200,0.731984,0.070378,-1,2
68475,575199,668.458853,36346.287770,36346.397166,1, 0, 0, 1,8.588637,-1.361734,-16.270938,-1,2
68475,575200,668.584724,36346.413641,36346.523037,0, 0, 0, 0,-99.000000,-99.000000,-99.000000,-1,1
68475,575201,668.622956,36346.451873,36346.561269,1, 0, 0, 1,4.378076,-3.026784,-14.707461,-1,2
68475,575202,668.711679,36346.540595,36346.649992,0, 0, 0, 0,-99.000000,-99.000000,-99.000000,-1,1
68475,575203,668.724088,36346.553005,36346.662402,1, 0, 0, 1,7.388904,5.356847,14.399998,-1,2
68475,575204,668.797651,36346.626568,36346.735965,1, 0, 0, 1,1.848170,-5.068590,-15.138259,-1,2
68475,575205,668.815436,36346.644353,36346.753750,0, 0, 0, 0,-99.000000,-99.000000,-99.000000,-1,1
68475,575206,668.844182,36346.673098,36346.782496,0, 0, 0, 0,-99.000000,-99.000000,-99.000000,-1,1
68475,575207,668.949011,36346.777928,36346.887325,1, 0, 0, 1,7.584233,0.739404,19.912894,-1,2
68475,575208,669.066743,36346.895659,36347.005057,1, 0, 0, 1,-8.186690,3.208690,-12.501593,-1,2
68475,575209,669.235512,36347.064428,36347.173826,1, 0, 0, 1,6.866537,2.023889,-17.224217,-1,2
68475,575210,669.549200,36347.378115,36347.487513,1, 0, 0, 1,2.936417,-1.477191,-13.344983,-1,2
68475,575211,669.648235,36347.477149,36347.586548,1, 0, 0, 1,7.552969,-0.439278,-11.923790,-1,2
68475,575212,669.712774,36347.541688,36347.651087,0, 0, 0, 0,-99.000000,-99.000000,-99.000000,-1,1
68475,575213,669.943987,36347.772901,36347.882301,0, 0, 0, 0,-99.000000,-99.000000,-99.000000,-1,1
68475,575214,669.999059,36347.827973,36347.937373,0, 0, 0, 0,-99.000000,-99.000000,-99.000000,-1,1
68475,575215,670.122166,36347.951080,36348.060479,0, 0, 0, 0,-99.000000,-99.000000,-99.000000,-1,1
68475,575216,670.355173,36348.184086,36348.293486,1, 0, 0, 1,1.511961,0.765888,-9.018684,-1,2
68475,575217,670.499518,36348.328431,36348.437831,1, 0, 0, 1,3.579951,-10.910277,20.517899,-1,2
68475,575218,670.723546,36348.552459,36348.661860,1, 0, 0, 1,-0.074938,3.969709,-10.267415,-1,2
68475,575219,670.751295,36348.580208,36348.689608,1, 0, 0, 1,2.350698,0.736092,5.334845,-1,2
68475,575220,670.765419,36348.594331,36348.703732,0, 0, 0, 0,-99.000000,-99.000000,-99.000000,-1,1
68475,575221,671.068068,36348.896980,36349.006382,1, 0, 0, 1,-4.129895,-0.444279,-16.339332,-1,2
68475,575222,671.117733,36348.946644,36349.056046,1, 0, 0, 1,-8.722918,-2.021228,-22.534738,-1,2
68475,575223,671.163659,36348.992570,36349.101972,0, 0, 0, 0,-99.000000,-99.000000,-99.000000,-1,0
68475,575224,671.271585,36349.100497,36349.209899,1, 0, 0, 1,-0.276923,1.625390,12.516711,-1,2
68475,575225,671.314819,36349.143730,36349.253132,1, 0, 0, 1,-2.734316,8.072182,-8.163672,-1,2
68475,575226,671.525927,36349.354838,36349.464240,0, 0, 0, 0,-99.000000,-99.000000,-99.000000,-1,1
68475,575227,671.677068,36349.505978,36349.615381,1, 0, 0, 1,2.400560,4.312340,6.324655,-1,2
68475,575228,671.685692,36349.514603,36349.624006,1, 0, 0, 1,8.325262,2.872788,-10.034699,-1,2
68475,575229,671.706007,36349.534917,36349.644320,1, 0, 0, 1,-4.381895,-5.808096,1.582148,-1,2
68475,575230,671.743684,36349.572594,36349.681997,0, 0, 0, 0,-99.000000,-99.000000,-99.000000,-1,1
68475,575231,671.862528,36349.691438,36349.800842,0, 0, 0, 0,-99.000000,-99.000000,-99.000000,-1,1
68475,575232,671.883690,36349.712601,36349.822004,1, 0, 0, 1,1.178211,-2.181276,-6.862340,-1,2
68475,575233,671.893493,36349.722403,36349.831806,0, 0, 0, 0,-99.000000,-99.000000,-99.000000,-1,1
68475,575234,671.908318,36349.737228,36349.846632,1, 0, 0, 1,8.904967,1.919537,9.327350,-1,2
68475,575235,672.006931,36349.835841,36349.945245,1, 0, 0, 1,-7.138066,0.618613,2.434331,-1,2
68475,575236,672.124259,36349.953169,36350.062573,1, 0, 0, 1,7.089336,43.847114,13.109947,-1,2
68475,575237,672.201906,36350.030816,36350.140219,0, 0, 0, 0,-99.000000,-99.000000,-99.000000,-1,1
68475,575238,672.270567,36350.099477,36350.208881,1, 0, 0, 1,1.547460,6.572609,9.839974,-1,2
68475,575239,672.336261,36350.165171,36350.274575,1, 0, 0, 1,-1.126228,5.104041,-7.055597,-1,2
68475,575240,672.426132,36350.255041,36350.364445,0, 0, 0, 0,-99.000000,-99.000000,-99.000000,-1,0
68475,575241,672.426346,36350.255255,36350.364659,1, 0, 0, 1,6.708745,5.408110,-1.833758,-1,2
68475,575242,672.435351,36350.264260,36350.373665,1, 0, 0, 1,-7.051004,0.898002,-0.309700,-1,2
68475,575243,672.464967,36350.293876,36350.403281,1, 0, 0, 1,-2.206448,-1.992740,0.923340,-1,2
68475,575244,672.572292,36350.401201,36350.510605,1, 0, 0, 1,1.451376,1.998948,-8.030633,-1,2
68475,575245,672.575441,36350.404350,36350.513755,0, 0, 0, 0,-99.000000,-99.000000,-99.000000,-1,1
68475,575246,672.719022,36350.547930,36350.657335,1, 0, 0, 1,-2.852224,-2.973338,20.806473,-1,2
68475,575247,672.738036,36350.566944,36350.676349,0, 0, 0, 0,-99.000000,-99.000000,-99.000000,-1,1
68475,575248,672.776931,36350.605839,36350.715244,1, 0, 0, 1,4.151406,-6.772240,13.523301,-1,2
68475,575249,672.989648,36350.818556,36350.927961,1, 0, 0, 1,-1.693363,-6.812357,11.039183,-1,2
68475,575250,673.159548,36350.988456,36351.097862,0, 0, 0, 0,-99.000000,-99.000000,-99.000000,-1,1
68475,575251,673.171118,36351.000026,36351.109432,1, 0, 0, 1,-7.392564,-4.819381,6.628317,-1,2
68475,575252,673.349734,36351.178642,36351.288048,0, 0, 0, 0,-99.000000,-99.000000,-99.000000,-1,1
68475,575253,673.551099,36351.380006,36351.489412,1, 0, 0, 1,-7.112334,5.190155,9.241404,-1,2
68475,575254,673.577635,36351.406541,36351.515948,1, 0, 0, 1,-7.202796,1.625214,14.046118,-1,2
68475,575255,673.609976,36351.438883,36351.548290,1, 0, 0, 1,-2.724053,-2.697492,-2.419637,-1,2
68475,575256,673.715137,36351.544044,36351.653451,0, 0, 0, 0,-99.000000,-99.000000,-99.000000,-1,0
68475,575257,673.871779,36351.700685,36351.810092,0, 0, 0, 0,-99.000000,-99.000000,-99.000000,-1,0
68475,575258,674.151584,36351.980490,36352.089897,1, 0, 0, 1,-1.937375,1.745743,16.388659,-1,2
68475,575259,674.232806,36352.061711,36352.171119,1, 0, 0, 1,-5.256359,6.762424,-5.823049,-1,2
68475,575260,674.238711,36352.067616,36352.177024,1, 0, 0, 1,-4.502632,-1.169277,-1.181588,-1,2
68475,575261,674.313924,36352.142829,36352.252238,0, 0, 0, 0,-99.000000,-99.000000,-99.000000,-1,0
68475,575262,674.357192,36352.186098,36352.295506,0, 0, 0, 0,-99.000000,-99.000000,-99.000000,-1,1
68475,575263,674.383411,36352.212317,36352.321725,0, 0, 0, 0,-99.000000,-99.000000,-99.000000,-1,1
68475,575264,674.426142,36352.255047,36352.364455,0, 0, 0, 0,-99.000000,-99.000000,-99.000000,-1,1
68475,575265,674.599352,36352.428257,36352.537665,1, 0, 0, 1,5.950205,-4.013982,-15.186562,-1,2
68475,575266,674.601821,36352.430726,36352.540135,1, 0, 0, 1,1.594548,-1.195505,9.444385,-1,2
68475,575267,674.624232,36352.453137,36352.562546,0, 0, 0, 0,-99.000000,-99.000000,-99.000000,-1,1
68475,575268,674.630425,36352.459330,36352.568739,0, 0, 0, 0,-99.000000,-99.000000,-99.000000,-1,1
68475,575269,674.660595,36352.489500,36352.598909,1, 0, 0, 1,-0.024700,6.841176,-21.073169,-1,3
68475,575270,674.806461,36352.635366,36352.744775,0, 0, 0, 0,-99.000000,-99.000000,-99.000000,-1,0
68475,575271,674.815058,36352.643963,36352.753372,1, 0, 0, 1,-0.885863,3.974618,19.964362,-1,2
68475,575272,674.873310,36352.702214,36352.811623,1, 0, 0, 1,-8.539122,2.207492,12.430360,-1,2
68475,575273,674.874801,36352.703705,36352.813115,1, 0, 0, 1,-4.000214,-1.112411,-7.053648,-1,2
68475,575274,674.940755,36352.769659,36352.879068,1, 0, 0, 1,6.453447,6.532177,-5.076805,-1,2
68475,575275,675.109058,36352.937962,36353.047372,1, 0, 0, 1,-1.736207,2.426284,-17.960663,-1,2
68475,575276,675.187451,36353.016355,36353.125765,0, 0, 0, 0,-99.000000,-99.000000,-99.000000,-1,1
68475,575277,675.661816,36353.490719,36353.600130,0, 0, 0, 0,-99.000000,-99.000000,-99.000000,-1,1
68475,575278,675.795479,36353.624382,36353.733793,0, 0, 0, 0,-99.000000,-99.000000,-99.000000,-1,0
68475,575279,675.837127,36353.666029,36353.775440,0, 0, 0, 0,-99.000000,-99.000000,-99.000000,-1,1
68475,575280,675.866157,36353.695059,36353.804470,0, 0, 0, 0,-99.000000,-99.000000,-99.000000,-1,1
68475,575281,675.968478,36353.797380,36353.906791,0, 0, 0, 0,-99.000000,-99.000000,-99.000000,-1,1
68475,575282,676.289690,36354.118591,36354.228003,0, 0, 0, 0,-99.000000,-99.000000,-99.000000,-1,0
68475,575283,676.318693,36354.147594,36354.257006,1, 0, 0, 1,-3.126991,-7.882201,18.590901,-1,2
68475,575284,676.623249,36354.452149,36354.561562,1, 0, 0, 1,5.653251,5.969922,6.423767,-1,2
68475,575285,676.838297,36354.667197,36354.776610,0, 0, 0, 0,-99.000000,-99.000000,-99.000000,-1,1
68475,575286,676.914933,36354.743833,36354.853247,1, 0, 0, 1,-1.918637,-8.637393,-4.646978,-1,2
68475,575287,676.915574,36354.744474,36354.853888,1, 0, 0, 1,-0.297679,-1.465194,-12.039412,-1,2
68475,575288,676.984560,36354.813460,36354.922873,1, 0, 0, 1,8.935046,-3.545315,-2.153033,-1,2
68475,575289,676.995786,36354.824686,36354.934100,1, 0, 0, 1,-2.922528,-1.204030,11.125023,-1,2
68475,575290,677.014272,36354.843172,36354.952585,0, 0, 0, 0,-99.000000,-99.000000,-99.000000,-1,1
68475,575291,677.019417,36354.848317,36354.957731,0, 0, 0, 0,-99.000000,-99.000000,-99.000000,-1,1
68475,575292,677.090688,36354.919588,36355.029001,1, 0, 0, 1,7.300782,2.525529,0.597177,-1,2
68475,575293,677.183856,36355.012756,36355.122170,1, 0, 0, 1,-5.274514,7.996683,9.053296,-1,2
68475,575294,677.210196,36355.039095,36355.148509,1, 0, 0, 1,-3.895444,3.418258,3.862601,-1,2
68475,575295,677.400326,36355.229225,36355.338640,1, 0, 0, 1,6.312812,1.921611,5.600745,-1,2
68475,575296,677.415288,36355.244187,36355.353601,1, 0, 0, 1,7.425302,1.489988,5.429845,-1,2
68475,575297,677.417909,36355.246809,36355.356223,1, 0, 0, 1,-2.643574,6.616039,3.060952,-1,2
68475,575298,677.673812,36355.502711,36355.612126,0, 0, 0, 0,-99.000000,-99.000000,-99.000000,-1,1
68475,575299,677.713251,36355.542150,36355.651565,0, 0, 0, 0,-99.000000,-99.000000,-99.000000,-1,0
68475,575300,677.780619,36355.609517,36355.718932,1, 0, 0, 1,-7.733277,3.168037,-21.550613,-1,2
68475,575301,677.875291,36355.704189,36355.813604,0, 0, 0, 0,-99.000000,-99.000000,-99.000000,-1,1
68475,575302,678.038346,36355.867244,36355.976659,1, 0, 0, 1,-3.243359,2.831866,1.792510,-1,2
68475,575303,678.086589,36355.915487,36356.024902,1, 0, 0, 1,-0.617315,-4.325607,13.688334,-1,2
68475,575304,678.148657,36355.977554,36356.086970,1, 0, 0, 1,-1.493791,-6.502880,6.522657,-1,2
68475,575305,678.285829,36356.114726,36356.224142,1, 0, 0, 1,-1.840131,3.284293,-1.101494,-1,2
68475,575306,678.354503,36356.183400,36356.292816,1, 0, 0, 1,-5.574974,-1.133034,13.112475,-1,2
68475,575307,678.418821,36356.247719,36356.357135,1, 0, 0, 1,-3.075631,3.321212,-2.733540,-1,2
68475,575308,678.549410,36356.378307,36356.487724,0, 0, 0, 0,-99.000000,-99.000000,-99.000000,-1,1
68475,575309,678.582174,36356.411071,36356.520488,1, 0, 0, 1,-4.321596,5.027612,8.159532,-1,2
68475,575310,678.651985,36356.480882,36356.590298,1, 0, 0, 1,3.494403,6.523116,-3.835857,-1,2
68475,575311,678.656417,36356.485314,36356.594731,1, 0, 0, 1,-5.651005,-0.530679,-11.821453,-1,3
68475,575312,678.656723,36356.485620,36356.595037,0, 0, 0, 0,-99.000000,-99.000000,-99.000000,-1,1
68475,575313,678.830159,36356.659055,36356.768472,0, 0, 0, 0,-99.000000,-99.000000,-99.000000,-1,1
68475,575314,678.955351,36356.784247,36356.893664,1, 0, 0, 1,-1.364453,-7.958014,-2.723762,-1,2
68475,575315,679.332352,36357.161248,36357.270666,1, 0, 0, 1,0.222713,-6.914134,-19.522888,-1,2
68475,575316,679.340947,36357.169842,36357.279260,1, 0, 0, 1,0.816997,1.408660,-16.734646,-1,2
68475,575317,679.453227,36357.282122,36357.391540,0, 0, 0, 0,-99.000000,-99.000000,-99.000000,-1,1
68475,575318,679.459282,36357.288177,36357.397596,0, 0, 0, 0,-99.000000,-99.000000,-99.000000,-1,1
68475,575319,679.507791,36357.336686,36357.446104,0, 0, 0, 0,-99.000000,-99.000000,-99.000000,-1,1
68475,575320,679.550273,36357.379168,36357.488587,0, 0, 0, 0,-99.000000,-99.000000,-99.000000,-1,1
68475,575321,679.768983,36357.597877,36357.707296,1, 0, 0, 1,6.368595,-1.742833,-7.841771,-1,2
68475,575322,680.040207,36357.869101,36357.978520,0, 0, 0, 0,-99.000000,-99.000000,-99.000000,-1,1
68475,575323,680.088190,36357.917084,36358.026504,0, 0, 0, 0,-99.000000,-99.000000,-99.000000,-1,1
68475,575324,680.108255,36357.937149,36358.046568,0, 0, 0, 0,-99.000000,-99.000000,-99.000000,-1,1
68475,575325,680.119639,36357.948533,36358.057953,0, 0, 0, 0,-99.000000,-99.000000,-99.000000,-1,0
68475,575326,680.130744,36357.959638,36358.069058,1, 0, 0, 1,4.726829,-4.539404,-7.825990,-1,2
68475,575327,680.281820,36358.110713,36358.220133,1, 0, 0, 1,-1.131888,7.081478,-6.371726,-1,2
68475,575328,680.286742,36358.115635,36358.225055,0, 0, 0, 0,-99.000000,-99.000000,-99.000000,-1,1
68475,575329,680.438928,36358.267821,36358.377242,0, 0, 0, 0,-99.000000,-99.000000,-99.000000,-1,0
68475,575330,680.454820,36358.283713,36358.393134,0, 0, 0, 0,-99.000000,-99.000000,-99.000000,-1,1
68475,575331,680.480024,36358.308917,36358.418338,1, 0, 0, 1,9.999994,4.566150,-19.069987,-1,3
68475,575332,680.658788,36358.487681,36358.597102,0, 0, 0, 0,-99.000000,-99.000000,-99.000000,-1,0
68475,575333,680.740432,36358.569324,36358.678745,1, 0, 0, 1,-4.876484,6.192812,-13.282732,-1,2
68475,575334,680.857260,36358.686152,36358.795574,0, 0, 0, 0,-99.000000,-99.000000,-99.000000,-1,0
68475,575335,680.949108,36358.778000,36358.887422,1, 0, 0, 1,-3.622229,6.758467,-9.750456,-1,2
68475,575336,680.955598,36358.784490,36358.893912,1, 0, 0, 1,-7.462194,0.326625,-7.267254,-1,2
68475,575337,681.069128,36358.898019,36359.007441,0, 0, 0, 0,-99.000000,-99.000000,-99.000000,-1,0
68475,575338,681.288911,36359.117802,36359.227225,0, 0, 0, 0,-99.000000,-99.000000,-99.000000,-1,1
68475,575339,681.306597,36359.135488,36359.244910,1, 0, 0, 1,-3.232022,9.884114,15.659868,-1,2
68475,575340,681.396749,36359.225640,36359.335062,1, 0, 0, 1,-4.286189,7.268881,8.133965,-1,2
68475,575341,681.528275,36359.357166,36359.466589,1, 0, 0, 1,-3.527448,10.472548,4.978778,-1,2
68475,575342,681.533464,36359.362355,36359.471778,0, 0, 0, 0,-99.000000,-99.000000,-99.000000,-1,1
68475,575343,682.055999,36359.884889,36359.994313,0, 0, 0, 0,-99.000000,-99.000000,-99.000000,-1,1
68475,575344,682.056338,36359.885228,36359.994652,1, 0, 0, 1,-5.649751,-4.247789,15.543033,-1,2
68475,575345,682.086102,36359.914992,36360.024416,1, 0, 0, 1,0.539992,-4.908909,6.141802,-1,2
68475,575346,682.182226,36360.011116,36360.120540,0, 0, 0, 0,-99.000000,-99.000000,-99.000000,-1,0
68475,575347,682.584254,36360.413142,36360.522567,0, 0, 0, 0,-99.000000,-99.000000,-99.000000,-1,1
68475,575348,682.906853,36360.735742,36360.845167,1, 0, 0, 1,-2.633575,6.866626,-17.007955,-1,3
68475,575349,683.059183,36360.888071,36360.997497,1, 0, 0, 1,6.043127,-0.565863,15.935980,-1,2
68475,575350,683.137680,36360.966567,36361.075993,1, 0, 0, 1,-6.355949,3.126959,-16.997880,-1,2
68475,575351,683.434203,36361.263090,36361.372516,0, 0, 0, 0,-99.000000,-99.000000,-99.000000,-1,1
68475,575352,683.464332,36361.293219,36361.402646,0, 0, 0, 0,-99.000000,-99.000000,-99.000000,-1,1
68475,575353,683.661643,36361.490529,36361.599956,0, 0, 0, 0,-99.000000,-99.000000,-99.000000,-1,0
68475,575354,683.745060,36361.573947,36361.683374,1, 0, 0, 1,-2.749461,8.352294,16.870796,-1,2
68475,575355,683.823486,36361.652373,36361.761800,1, 1, 0, 1,-0.850964,1.076108,-4.498126,-1,2
68475,575356,683.938887,36361.767773,36361.877200,1, 0, 0, 1,-5.612391,6.336949,5.844504,-1,2
68475,575357,683.995371,36361.824257,36361.933685,0, 0, 0, 0,-99.000000,-99.000000,-99.000000,-1,1
68475,575358,684.095075,36361.923961,36362.033389,1, 0, 0, 1,5.138422,5.717139,-16.824720,-1,2
68475,575359,684.201029,36362.029914,36362.139342,0, 0, 0, 0,-99.000000,-99.000000,-99.000000,-1,0
68475,575360,684.414751,36362.243636,36362.353064,1, 0, 0, 1,-2.948766,5.060451,-13.301144,-1,2
68475,575361,684.440216,36362.269101,36362.378530,1, 0, 0, 1,-3.257136,4.446564,-15.789147,-1,2
68475,575362,684.708375,36362.537259,36362.646688,1, 0, 0, 1,0.628409,4.211264,-22.722524,-1,2
68475,575363,684.735018,36362.563902,36362.673331,1, 0, 0, 1,5.469769,0.066060,-11.750182,-1,2
68475,575364,685.398221,36363.227104,36363.336535,0, 0, 0, 0,-99.000000,-99.000000,-99.000000,-1,1
68475,575365,685.399419,36363.228302,36363.337733,1, 0, 0, 1,-4.757431,-1.512694,-5.017238,-1,2
68475,575366,685.432834,36363.261717,36363.371148,1, 0, 0, 1,4.726100,-2.481321,-14.142898,-1,2
68475,575367,685.787627,36363.616509,36363.725941,0, 0, 0, 0,-99.000000,-99.000000,-99.000000,-1,1
68475,575368,685.921130,36363.750012,36363.859443,1, 0, 0, 1,3.013387,-4.962563,-2.145053,-1,2
68475,575369,685.923672,36363.752554,36363.861985,1, 0, 0, 1,0.763191,-1.484603,-21.830117,-1,2
68475,575370,686.064235,36363.893117,36364.002549,0, 0, 0, 0,-99.000000,-99.000000,-99.000000,-1,1
68475,575371,686.079621,36363.908502,36364.017934,0, 0, 0, 0,-99.000000,-99.000000,-99.000000,-1,0
68475,575372,686.208809,36364.037691,36364.147123,1, 0, 0, 1,2.875095,-6.767403,-18.950581,-1,2
68475,575373,686.339156,36364.168037,36364.277469,0, 0, 0, 0,-99.000000,-99.000000,-99.000000,-1,1
68475,575374,686.389303,36364.218184,36364.327617,1, 0, 0, 1,2.900038,-3.206069,-10.825586,-1,2
68475,575375,686.428250,36364.257131,36364.366563,1, 0, 0, 1,0.281606,-2.102011,15.014530,-1,2
68475,575376,686.510396,36364.339277,36364.448709,0, 0, 0, 0,-99.000000,-99.000000,-99.000000,-1,1
68475,575377,686.752047,36364.580927,36364.690360,0, 0, 0, 0,-99.000000,-99.000000,-99.000000,-1,1
68475,575378,686.775158,36364.604038,36364.713471,0, 0, 0, 0,-99.000000,-99.000000,-99.000000,-1,1
68475,575379,687.253634,36365.082513,36365.191948,0, 0, 0, 0,-99.000000,-99.000000,-99.000000,-1,1
68475,575380,687.317168,36365.146047,36365.255481,1, 1, 0, 1,0.383565,2.002713,-6.234895,-1,3
68475,575381,687.407751,36365.236630,36365.346065,0, 0, 0, 0,-99.000000,-99.000000,-99.000000,-1,1
68475,575382,687.414076,36365.242955,36365.352390,1, 0, 0, 1,-0.595417,-4.296688,6.274704,-1,2
68475,575383,687.590659,36365.419538,36365.528973,1, 0, 0, 1,6.808120,-1.987744,-7.929563,-1,2
68475,575384,687.673844,36365.502723,36365.612158,1, 0, 0, 1,6.113968,6.292985,12.488000,-1,2
68475,575385,687.683735,36365.512614,36365.622049,0, 0, 0, 0,-99.000000,-99.000000,-99.000000,-1,1
68475,575386,687.951481,36365.780359,36365.889795,0, 0, 0, 0,-99.000000,-99.000000,-99.000000,-1,1
68475,575387,687.967490,36365.796368,36365.905804,0, 0, 0, 0,-99.000000,-99.000000,-99.000000,-1,1
68475,575388,688.058835,36365.887712,36365.997148,1, 0, 0, 1,-0.194882,4.953553,8.357686,-1,2
68475,575389,688.060153,36365.889031,36365.998467,0, 0, 0, 0,-99.000000,-99.000000,-99.000000,-1,0
68475,575390,688.097397,36365.926274,36366.035710,1, 0, 0, 1,-4.873445,1.792696,2.369627,-1,2
68475,575391,688.339434,36366.168311,36366.277747,1, 0, 0, 1,1.667356,8.782563,15.459252,-1,2
68475,575392,688.467995,36366.296872,36366.406309,1, 0, 0, 1,-8.115784,-1.746235,17.912285,-1,3
68475,575393,688.544131,36366.373008,36366.482445,1, 0, 0, 1,7.176998,5.860322,8.249140,-1,2
68475,575394,688.577927,36366.406804,36366.516241,1, 0, 0, 1,6.255554,0.186651,-2.435307,-1,2
68475,575395,688.904102,36366.732978,36366.842415,0, 0, 0, 0,-99.000000,-99.000000,-99.000000,-1,1
68475,575396,688.907554,36366.736430,36366.845867,1, 0, 0, 1,4.221861,2.474032,8.148112,-1,3
68475,575397,688.989953,36366.818829,36366.928267,1, 0, 0, 1,-7.120510,-1.501422,17.769927,-1,2
68475,575398,689.234415,36367.063290,36367.172728,1, 0, 0, 1,-3.089815,3.372603,-4.805820,-1,2
68475,575399,689.356453,36367.185328,36367.294767,0, 0, 0, 0,-99.000000,-99.000000,-99.000000,-1,1
68475,575400,689.579286,36367.408160,36367.517599,0, 0, 0, 0,-99.000000,-99.000000,-99.000000,-1,1
68475,575401,689.642834,36367.471709,36367.581148,0, 0, 0, 0,-99.000000,-99.000000,-99.000000,-1,1
68475,575402,689.657066,36367.485940,36367.595379,1, 0, 0, 1,-4.081997,4.635850,5.147361,-1,2
68475,575403,689.715234,36367.544108,36367.653547,1, 0, 0, 1,5.632894,5.058779,8.967923,-1,2
68475,575404,689.813673,36367.642547,36367.751987,1, 0, 0, 1,-9.215357,2.534834,10.063869,-1,2
68475,575405,689.828975,36367.657849,36367.767289,0, 0, 0, 0,-99.000000,-99.000000,-99.000000,-1,0
68475,575406,690.081195,36367.910069,36368.019509,0, 0, 0, 0,-99.000000,-99.000000,-99.000000,-1,1
68475,575407,690.119111,36367.947984,36368.057424,0, 0, 0, 0,-99.000000,-99.000000,-99.000000,-1,1
68475,575408,690.156381,36367.985255,36368.094695,1, 0, 0, 1,-0.181893,8.489290,-16.651598,-1,2
68475,575409,690.202053,36368.030926,36368.140366,0, 0, 0, 0,-99.000000,-99.000000,-99.000000,-1,1
68475,575410,690.250358,36368.079232,36368.188672,0, 0, 0, 0,-99.000000,-99.000000,-99.000000,-1,1
68475,575411,690.263043,36368.091917,36368.201357,1, 0, 0, 1,3.142511,2.486214,0.677978,-1,2
68475,575412,690.784443,36368.613316,36368.722757,0, 0, 0, 0,-99.000000,-99.000000,-99.000000,-1,0
68475,575413,691.028867,36368.857739,36368.967181,1, 0, 0, 1,4.113225,1.075352,6.545658,-1,2
68475,575414,691.041613,36368.870485,36368.979926,1, 0, 0, 1,-4.781084,2.390141,-17.556005,-1,2
68475,575415,691.087980,36368.916852,36369.026294,0, 0, 0, 0,-99.000000,-99.000000,-99.000000,-1,0
68475,575416,691.220366,36369.049237,36369.158680,0, 0, 0, 0,-99.000000,-99.000000,-99.000000,-1,1
68475,575417,691.230720,36369.059591,36369.169033,1, 0, 0, 1,7.665791,1.199916,-0.384513,-1,2
68475,575418,691.383908,36369.212779,36369.322222,1, 0, 0, 1,0.697725,1.172479,-0.661685,-1,2
68475,575419,691.493442,36369.322312,36369.431755,1, 0, 0, 1,6.127195,-2.127672,0.951769,-1,2
68475,575420,691.602487,36369.431358,36369.540801,0, 0, 0, 0,-99.000000,-99.000000,-99.000000,-1,1
68475,575421,691.693958,36369.522829,36369.632272,0, 0, 0, 0,-99.000000,-99.000000,-99.000000,-1,0
68475,575422,691.811157,36369.640027,36369.749471,0, 0, 0, 0,-99.000000,-99.000000,-99.000000,-1,0
68475,575423,691.811321,36369.640192,36369.749635,0, 0, 0, 0,-99.000000,-99.000000,-99.000000,-1,0
68475,575424,691.811388,36369.640258,36369.749702,0, 0, 0, 0,-99.000000,-99.000000,-99.000000,-1,0
68475,575425,691.824055,36369.652925,36369.762368,0, 0, 0, 0,-99.000000,-99.000000,-99.000000,-1,1
68475,575426,691.971149,36369.800019,36369.909463,0, 0, 0, 0,-99.000000,-99.000000,-99.000000,-1,1
68475,575427,692.029457,36369.858327,36369.967771,0, 0, 0, 0,-99.000000,-99.000000,-99.000000,-1,1
68475,575428,692.035971,36369.864841,36369.974284,0, 0, 0, 0,-99.000000,-99.000000,-99.000000,-1,1
68475,575429,692.051796,36369.880666,36369.990110,1, 0, 0, 1,-6.930674,0.651320,3.714700,-1,2
68475,575430,692.175436,36370.004306,36370.113750,0, 0, 0, 0,-99.000000,-99.000000,-99.000000,-1,0
68475,575431,692.225920,36370.054789,36370.164233,0, 0, 0, 0,-99.000000,-99.000000,-99.000000,-1,0
68475,575432,692.229579,36370.058448,36370.167892,1, 0, 0, 1,-1.961559,10.817004,-19.912309,-1,2
68475,575433,692.792267,36370.621135,36370.730580,1, 0, 0, 1,5.077727,0.358702,-7.519930,-1,2
68475,575434,692.830002,36370.658870,36370.768316,1, 0, 0, 1,7.609444,1.304715,16.224300,-1,2
68475,575435,693.602603,36371.431470,36371.540917,0, 0, 0, 0,-99.000000,-99.000000,-99.000000,-1,1
68475,575436,693.641118,36371.469984,36371.579431,1, 0, 0, 1,-3.400208,0.711676,16.888407,-1,2
68475,575437,693.949045,36371.777911,36371.887359,1, 0, 0, 1,2.020015,-4.399996,12.153879,-1,2
68475,575438,694.002915,36371.831781,36371.941229,1, 0, 0, 1,-9.680662,-1.680817,11.068898,-1,2
68475,575439,694.014790,36371.843656,36371.953104,1, 0, 0, 1,-7.360729,2.481312,-10.785575,-1,2
68475,575440,694.205030,36372.033895,36372.143343,1, 0, 0, 1,-6.784269,0.260698,-13.038743,-1,2
68475,575441,694.209018,36372.037883,36372.147332,1, 0, 0, 1,-2.580929,-2.210309,-2.618547,-1,2
68475,575442,694.400506,36372.229371,36372.338819,1, 0, 0, 1,6.691858,-0.475359,-14.705105,-1,2
68475,575443,694.416264,36372.245129,36372.354577,1, 0, 0, 1,0.118682,-9.527087,-10.147822,-1,2
68475,575444,694.582105,36372.410970,36372.520418,1, 0, 0, 1,1.236176,-3.805533,-17.543986,-1,2
68475,575445,694.706595,36372.535459,36372.644909,0, 0, 0, 0,-99.000000,-99.000000,-99.000000,-1,1
68475,575446,694.726553,36372.555418,36372.664867,1, 0, 0, 1,-5.445527,-2.429527,13.660294,-1,2
68475,575447,694.811321,36372.640185,36372.749635,0, 0, 0, 0,-99.000000,-99.000000,-99.000000,-1,1
68475,575448,695.091516,36372.920379,36373.029829,0, 0, 0, 0,-99.000000,-99.000000,-99.000000,-1,0
68475,575449,695.137443,36372.966306,36373.075756,1, 0, 0, 1,7.481422,-0.687223,-4.993703,-1,2
68475,575450,695.179923,36373.008786,36373.118236,0, 0, 0, 0,-99.000000,-99.000000,-99.000000,-1,1
68475,575451,695.293728,36373.122591,36373.232041,1, 0, 0, 1,-9.844871,9.270575,4.957091,-1,2
68475,575452,695.361631,36373.190494,36373.299945,1, 0, 0, 1,-2.266831,-7.535645,-20.849894,-1,2
68475,575453,695.525421,36373.354284,36373.463735,0, 0, 0, 0,-99.000000,-99.000000,-99.000000,-1,1
68475,575454,695.767198,36373.596060,36373.705511,0, 0, 0, 0,-99.000000,-99.000000,-99.000000,-1,1
68475,575455,695.870583,36373.699445,36373.808896,0, 0, 0, 0,-99.000000,-99.000000,-99.000000,-1,0
68475,575456,695.974954,36373.803815,36373.913267,0, 0, 0, 0,-99.000000,-99.000000,-99.000000,-1,1
68475,575457,695.999262,36373.828123,36373.937575,1, 0, 0, 1,5.251128,9.763217,18.044200,-1,2
68475,575458,696.047697,36373.876558,36373.986010,0, 0, 0, 0,-99.000000,-99.000000,-99.000000,-1,1
68475,575459,696.222400,36374.051261,36374.160714,1, 0, 0, 1,-3.365637,-5.235311,-14.492820,-1,2
68475,575460,696.436947,36374.265808,36374.375260,0, 0, 0, 0,-99.000000,-99.000000,-99.000000,-1,0
68475,575461,696.536005,36374.364865,36374.474318,1, 0, 0, 1,6.253475,3.307542,-11.530675,-1,2
68475,575462,696.602769,36374.431630,36374.541083,0, 0, 0, 0,-99.000000,-99.000000,-99.000000,-1,1
68475,575463,696.739409,36374.568269,36374.677723,1, 0, 0, 1,3.929847,-6.948169,-13.326493,-1,2
68475,575464,696.756723,36374.585583,36374.695037,0, 0, 0, 0,-99.000000,-99.000000,-99.000000,-1,0
68475,575465,696.777023,36374.605883,36374.715337,0, 0, 0, 0,-99.000000,-99.000000,-99.000000,-1,1
68475,575466,696.942225,36374.771085,36374.880539,1, 0, 0, 1,-1.855421,4.156049,-17.928680,-1,2
68475,575467,696.959533,36374.788393,36374.897846,1, 0, 0, 1,-2.960931,-6.375091,0.389687,-1,2
68475,575468,697.265085,36375.093945,36375.203399,1, 0, 0, 1,-3.374596,7.378577,3.643801,-1,2
68475,575469,697.482703,36375.311562,36375.421017,0, 0, 0, 0,-99.000000,-99.000000,-99.000000,-1,0
68475,575470,697.518801,36375.347659,36375.457114,1, 0, 0, 1,-3.488814,-0.703205,-8.912580,-1,2
68475,575471,697.633025,36375.461884,36375.571339,0, 0, 0, 0,-99.000000,-99.000000,-99.000000,-1,1
68475,575472,697.703295,36375.532153,36375.641608,0, 0, 0, 0,-99.000000,-99.000000,-99.000000,-1,1
68475,575473,697.927236,36375.756094,36375.865550,1, 0, 0, 1,-1.007141,-2.102266,-7.303975,-1,4
68475,575474,698.096136,36375.924993,36376.034449,0, 0, 0, 0,-99.000000,-99.000000,-99.000000,-1,1
68475,575475,698.116387,36375.945244,36376.054700,1, 0, 0, 1,6.242456,3.357754,-11.628976,-1,2
68475,575476,698.279639,36376.108496,36376.217952,1, 0, 0, 1,0.741042,7.331439,-15.644823,-1,2
68475,575477,698.287980,36376.116837,36376.226294,1, 0, 0, 1,6.459970,-0.885834,15.766544,-1,2
68475,575478,698.534407,36376.363263,36376.472720,0, 0, 0, 0,-99.000000,-99.000000,-99.000000,-1,0
68475,575479,698.551239,36376.380096,36376.489553,0, 0, 0, 0,-99.000000,-99.000000,-99.000000,-1,1
68475,575480,698.582660,36376.411517,36376.520974,0, 0, 0, 0,-99.000000,-99.000000,-99.000000,-1,1
68475,575481,698.713690,36376.542546,36376.652004,1, 1, 0, 1,0.502339,-2.021967,-4.626359,-1,4
68475,575482,698.817889,36376.646745,36376.756203,1, 0, 0, 1,-7.572763,2.664210,5.361368,-1,2
68475,575483,698.887429,36376.716285,36376.825742,0, 0, 0, 0,-99.000000,-99.000000,-99.000000,-1,1
68475,575484,699.045521,36376.874377,36376.983835,1, 0, 0, 1,-0.405478,-5.190467,-13.781324,-1,2
68475,575485,699.076939,36376.905795,36377.015253,1, 0, 0, 1,-0.914314,2.158549,-15.586661,-1,2
68475,575486,699.141814,36376.970670,36377.080128,0, 0, 0, 0,-99.000000,-99.000000,-99.000000,-1,1
68475,575487,699.208693,36377.037548,36377.147006,1, 0, 0, 1,1.454490,5.113126,11.355844,-1,2
68475,575488,699.690254,36377.519108,36377.628567,1, 0, 0, 1,4.800258,1.144968,13.118579,-1,2
68475,575489,699.784505,36377.613359,36377.722818,1, 0, 0, 1,-0.451733,0.187161,-5.473494,-1,2
68475,575490,700.042971,36377.871825,36377.981285,1, 0, 0, 1,-6.685208,-1.510349,-11.936913,-1,2
68475,575491,700.341060,36378.169913,36378.279374,1, 0, 0, 1,-2.071902,5.121617,9.209244,-1,2
68475,575492,700.349027,36378.177880,36378.287340,0, 0, 0, 0,-99.000000,-99.000000,-99.000000,-1,1
68475,575493,700.438287,36378.267140,36378.376600,1, 0, 0, 1,-1.951948,1.926739,-12.229473,-1,2
68475,575494,700.491485,36378.320338,36378.429799,1, 1, 0, 1,-2.054901,1.819088,-3.926591,-1,3
68475,575495,700.499442,36378.328295,36378.437756,0, 0, 0, 0,-99.000000,-99.000000,-99.000000,-1,1
68475,575496,700.562322,36378.391174,36378.500635,1, 0, 0, 1,-3.529559,-3.557059,-10.477062,-1,2
68475,575497,700.892730,36378.721582,36378.831044,1, 0, 0, 1,-0.641873,7.249155,-13.901018,-1,2
68475,575498,701.034905,36378.863757,36378.973219,1, 0, 0, 1,-0.796635,-6.918964,-13.488372,-1,2
68475,575499,701.128682,36378.957534,36379.066996,0, 0, 0, 0,-99.000000,-99.000000,-99.000000,-1,1
68475,575500,701.196678,36379.025529,36379.134991,1, 0, 0, 1,7.424534,-1.446955,-21.672831,-1,2
68475,575501,701.410604,36379.239455,36379.348918,1, 0, 0, 1,-4.112716,0.899780,1.491842,-1,2
68475,575502,701.571452,36379.400302,36379.509765,1, 0, 0, 1,1.970901,6.646230,-13.626109,-1,2
68475,575503,701.753195,36379.582045,36379.691508,0, 0, 0, 0,-99.000000,-99.000000,-99.000000,-1,0
68475,575504,701.869813,36379.698663,36379.808126,1, 0, 0, 1,6.354269,-3.525526,-11.846287,-1,2
68475,575505,702.069206,36379.898055,36380.007519,1, 0, 0, 1,-1.696212,-1.235655,1.563414,-1,3
68475,575506,702.077745,36379.906594,36380.016058,0, 0, 0, 0,-99.000000,-99.000000,-99.000000,-1,1
68475,575507,702.127491,36379.956340,36380.065804,1, 0, 0, 1,-2.662491,-6.872084,15.668292,-1,2
68475,575508,702.187648,36380.016497,36380.125962,0, 0, 0, 0,-99.000000,-99.000000,-99.000000,-1,0
68475,575509,702.260049,36380.088898,36380.198362,1, 0, 0, 1,1.147840,-0.493914,15.732110,-1,2
68475,575510,702.379486,36380.208335,36380.317800,1, 0, 0, 1,-1.983287,0.650373,22.420956,-1,2
68475,575511,702.424669,36380.253518,36380.362983,0, 0, 0, 0,-99.000000,-99.000000,-99.000000,-1,1
68475,575512,702.457513,36380.286361,36380.395826,1, 0, 0, 1,-8.058578,0.287287,-15.560538,-1,2
68475,575513,702.531723,36380.360572,36380.470037,1, 0, 0, 1,-3.041934,1.466736,9.261177,-1,2
68475,575514,702.542840,36380.371688,36380.481153,0, 0, 0, 0,-99.000000,-99.000000,-99.000000,-1,1
68475,575515,702.548776,36380.377624,36380.487089,1, 0, 0, 1,-3.616348,-4.699563,-6.706327,-1,2
68475,575516,702.637097,36380.465945,36380.575411,1, 0, 0, 1,-5.515565,-1.290124,7.262056,-1,2
68475,575517,703.057554,36380.886401,36380.995867,0, 0, 0, 0,-99.000000,-99.000000,-99.000000,-1,1
68475,575518,703.079590,36380.908437,36381.017904,1, 0, 0, 1,4.900990,1.441885,7.426354,-1,2
68475,575519,703.282462,36381.111309,36381.220775,1, 0, 0, 1,6.064628,-0.534954,-0.563132,-1,2
68475,575520,703.423691,36381.252538,36381.362004,1, 0, 0, 1,1.630534,-2.907521,5.128977,-1,2
68475,575521,703.621239,36381.450086,36381.559553,0, 0, 0, 0,-99.000000,-99.000000,-99.000000,-1,1
68475,575522,703.701268,36381.530114,36381.639581,0, 0, 0, 0,-99.000000,-99.000000,-99.000000,-1,0
68475,575523,703.845398,36381.674244,36381.783711,0, 0, 0, 0,-99.000000,-99.000000,-99.000000,-1,0
68475,575524,703.891205,36381.720051,36381.829519,0, 0, 0, 0,-99.000000,-99.000000,-99.000000,-1,1
68475,575525,703.994425,36381.823270,36381.932738,0, 0, 0, 0,-99.000000,-99.000000,-99.000000,-1,1
68475,575526,704.013082,36381.841928,36381.951396,1, 1, 1, 1,-0.893754,-1.890594,-0.813772,-1,4
68475,575527,704.069560,36381.898405,36382.007873,1, 0, 0, 1,7.576325,2.873955,-0.308526,-1,2
68475,575528,704.108495,36381.937340,36382.046809,1, 0, 0, 1,-3.479796,-4.850394,20.627991,-1,2
68475,575529,704.436609,36382.265454,36382.374923,1, 0, 0, 1,-1.202124,-2.909476,-8.896205,-1,2
68475,575530,705.131981,36382.960824,36383.070295,0, 0, 0, 0,-99.000000,-99.000000,-99.000000,-1,1
68475,575531,705.414839,36383.243682,36383.353153,1, 0, 0, 1,4.837188,-4.699082,4.852003,-1,2
68475,575532,705.421143,36383.249986,36383.359457,0, 0, 0, 0,-99.000000,-99.000000,-99.000000,-1,0
68475,575533,705.531802,36383.360644,36383.470116,0, 0, 0, 0,-99.000000,-99.000000,-99.000000,-1,1
68475,575534,705.614926,36383.443768,36383.553240,1, 1, 0, 1,-3.509638,-0.567648,3.703923,-1,3
68475,575535,705.626826,36383.455668,36383.565139,1, 0, 0, 1,0.217418,4.256447,-13.930554,-1,2
68475,575536,705.684809,36383.513651,36383.623123,0, 0, 0, 0,-99.000000,-99.000000,-99.000000,-1,1
68475,575537,705.713552,36383.542394,36383.651865,1, 0, 0, 1,-3.308117,3.956370,8.647536,-1,2
68475,575538,705.740409,36383.569251,36383.678722,1, 0, 0, 1,3.479842,-2.007332,-9.548885,-1,5
68475,575539,705.797386,36383.626228,36383.735700,1, 0, 0, 1,0.757859,5.206868,18.056476,-1,2
68475,575540,705.871296,36383.700137,36383.809609,0, 0, 0, 0,-99.000000,-99.000000,-99.000000,-1,1
68475,575541,705.899078,36383.727919,36383.837391,1, 0, 0, 1,7.894288,-0.497744,-19.498151,-1,2
68475,575542,706.044163,36383.873005,36383.982477,1, 0, 0, 1,6.592025,-0.486348,10.561295,-1,2
68475,575543,706.133054,36383.961895,36384.071367,1, 0, 0, 1,0.909403,4.148631,8.025773,-1,2
68475,575544,706.154227,36383.983068,36384.092541,1, 0, 0, 1,-10.730221,1.059296,8.847965,-1,2
68475,575545,706.383595,36384.212436,36384.321909,1, 0, 0, 1,4.477211,-12.261344,11.169283,-1,2
68475,575546,706.565113,36384.393953,36384.503426,1, 0, 0, 1,-5.557196,6.114249,2.056822,-1,3
68475,575547,707.053131,36384.881971,36384.991445,0, 0, 0, 0,-99.000000,-99.000000,-99.000000,-1,1
68475,575548,707.124808,36384.953647,36385.063121,1, 0, 0, 1,5.321428,-1.962973,-18.330559,-1,2
68475,575549,707.555641,36385.384479,36385.493954,1, 0, 0, 1,-2.321526,-5.662668,19.319552,-1,2
68475,575550,707.587234,36385.416072,36385.525547,1, 0, 0, 1,5.015958,4.664536,11.466004,-1,2
68475,575551,707.605643,36385.434481,36385.543956,0, 0, 0, 0,-99.000000,-99.000000,-99.000000,-1,1
68475,575552,707.765200,36385.594038,36385.703514,1, 0, 0, 1,3.008011,5.792237,-14.421364,-1,2
68475,575553,707.766140,36385.594978,36385.704453,1, 0, 0, 1,-6.548508,-0.746227,-6.182885,-1,2
68475,575554,707.888440,36385.717278,36385.826754,0, 0, 0, 0,-99.000000,-99.000000,-99.000000,-1,1
68475,575555,708.011321,36385.840158,36385.949634,1, 0, 0, 1,-4.416388,-4.236905,-17.779215,-1,2
68475,575556,708.172153,36386.000990,36386.110466,0, 0, 0, 0,-99.000000,-99.000000,-99.000000,-1,1
68475,575557,708.199987,36386.028824,36386.138301,1, 0, 0, 1,-1.953953,-5.207167,-8.131959,-1,2
68475,575558,708.232889,36386.061726,36386.171203,1, 0, 0, 1,-4.355555,-6.610142,8.726068,-1,2
68475,575559,708.419795,36386.248632,36386.358109,0, 0, 0, 0,-99.000000,-99.000000,-99.000000,-1,1
68475,575560,708.483944,36386.312780,36386.422257,1, 0, 0, 1,1.580725,-1.723761,3.450868,-1,2
68475,575561,708.505935,36386.334771,36386.444248,1, 0, 0, 1,-5.007608,-0.017716,-8.643709,-1,2
68475,575562,708.540925,36386.369761,36386.479238,1, 0, 0, 1,-5.526174,3.484667,-0.114434,-1,2
68475,575563,708.550404,36386.379241,36386.488718,0, 0, 0, 0,-99.000000,-99.000000,-99.000000,-1,0
68475,575564,708.732429,36386.561265,36386.670742,1, 0, 0, 1,-2.264144,1.865549,-12.335859,-1,2
68475,575565,708.753209,36386.582045,36386.691523,1, 0, 0, 1,-3.730293,-4.940216,-0.565238,-1,2
68475,575566,708.771467,36386.600303,36386.709781,1, 0, 0, 1,-3.946478,6.135923,-16.877337,-1,2
68475,575567,708.822612,36386.651447,36386.760925,0, 0, 0, 0,-99.000000,-99.000000,-99.000000,-1,0
68475,575568,708.835947,36386.664782,36386.774260,1, 0, 0, 1,-7.629195,2.397338,20.473451,-1,2
68475,575569,709.004390,36386.833226,36386.942704,1, 0, 0, 1,-1.711206,7.127280,-1.561496,-1,2
68475,575570,709.028376,36386.857212,36386.966690,0, 0, 0, 0,-99.000000,-99.000000,-99.000000,-1,1
68475,575571,709.314922,36387.143757,36387.253236,0, 0, 0, 0,-99.000000,-99.000000,-99.000000,-1,1
68475,575572,709.531767,36387.360601,36387.470080,0, 0, 0, 0,-99.000000,-99.000000,-99.000000,-1,1
68475,575573,709.664491,36387.493325,36387.602805,0, 0, 0, 0,-99.000000,-99.000000,-99.000000,-1,1
68475,575574,709.665276,36387.494111,36387.603590,0, 0, 0, 0,-99.000000,-99.000000,-99.000000,-1,1
68475,575575,709.866416,36387.695249,36387.804729,1, 0, 0, 1,8.773084,-0.813370,-2.757214,-1,2
68475,575576,710.046615,36387.875449,36387.984929,1, 0, 0, 1,0.676917,2.695781,-2.165239,-1,2
68475,575577,710.125844,36387.954678,36388.064158,1, 0, 0, 1,6.047404,2.374715,-9.763743,-1,2
68475,575578,710.153526,36387.982359,36388.091839,0, 0, 0, 0,-99.000000,-99.000000,-99.000000,-1,0
68475,575579,710.210446,36388.039279,36388.148759,0, 0, 0, 0,-99.000000,-99.000000,-99.000000,-1,1
68475,575580,710.219923,36388.048756,36388.158236,1, 0, 0, 1,-3.240000,-1.559433,1.046832,-1,2
68475,575581,710.537512,36388.366344,36388.475826,1, 0, 0, 1,5.179145,-12.930805,-8.322521,-1,2
68475,575582,710.632512,36388.461344,36388.570825,0, 0, 0, 0,-99.000000,-99.000000,-99.000000,-1,1
68475,575583,710.702347,36388.531179,36388.640661,1, 0, 0, 1,3.296930,-1.523234,-9.017968,-1,2
68475,575584,710.716483,36388.545315,36388.654797,1, 0, 0, 1,0.488517,-3.252529,-3.019903,-1,2
68475,575585,710.806295,36388.635127,36388.744608,0, 0, 0, 0,-99.000000,-99.000000,-99.000000,-1,1
68475,575586,710.895831,36388.724663,36388.834144,1, 0, 0, 1,7.637402,-1.941327,6.679675,-1,2
68475,575587,711.111381,36388.940212,36389.049694,0, 0, 0, 0,-99.000000,-99.000000,-99.000000,-1,0
68475,575588,711.121256,36388.950088,36389.059570,1, 0, 0, 1,3.236374,-2.599675,-17.878320,-1,2
68475,575589,711.181533,36389.010364,36389.119847,1, 0, 0, 1,5.307705,5.902511,13.602414,-1,2
68475,575590,711.233855,36389.062686,36389.172169,1, 1, 0, 1,1.893872,0.756558,-1.842155,-1,2
68475,575591,711.288488,36389.117319,36389.226801,1, 0, 0, 1,0.336530,-3.284972,21.547566,-1,3
68475,575592,711.448865,36389.277696,36389.387179,1, 0, 0, 1,-5.587420,3.026898,13.800742,-1,2
68475,575593,711.491917,36389.320747,36389.430230,0, 0, 0, 0,-99.000000,-99.000000,-99.000000,-1,1
68475,575594,711.544275,36389.373106,36389.482589,1, 0, 0, 1,1.631258,3.358262,-4.528344,-1,2
68475,575595,711.577121,36389.405951,36389.515434,1, 0, 0, 1,-9.081925,-3.132483,-16.785404,-1,4
68475,575596,711.828709,36389.657539,36389.767022,0, 0, 0, 0,-99.000000,-99.000000,-99.000000,-1,0
68475,575597,711.988881,36389.817710,36389.927194,1, 0, 0, 1,-6.827010,2.326027,-17.227304,-1,2
68475,575598,712.119307,36389.948136,36390.057620,1, 0, 0, 1,-6.638555,-1.123726,-10.542560,-1,2
68475,575599,712.144900,36389.973729,36390.083214,0, 0, 0, 0,-99.000000,-99.000000,-99.000000,-1,0
68475,575600,712.195604,36390.024433,36390.133917,1, 0, 0, 1,-3.406095,-3.055388,-4.768024,-1,8
68475,575601,712.224194,36390.053023,36390.162508,1, 0, 0, 1,-2.545829,0.360094,10.453759,-1,2
68475,575602,712.275221,36390.104050,36390.213534,1, 0, 0, 1,1.695601,4.741322,-12.218312,-1,2
68475,575603,712.281899,36390.110728,36390.220212,1, 0, 0, 1,-2.750201,-1.169249,9.689926,-1,2
68475,575604,712.288305,36390.117134,36390.226618,1, 0, 0, 1,3.646950,-3.879465,14.289081,-1,2
68475,575605,712.440393,36390.269222,36390.378707,1, 0, 0, 1,0.035112,0.358995,-10.245823,-1,2
68475,575606,712.563091,36390.391919,36390.501404,1, 0, 0, 1,7.008927,3.328165,11.828887,-1,2
68475,575607,712.699912,36390.528740,36390.638226,1, 0, 0, 1,-3.673901,1.438250,-11.212871,-1,2
68475,575608,712.748466,36390.577294,36390.686779,1, 0, 0, 1,-2.420219,-3.253414,6.407710,-1,2
68475,575609,712.762547,36390.591375,36390.700861,1, 0, 0, 1,-3.129470,7.512814,-7.600603,-1,2
68475,575610,712.879162,36390.707989,36390.817475,1, 0, 0, 1,5.405234,4.183312,9.594603,-1,2
68475,575611,712.897696,36390.726523,36390.836009,1, 0, 0, 1,-4.392187,-5.094731,10.277331,-1,2
68475,575612,712.972302,36390.801129,36390.910615,1, 0, 0, 1,3.716122,7.309483,4.550161,-1,2
68475,575613,712.997867,36390.826694,36390.936180,1, 0, 0, 1,-7.639358,3.609236,2.602957,-1,2
68475,575614,713.079171,36390.907999,36391.017485,1, 0, 0, 1,-2.987397,-2.500276,-3.306824,-1,2
68475,575615,713.212097,36391.040924,36391.150411,0, 0, 0, 0,-99.000000,-99.000000,-99.000000,-1,1
68475,575616,713.264598,36391.093425,36391.202911,1, 0, 0, 1,1.694138,6.114687,11.434641,-1,2
68475,575617,713.275913,36391.104740,36391.214227,1, 0, 0, 1,4.847258,0.921746,-0.385019,-1,2
68475,575618,713.367542,36391.196369,36391.305856,1, 0, 0, 1,-2.564013,-10.193998,-14.696255,-1,2
68475,575619,713.430866,36391.259692,36391.369179,1, 0, 0, 1,3.182250,-6.168556,-7.635402,-1,2
68475,575620,713.467757,36391.296583,36391.406070,0, 0, 0, 0,-99.000000,-99.000000,-99.000000,-1,1
68475,575621,713.941131,36391.769956,36391.879444,1, 0, 0, 1,6.501772,2.511249,10.087953,-1,2
68475,575622,714.054466,36391.883292,36391.992780,1, 0, 0, 1,-3.079900,-5.723342,-17.559640,-1,2
68475,575623,714.080323,36391.909148,36392.018636,1, 0, 0, 1,-6.084244,6.658251,7.864793,-1,2
68475,575624,714.157988,36391.986813,36392.096302,1, 0, 0, 1,-5.846775,0.492194,-1.031683,-1,2
68475,575625,714.237231,36392.066056,36392.175544,0, 0, 0, 0,-99.000000,-99.000000,-99.000000,-1,0
68475,575626,714.436028,36392.264853,36392.374342,1, 0, 0, 1,-0.913424,-4.559416,2.649020,-1,2
68475,575627,714.442095,36392.270919,36392.380408,1, 0, 0, 1,2.600782,7.852364,7.856913,-1,2
68475,575628,714.551422,36392.380246,36392.489735,1, 0, 0, 1,4.883308,-1.831763,18.535943,-1,2
68475,575629,715.003853,36392.832677,36392.942167,1, 0, 0, 1,3.847987,6.479994,2.191387,-1,2
68475,575630,715.331140,36393.159963,36393.269454,1, 0, 0, 1,1.838819,-9.055875,22.105388,-1,2
68475,575631,715.440044,36393.268866,36393.378357,0, 0, 0, 0,-99.000000,-99.000000,-99.000000,-1,0
68475,575632,715.481314,36393.310137,36393.419628,1, 0, 0, 1,4.780758,-1.271059,6.710227,-1,2
68475,575633,715.491539,36393.320362,36393.429853,1, 0, 0, 1,-7.839058,2.782434,-9.806728,-1,2
68475,575634,715.556354,36393.385176,36393.494667,0, 0, 0, 0,-99.000000,-99.000000,-99.000000,-1,1
68475,575635,715.661653,36393.490476,36393.599967,1, 0, 0, 1,-1.550589,6.667617,-8.635985,-1,2
68475,575636,715.880634,36393.709456,36393.818948,1, 0, 0, 1,-7.143262,-0.263337,-17.053836,-1,2
68475,575637,715.969623,36393.798445,36393.907937,1, 0, 0, 1,-3.179276,0.130614,5.476263,-1,2
68475,575638,716.145398,36393.974219,36394.083712,1, 0, 0, 1,-0.715889,-5.301494,4.991635,-1,2
68475,575639,716.182605,36394.011425,36394.120918,0, 0, 0, 0,-99.000000,-99.000000,-99.000000,-1,1
68475,575640,716.338820,36394.167641,36394.277134,1, 0, 0, 1,4.438885,9.999981,9.915705,-1,3
68475,575641,716.383813,36394.212634,36394.322126,0, 0, 0, 0,-99.000000,-99.000000,-99.000000,-1,0
68475,575642,716.418045,36394.246866,36394.356359,1, 0, 0, 1,2.893349,-5.030665,9.602666,-1,2
68475,575643,716.427343,36394.256164,36394.365657,0, 0, 0, 0,-99.000000,-99.000000,-99.000000,-1,1
68475,575644,716.488005,36394.316825,36394.426318,0, 0, 0, 0,-99.000000,-99.000000,-99.000000,-1,0
68475,575645,716.512588,36394.341408,36394.450902,1, 0, 0, 1,0.233147,-9.070964,0.915158,-1,2
68475,575646,716.688172,36394.516992,36394.626485,1, 0, 0, 1,7.315555,2.101607,6.096324,-1,2
68475,575647,716.847690,36394.676510,36394.786003,1, 0, 0, 1,-7.336108,0.075935,-11.278318,-1,2
68475,575648,716.907846,36394.736666,36394.846160,1, 0, 0, 1,-0.419143,-1.549874,11.867229,-1,2
68475,575649,716.934956,36394.763776,36394.873270,0, 0, 0, 0,-99.000000,-99.000000,-99.000000,-1,1
68475,575650,716.964831,36394.793651,36394.903145,1, 0, 0, 1,1.581361,-8.238765,-3.792749,-1,2
68475,575651,717.129937,36394.958756,36395.068251,0, 0, 0, 0,-99.000000,-99.000000,-99.000000,-1,1
68475,575652,717.170797,36394.999616,36395.109110,1, 0, 0, 1,-0.109720,-2.173092,17.638948,-1,2
68475,575653,717.305447,36395.134266,36395.243760,1, 0, 0, 1,2.333449,7.251374,-0.031041,-1,2
68475,575654,717.630194,36395.459013,36395.568508,0, 0, 0, 0,-99.000000,-99.000000,-99.000000,-1,1
68475,575655,717.665548,36395.494366,36395.603861,1, 0, 0, 1,-6.452006,-3.131867,13.673549,-1,2
68475,575656,717.683337,36395.512155,36395.621651,1, 0, 0, 1,-0.824860,7.046811,8.221818,-1,2
68475,575657,717.843621,36395.672438,36395.781934,0, 0, 0, 0,-99.000000,-99.000000,-99.000000,-1,1
68475,575658,717.968997,36395.797815,36395.907311,1, 0, 0, 1,-5.370852,-3.196232,-9.882518,-1,2
68475,575659,718.012399,36395.841216,36395.950712,0, 0, 0, 0,-99.000000,-99.000000,-99.000000,-1,0
68475,575660,718.036408,36395.865225,36395.974721,0, 0, 0, 0,-99.000000,-99.000000,-99.000000,-1,0
68475,575661,718.037544,36395.866361,36395.975857,1, 0, 0, 1,-4.070125,8.969733,-19.131566,-1,2
68475,575662,718.058101,36395.886918,36395.996414,1, 0, 0, 1,6.739284,2.232977,10.726422,-1,2
68475,575663,718.342918,36396.171734,36396.281231,0, 0, 0, 0,-99.000000,-99.000000,-99.000000,-1,1
68475,575664,718.386330,36396.215146,36396.324643,0, 0, 0, 0,-99.000000,-99.000000,-99.000000,-1,1
68475,575665,718.464072,36396.292888,36396.402385,1, 0, 0, 1,-1.944471,6.527407,9.681521,-1,2
68475,575666,718.573593,36396.402409,36396.511906,1, 0, 0, 1,6.749173,-1.745729,-9.553999,-1,2
68475,575667,718.596625,36396.425441,36396.534939,0, 0, 0, 0,-99.000000,-99.000000,-99.000000,-1,1
68475,575668,718.668517,36396.497333,36396.606831,0, 0, 0, 0,-99.000000,-99.000000,-99.000000,-1,1
68475,575669,718.672061,36396.500877,36396.610374,1, 0, 0, 1,-1.482659,-1.275587,-18.711921,-1,2
68475,575670,718.830503,36396.659318,36396.768816,1, 0, 0, 1,3.364638,-9.370774,-0.775968,-1,2
68475,575671,719.024768,36396.853583,36396.963081,1, 0, 0, 1,3.083686,2.850573,9.288056,-1,2
68475,575672,719.126143,36396.954958,36397.064456,1, 0, 0, 1,-1.584230,3.094274,8.430915,-1,2
68475,575673,719.241250,36397.070065,36397.179563,1, 0, 0, 1,-3.247815,-1.865830,0.225532,-1,2
68475,575674,719.270095,36397.098910,36397.208408,0, 0, 0, 0,-99.000000,-99.000000,-99.000000,-1,0
68475,575675,719.352407,36397.181222,36397.290721,0, 0, 0, 0,-99.000000,-99.000000,-99.000000,-1,0
68475,575676,719.433551,36397.262365,36397.371864,0, 0, 0, 0,-99.000000,-99.000000,-99.000000,-1,1
68475,575677,719.619135,36397.447949,36397.557448,1, 0, 0, 1,-3.567735,0.395315,-13.090231,-1,2
68475,575678,719.625574,36397.454389,36397.563888,0, 0, 0, 0,-99.000000,-99.000000,-99.000000,-1,0
68475,575679,720.057565,36397.886378,36397.995879,1, 0, 0, 1,-5.063079,-2.552376,-15.917427,-1,2
68475,575680,720.079639,36397.908453,36398.017953,0, 0, 0, 0,-99.000000,-99.000000,-99.000000,-1,1
68475,575681,720.131751,36397.960564,36398.070064,1, 1, 1, 1,0.150983,1.604232,8.589179,-1,6
68475,575682,720.252018,36398.080831,36398.190332,0, 0, 0, 0,-99.000000,-99.000000,-99.000000,-1,0
68475,575683,720.283746,36398.112559,36398.222059,1, 0, 0, 1,-6.977963,2.337943,-12.452246,-1,2
68475,575684,720.339602,36398.168414,36398.277915,1, 0, 0, 1,6.654041,-1.736042,9.821633,-1,2
68475,575685,720.354087,36398.182899,36398.292400,1, 0, 0, 1,-2.562646,4.649948,6.097295,-1,2
68475,575686,720.583078,36398.411890,36398.521392,0, 0, 0, 0,-99.000000,-99.000000,-99.000000,-1,1
68475,575687,720.656221,36398.485033,36398.594535,1, 0, 0, 1,6.481340,2.347846,6.969987,-1,2
68475,575688,720.671551,36398.500363,36398.609865,1, 0, 0, 1,-3.872692,-3.495438,-0.393533,-1,2
68475,575689,721.012709,36398.841520,36398.951023,1, 0, 0, 1,2.042336,-2.365508,4.659586,-1,2
68475,575690,721.115505,36398.944316,36399.053818,1, 0, 0, 1,2.255537,5.878923,-3.734667,-1,2
68475,575691,721.271480,36399.100290,36399.209793,1, 0, 0, 1,0.930110,-3.943584,7.867384,-1,2
68475,575692,721.271953,36399.100764,36399.210267,1, 0, 0, 1,2.573137,4.431905,5.491921,-1,2
68475,575693,721.403362,36399.232173,36399.341676,0, 0, 0, 0,-99.000000,-99.000000,-99.000000,-1,1
68475,575694,721.456663,36399.285473,36399.394976,1, 0, 0, 1,-4.867613,5.501002,-5.181141,-1,2
68475,575695,721.466201,36399.295012,36399.404515,1, 0, 0, 1,7.532417,-2.217688,-13.234374,-1,2
68475,575696,721.506941,36399.335752,36399.445255,0, 0, 0, 0,-99.000000,-99.000000,-99.000000,-1,1
68475,575697,721.587855,36399.416665,36399.526169,1, 0, 0, 1,4.458620,-0.578357,4.317557,-1,2
68475,575698,721.776978,36399.605787,36399.715291,0, 0, 0, 0,-99.000000,-99.000000,-99.000000,-1,1
68475,575699,721.817846,36399.646656,36399.756160,1, 0, 0, 1,0.886447,-1.316315,6.195894,-1,2
68475,575700,721.873471,36399.702281,36399.811785,0, 0, 0, 0,-99.000000,-99.000000,-99.000000,-1,0
68475,575701,721.962931,36399.791741,36399.901245,0, 0, 0, 0,-99.000000,-99.000000,-99.000000,-1,1
68475,575702,722.116842,36399.945651,36400.055156,1, 0, 0, 1,-4.139379,5.061653,7.020900,-1,2
68475,575703,722.143565,36399.972374,36400.081878,1, 0, 0, 1,-5.482583,3.474642,4.906154,-1,2
68475,575704,722.176164,36400.004973,36400.114478,1, 0, 0, 1,-10.301283,7.302622,10.033923,-1,2
68475,575705,722.228916,36400.057725,36400.167229,0, 0, 0, 0,-99.000000,-99.000000,-99.000000,-1,0
68475,575706,722.287026,36400.115835,36400.225340,1, 0, 0, 1,-5.999349,2.185960,-3.669856,-1,2
68475,575707,722.491986,36400.320794,36400.430299,0, 0, 0, 0,-99.000000,-99.000000,-99.000000,-1,1
68475,575708,722.494674,36400.323482,36400.432987,1, 0, 0, 1,1.843784,-4.901566,9.750514,-1,2
68475,575709,722.527627,36400.356435,36400.465940,1, 0, 0, 1,-2.879957,-3.923302,-16.739064,-1,2
68475,575710,722.584737,36400.413545,36400.523050,1, 0, 0, 1,6.169342,-4.089125,7.535827,-1,2
68475,575711,722.815634,36400.644441,36400.753947,0, 0, 0, 0,-99.000000,-99.000000,-99.000000,-1,0
68475,575712,723.102452,36400.931259,36401.040765,1, 0, 0, 1,-7.330797,2.821708,3.190351,-1,2
68475,575713,723.141690,36400.970497,36401.080003,1, 0, 0, 1,1.744662,1.444195,2.672104,-1,2
68475,575714,723.147683,36400.976490,36401.085997,1, 0, 0, 1,-1.877082,-11.227786,10.286941,-1,2
68475,575715,723.287397,36401.116204,36401.225711,0, 0, 0, 0,-99.000000,-99.000000,-99.000000,-1,1
68475,575716,723.353655,36401.182461,36401.291968,1, 0, 0, 1,-7.422331,0.372607,-11.679493,-1,2
68475,575717,723.535201,36401.364008,36401.473515,0, 0, 0, 0,-99.000000,-99.000000,-99.000000,-1,0
68475,575718,723.706084,36401.534890,36401.644398,1, 0, 0, 1,-1.778666,-0.251842,14.004834,-1,2
68475,575719,723.764963,36401.593769,36401.703276,1, 0, 0, 1,-2.335751,-12.189511,6.529793,-1,2
68475,575720,724.105955,36401.934760,36402.044269,1, 0, 0, 1,3.791864,-6.959022,-3.107176,-1,2
68475,575721,724.232445,36402.061250,36402.170759,0, 0, 0, 0,-99.000000,-99.000000,-99.000000,-1,1
68475,575722,724.421633,36402.250437,36402.359946,1, 0, 0, 1,4.412859,-3.666272,-8.247498,-1,2
68475,575723,724.632719,36402.461523,36402.571032,0, 0, 0, 0,-99.000000,-99.000000,-99.000000,-1,1
68475,575724,724.719503,36402.548307,36402.657816,1, 0, 0, 1,0.590532,2.004188,-7.462120,-1,2
68475,575725,724.844377,36402.673180,36402.782690,0, 0, 0, 0,-99.000000,-99.000000,-99.000000,-1,1
68475,575726,724.885638,36402.714442,36402.823952,0, 0, 0, 0,-99.000000,-99.000000,-99.000000,-1,1
68475,575727,724.970023,36402.798827,36402.908337,0, 0, 0, 0,-99.000000,-99.000000,-99.000000,-1,0
68475,575728,725.013294,36402.842097,36402.951607,1, 0, 0, 1,4.469276,-3.121952,4.897440,-1,2
68475,575729,725.021854,36402.850657,36402.960168,0, 0, 0, 0,-99.000000,-99.000000,-99.000000,-1,1
68475,575730,725.209586,36403.038389,36403.147899,1, 0, 0, 1,-6.501068,0.803879,9.765540,-1,2
68475,575731,725.268565,36403.097368,36403.206879,1, 0, 0, 1,3.658205,3.395045,-9.666351,-1,2
68475,575732,725.357717,36403.186520,36403.296031,0, 0, 0, 0,-99.000000,-99.000000,-99.000000,-1,1
68475,575733,725.579504,36403.408306,36403.517818,1, 0, 0, 1,0.176992,0.805124,0.024711,-1,2
68475,575734,725.592147,36403.420949,36403.530461,0, 0, 0, 0,-99.000000,-99.000000,-99.000000,-1,0
68475,575735,725.608473,36403.437275,36403.546786,0, 0, 0, 0,-99.000000,-99.000000,-99.000000,-1,1
68475,575736,725.643714,36403.472516,36403.582027,1, 0, 0, 1,-0.688400,-4.170268,5.273903,-1,2
68475,575737,725.687266,36403.516068,36403.625579,1, 0, 0, 1,-2.528041,-5.555890,12.738550,-1,2
68475,575738,725.737513,36403.566314,36403.675826,0, 0, 0, 0,-99.000000,-99.000000,-99.000000,-1,1
68475,575739,725.782440,36403.611242,36403.720754,1, 0, 0, 1,-7.796978,-5.641000,3.232576,-1,2
68475,575740,725.841438,36403.670239,36403.779751,0, 0, 0, 0,-99.000000,-99.000000,-99.000000,-1,1
68475,575741,726.002580,36403.831381,36403.940893,0, 0, 0, 0,-99.000000,-99.000000,-99.000000,-1,0
68475,575742,726.070621,36403.899422,36404.008934,0, 0, 0, 0,-99.000000,-99.000000,-99.000000,-1,1
68475,575743,726.280768,36404.109569,36404.219082,0, 0, 0, 0,-99.000000,-99.000000,-99.000000,-1,1
68475,575744,726.440550,36404.269351,36404.378864,1, 0, 0, 1,6.535118,-5.299947,-5.502605,-1,2
68475,575745,726.606073,36404.434873,36404.544386,1, 0, 0, 1,-0.322809,-0.977122,-9.292152,-1,2
68475,575746,726.636263,36404.465063,36404.574577,0, 0, 0, 0,-99.000000,-99.000000,-99.000000,-1,1
68475,575747,726.811131,36404.639931,36404.749445,1, 0, 0, 1,3.875403,1.160541,-0.294790,-1,2
68475,575748,727.175991,36405.004790,36405.114305,0, 0, 0, 0,-99.000000,-99.000000,-99.000000,-1,0
68475,575749,727.238341,36405.067139,36405.176654,1, 0, 0, 1,-0.142890,9.879625,-3.848635,-1,2
68475,575750,727.770028,36405.598826,36405.708342,1, 0, 0, 1,3.835981,-4.661349,-0.677308,-1,2
68475,575751,727.904188,36405.732985,36405.842502,1, 0, 0, 1,-5.798553,0.745213,-10.077049,-1,2
68475,575752,728.085881,36405.914678,36406.024194,1, 0, 0, 1,6.190894,6.994963,4.520797,-1,2
68475,575753,728.341173,36406.169970,36406.279487,1, 0, 0, 1,6.302044,-5.810636,-7.017359,-1,2
68475,575754,728.347786,36406.176582,36406.286099,0, 0, 0, 0,-99.000000,-99.000000,-99.000000,-1,0
68475,575755,728.615340,36406.444136,36406.553653,1, 0, 0, 1,6.195008,-1.071853,3.290750,-1,2
68475,575756,728.647033,36406.475829,36406.585347,0, 0, 0, 0,-99.000000,-99.000000,-99.000000,-1,1
68475,575757,728.790078,36406.618874,36406.728392,1, 0, 0, 1,0.640610,-3.044054,-3.727831,-1,2
68475,575758,728.793894,36406.622689,36406.732207,1, 0, 0, 1,-7.420437,1.719058,-11.307400,-1,2
68475,575759,728.855381,36406.684177,36406.793695,1, 1, 0, 1,1.757986,1.478955,2.506892,-1,3
68475,575760,728.999207,36406.828002,36406.937520,1, 0, 0, 1,-4.528650,0.724632,-19.352032,-1,2
68475,575761,729.064175,36406.892970,36407.002488,1, 0, 0, 1,-6.688339,4.785376,4.935242,-1,2
68475,575762,729.139502,36406.968297,36407.077815,1, 0, 0, 1,0.010461,5.199814,-16.352174,-1,2
68475,575763,729.202162,36407.030957,36407.140475,1, 0, 0, 1,5.873847,-1.308149,6.403448,-1,2
68475,575764,729.205403,36407.034198,36407.143717,0, 0, 0, 0,-99.000000,-99.000000,-99.000000,-1,0
68475,575765,729.241042,36407.069837,36407.179355,1, 0, 0, 1,-12.762826,1.805674,8.759440,-1,2
68475,575766,729.281552,36407.110346,36407.219865,1, 0, 0, 1,8.930430,7.841146,-17.768735,-1,5
68475,575767,729.501751,36407.330545,36407.440064,0, 0, 0, 0,-99.000000,-99.000000,-99.000000,-1,0
68475,575768,729.533264,36407.362058,36407.471577,1, 0, 0, 1,-4.190622,2.848009,-6.716339,-1,2
68475,575769,729.670311,36407.499105,36407.608625,0, 0, 0, 0,-99.000000,-99.000000,-99.000000,-1,1
68475,575770,729.820429,36407.649222,36407.758742,0, 0, 0, 0,-99.000000,-99.000000,-99.000000,-1,0
68475,575771,729.863137,36407.691930,36407.801450,1, 0, 0, 1,3.049511,-9.430324,-12.213022,-1,2
68475,575772,729.864304,36407.693098,36407.802618,0, 0, 0, 0,-99.000000,-99.000000,-99.000000,-1,0
68475,575773,729.995215,36407.824008,36407.933528,1, 0, 0, 1,-4.337654,-1.643465,14.456585,-1,2
68475,575774,730.298421,36408.127213,36408.236734,0, 0, 0, 0,-99.000000,-99.000000,-99.000000,-1,0
68475,575775,730.381822,36408.210614,36408.320136,1, 0, 0, 1,6.279823,-3.198816,14.345701,-1,2
68475,575776,730.419509,36408.248301,36408.357822,0, 0, 0, 0,-99.000000,-99.000000,-99.000000,-1,0
68475,575777,730.571531,36408.400323,36408.509844,1, 0, 0, 1,9.417027,-9.183831,5.746798,-1,2
68475,575778,730.802697,36408.631488,36408.741010,0, 0, 0, 0,-99.000000,-99.000000,-99.000000,-1,1
68475,575779,730.834772,36408.663564,36408.773086,0, 0, 0, 0,-99.000000,-99.000000,-99.000000,-1,1
68475,575780,730.857204,36408.685996,36408.795518,0, 0, 0, 0,-99.000000,-99.000000,-99.000000,-1,1
68475,575781,731.082712,36408.911503,36409.021026,0, 0, 0, 0,-99.000000,-99.000000,-99.000000,-1,0
68475,575782,731.367831,36409.196621,36409.306144,0, 0, 0, 0,-99.000000,-99.000000,-99.000000,-1,1
68475,575783,731.627987,36409.456777,36409.566301,0, 0, 0, 0,-99.000000,-99.000000,-99.000000,-1,1
68475,575784,731.647026,36409.475816,36409.585340,1, 0, 0, 1,-15.721092,5.677589,15.467635,-1,2
68475,575785,731.755421,36409.584211,36409.693734,0, 0, 0, 0,-99.000000,-99.000000,-99.000000,-1,1
68475,575786,732.079697,36409.908486,36410.018011,0, 0, 0, 0,-99.000000,-99.000000,-99.000000,-1,0
68475,575787,732.215321,36410.044110,36410.153635,1, 0, 0, 1,7.344274,3.001229,16.826772,-1,2
68475,575788,732.290261,36410.119049,36410.228574,0, 0, 0, 0,-99.000000,-99.000000,-99.000000,-1,0
68475,575789,732.294392,36410.123180,36410.232705,0, 0, 0, 0,-99.000000,-99.000000,-99.000000,-1,1
68475,575790,732.317881,36410.146669,36410.256194,1, 0, 0, 1,-2.523807,-1.658801,-3.769464,-1,2
68475,575791,732.322393,36410.151181,36410.260706,0, 0, 0, 0,-99.000000,-99.000000,-99.000000,-1,1
68475,575792,732.333907,36410.162696,36410.272221,1, 0, 0, 1,0.963609,6.056651,17.087660,-1,2
68475,575793,732.443817,36410.272605,36410.382130,1, 0, 0, 1,6.903623,0.908962,13.184583,-1,2
68475,575794,732.554826,36410.383614,36410.493140,1, 0, 0, 1,-2.761150,5.515221,6.942966,-1,2
68475,575795,732.675258,36410.504046,36410.613571,1, 0, 0, 1,3.538587,0.475492,-12.076085,-1,2
68475,575796,732.684186,36410.512974,36410.622500,0, 0, 0, 0,-99.000000,-99.000000,-99.000000,-1,1
68475,575797,732.742577,36410.571365,36410.680891,0, 0, 0, 0,-99.000000,-99.000000,-99.000000,-1,1
68475,575798,732.858943,36410.687731,36410.797257,0, 0, 0, 0,-99.000000,-99.000000,-99.000000,-1,1
68475,575799,732.898649,36410.727437,36410.836963,0, 0, 0, 0,-99.000000,-99.000000,-99.000000,-1,1
68475,575800,732.992360,36410.821147,36410.930674,0, 0, 0, 0,-99.000000,-99.000000,-99.000000,-1,1
68475,575801,733.004180,36410.832967,36410.942493,0, 0, 0, 0,-99.000000,-99.000000,-99.000000,-1,0
68475,575802,733.132442,36410.961229,36411.070756,1, 0, 0, 1,1.872429,-5.064403,5.044064,-1,2
68475,575803,733.262796,36411.091583,36411.201109,0, 0, 0, 0,-99.000000,-99.000000,-99.000000,-1,1
68475,575804,733.400533,36411.229320,36411.338847,0, 0, 0, 0,-99.000000,-99.000000,-99.000000,-1,0
68475,575805,733.616842,36411.445628,36411.555156,1, 0, 0, 1,-5.214518,-6.449373,13.445401,-1,2
68475,575806,733.665162,36411.493948,36411.603476,1, 0, 0, 1,6.763308,2.428879,14.303685,-1,2
68475,575807,733.772734,36411.601519,36411.711047,1, 0, 0, 1,-2.901795,-3.931202,-4.126043,-1,2
68475,575808,733.780350,36411.609135,36411.718663,0, 0, 0, 0,-99.000000,-99.000000,-99.000000,-1,1
68475,575809,733.971018,36411.799803,36411.909332,1, 0, 0, 1,-1.933108,2.363471,0.255039,-1,2
68475,575810,734.143874,36411.972659,36412.082187,1, 0, 0, 1,-6.518702,0.435051,-1.253120,-1,2
68475,575811,734.457016,36412.285800,36412.395329,1, 0, 0, 1,-3.819287,-1.287428,5.749284,-1,2
68475,575812,734.988418,36412.817201,36412.926732,0, 0, 0, 0,-99.000000,-99.000000,-99.000000,-1,1
68475,575813,735.030368,36412.859151,36412.968682,1, 0, 0, 1,-8.599951,-3.061286,-8.488521,-1,2
68475,575814,735.060825,36412.889608,36412.999138,1, 0, 0, 1,-7.607719,3.772092,-12.865633,-1,2
68475,575815,735.498999,36413.327781,36413.437313,1, 0, 0, 1,-5.045453,-0.081048,-5.210697,-1,2
68475,575816,735.757366,36413.586147,36413.695679,0, 0, 0, 0,-99.000000,-99.000000,-99.000000,-1,1
68475,575817,735.959633,36413.788414,36413.897946,1, 0, 0, 1,-5.981931,-3.654011,6.246559,-1,2
68475,575818,736.007363,36413.836144,36413.945677,1, 0, 0, 1,0.115700,-3.619403,-20.135112,-1,2
68475,575819,736.132827,36413.961608,36414.071140,1, 0, 0, 1,0.334921,5.193258,10.371649,-1,2
68475,575820,736.200467,36414.029247,36414.138780,1, 0, 0, 1,-0.442100,-0.601333,1.770557,-1,2
68475,575821,736.330300,36414.159081,36414.268614,0, 0, 0, 0,-99.000000,-99.000000,-99.000000,-1,1
68475,575822,736.409119,36414.237899,36414.347432,0, 0, 0, 0,-99.000000,-99.000000,-99.000000,-1,1
68475,575823,736.411808,36414.240588,36414.350121,0, 0, 0, 0,-99.000000,-99.000000,-99.000000,-1,1
68475,575824,736.725458,36414.554237,36414.663771,1, 0, 0, 1,-3.087801,-0.348197,-1.398255,-1,2
68475,575825,736.737518,36414.566297,36414.675831,0, 0, 0, 0,-99.000000,-99.000000,-99.000000,-1,1
68475,575826,736.786961,36414.615740,36414.725274,0, 0, 0, 0,-99.000000,-99.000000,-99.000000,-1,1
68475,575827,737.073490,36414.902269,36415.011804,1, 0, 0, 1,0.966560,10.347030,-7.737012,-1,2
68475,575828,737.202733,36415.031511,36415.141046,1, 0, 0, 1,-3.062794,-0.286874,13.709192,-1,2
68475,575829,737.381901,36415.210679,36415.320215,0, 0, 0, 0,-99.000000,-99.000000,-99.000000,-1,1
68475,575830,737.407716,36415.236494,36415.346029,1, 0, 0, 1,-0.289356,3.491315,7.378809,-1,2
68475,575831,737.797815,36415.626593,36415.736129,0, 0, 0, 0,-99.000000,-99.000000,-99.000000,-1,0
68475,575832,738.265872,36416.094648,36416.204185,0, 0, 0, 0,-99.000000,-99.000000,-99.000000,-1,1
68475,575833,738.303903,36416.132680,36416.242217,0, 0, 0, 0,-99.000000,-99.000000,-99.000000,-1,0
68475,575834,738.673248,36416.502023,36416.611561,0, 0, 0, 0,-99.000000,-99.000000,-99.000000,-1,1
68475,575835,738.813495,36416.642270,36416.751809,0, 0, 0, 0,-99.000000,-99.000000,-99.000000,-1,1
68475,575836,738.883592,36416.712367,36416.821906,0, 0, 0, 0,-99.000000,-99.000000,-99.000000,-1,1
68475,575837,739.088824,36416.917599,36417.027137,0, 0, 0, 0,-99.000000,-99.000000,-99.000000,-1,0
68475,575838,739.252429,36417.081203,36417.190742,0, 0, 0, 0,-99.000000,-99.000000,-99.000000,-1,0
68475,575839,739.597681,36417.426454,36417.535994,1, 0, 0, 1,5.963697,5.349802,14.004517,-1,2
68475,575840,739.847259,36417.676032,36417.785573,1, 0, 0, 1,-6.137822,-3.765132,-13.633348,-1,2
68475,575841,739.867401,36417.696174,36417.805715,1, 0, 0, 1,7.714832,-3.112919,3.103645,-1,2
68475,575842,739.881594,36417.710367,36417.819908,1, 0, 0, 1,4.015215,2.040777,19.423367,-1,2
68475,575843,739.973652,36417.802426,36417.911966,0, 0, 0, 0,-99.000000,-99.000000,-99.000000,-1,0
68475,575844,740.009459,36417.838232,36417.947773,0, 0, 0, 0,-99.000000,-99.000000,-99.000000,-1,1
68475,575845,740.053699,36417.882472,36417.992012,1, 0, 0, 1,-0.257864,1.984746,-17.300975,-1,2
68475,575846,740.079013,36417.907786,36418.017327,1, 0, 0, 1,-8.518858,1.114010,-9.886707,-1,2
68475,575847,740.090621,36417.919394,36418.028935,1, 0, 0, 1,3.628303,5.263278,-4.515341,-1,2
68475,575848,740.108533,36417.937306,36418.046846,1, 0, 0, 1,4.594742,-6.947334,4.255962,-1,2
68475,575849,740.168391,36417.997163,36418.106704,0, 0, 0, 0,-99.000000,-99.000000,-99.000000,-1,1
68475,575850,740.224874,36418.053647,36418.163188,1, 0, 0, 1,-0.602682,11.544041,-21.426640,-1,2
68475,575851,740.449188,36418.277960,36418.387501,0, 0, 0, 0,-99.000000,-99.000000,-99.000000,-1,0
68475,575852,740.558772,36418.387543,36418.497085,0, 0, 0, 0,-99.000000,-99.000000,-99.000000,-1,1
68475,575853,740.696939,36418.525711,36418.635253,1, 0, 0, 1,-6.340226,3.445060,4.703244,-1,2
68475,575854,740.748234,36418.577006,36418.686548,1, 0, 0, 1,-2.172114,-0.323199,-4.394374,-1,3
68475,575855,740.749190,36418.577961,36418.687503,0, 0, 0, 0,-99.000000,-99.000000,-99.000000,-1,1
68475,575856,740.909940,36418.738711,36418.848254,1, 1, 1, 1,-0.188920,-2.249668,-5.477195,-1,3
68475,575857,740.928021,36418.756792,36418.866334,1, 0, 0, 1,-0.976468,-7.924865,16.497262,-1,2
68475,575858,741.220162,36419.048933,36419.158476,0, 0, 0, 0,-99.000000,-99.000000,-99.000000,-1,0
68475,575859,741.310015,36419.138786,36419.248329,1, 0, 0, 1,2.619785,2.323485,-8.566644,-1,2
68475,575860,741.341947,36419.170717,36419.280261,1, 0, 0, 1,-7.273271,-3.489224,-13.419536,-1,2
68475,575861,741.542003,36419.370772,36419.480316,1, 0, 0, 1,2.793560,5.795942,11.704003,-1,2
68475,575862,741.605855,36419.434624,36419.544168,1, 0, 0, 1,-6.639021,-2.305987,9.773731,-1,2
68475,575863,741.770662,36419.599431,36419.708975,0, 0, 0, 0,-99.000000,-99.000000,-99.000000,-1,0
68475,575864,741.854212,36419.682981,36419.792526,0, 0, 0, 0,-99.000000,-99.000000,-99.000000,-1,0
68475,575865,741.900639,36419.729408,36419.838953,1, 0, 0, 1,-0.009239,-8.747782,-0.756150,-1,2
68475,575866,741.928100,36419.756869,36419.866413,0, 0, 0, 0,-99.000000,-99.000000,-99.000000,-1,1
68475,575867,742.102054,36419.930823,36420.040367,1, 0, 0, 1,2.981153,-2.890819,-6.104245,-1,2
68475,575868,742.103520,36419.932289,36420.041834,1, 0, 0, 1,-3.942679,0.619281,-2.436737,-1,2
68475,575869,742.224264,36420.053032,36420.162577,0, 0, 0, 0,-99.000000,-99.000000,-99.000000,-1,1
68475,575870,742.291917,36420.120685,36420.230230,1, 0, 0, 1,-3.075167,7.451353,15.146909,-1,3
68475,575871,742.360712,36420.189480,36420.299026,1, 0, 0, 1,-3.550958,5.541519,-3.063516,-1,2
68475,575872,742.394323,36420.223091,36420.332637,1, 0, 0, 1,0.471743,0.600512,18.588993,-1,2
68475,575873,742.409818,36420.238587,36420.348132,0, 0, 0, 0,-99.000000,-99.000000,-99.000000,-1,1
68475,575874,742.418730,36420.247498,36420.357043,1, 0, 0, 1,-5.508362,-5.994161,2.862981,-1,2
68475,575875,742.604419,36420.433186,36420.542732,1, 0, 0, 1,7.903247,-3.726336,15.252812,-1,2
68475,575876,742.961549,36420.790316,36420.899862,0, 0, 0, 0,-99.000000,-99.000000,-99.000000,-1,1
68475,575877,742.990369,36420.819136,36420.928683,1, 0, 0, 1,-1.340959,1.750143,-13.346963,-1,2
68475,575878,743.015747,36420.844514,36420.954060,1, 0, 0, 1,-2.589124,-0.566417,10.663267,-1,2
68475,575879,743.217960,36421.046726,36421.156273,0, 0, 0, 0,-99.000000,-99.000000,-99.000000,-1,0
68475,575880,743.381973,36421.210739,36421.320286,0, 0, 0, 0,-99.000000,-99.000000,-99.000000,-1,0
68475,575881,743.647156,36421.475921,36421.585469,0, 0, 0, 0,-99.000000,-99.000000,-99.000000,-1,1
68475,575882,743.730974,36421.559739,36421.669287,1, 0, 0, 1,1.083374,2.523115,-6.881685,-1,2
68475,575883,743.747611,36421.576376,36421.685925,0, 0, 0, 0,-99.000000,-99.000000,-99.000000,-1,1
68475,575884,743.914276,36421.743041,36421.852590,0, 0, 0, 0,-99.000000,-99.000000,-99.000000,-1,1
68475,575885,744.388062,36422.216827,36422.326376,1, 0, 0, 1,-0.593768,6.599450,7.709601,-1,2
68475,575886,744.406001,36422.234765,36422.344314,1, 0, 0, 1,-4.730965,2.475930,7.459646,-1,2
68475,575887,744.531161,36422.359925,36422.469475,1, 0, 0, 1,0.525466,1.341794,-12.938589,-1,2
68475,575888,744.685326,36422.514089,36422.623639,0, 0, 0, 0,-99.000000,-99.000000,-99.000000,-1,1
68475,575889,744.829003,36422.657766,36422.767316,1, 0, 0, 1,6.212596,-2.485746,-6.737739,-1,2
68475,575890,745.022758,36422.851521,36422.961071,0, 0, 0, 0,-99.000000,-99.000000,-99.000000,-1,1
68475,575891,745.205267,36423.034030,36423.143581,0, 0, 0, 0,-99.000000,-99.000000,-99.000000,-1,0
68475,575892,745.241144,36423.069907,36423.179458,1, 0, 0, 1,-4.157156,-2.177250,7.668134,-1,2
68475,575893,745.420556,36423.249318,36423.358869,0, 0, 0, 0,-99.000000,-99.000000,-99.000000,-1,1
68475,575894,745.523440,36423.352202,36423.461754,1, 0, 0, 1,1.748258,3.492762,-15.807245,-1,2
68475,575895,745.596928,36423.425690,36423.535242,1, 0, 0, 1,-5.082252,4.463078,8.707917,-1,2
68475,575896,745.668320,36423.497081,36423.606633,0, 0, 0, 0,-99.000000,-99.000000,-99.000000,-1,1
68475,575897,745.668682,36423.497444,36423.606996,1, 0, 0, 1,4.002171,-3.728999,-11.731371,-1,2
68475,575898,745.744476,36423.573238,36423.682790,0, 0, 0, 0,-99.000000,-99.000000,-99.000000,-1,1
68475,575899,745.961181,36423.789942,36423.899495,0, 0, 0, 0,-99.000000,-99.000000,-99.000000,-1,1
68475,575900,746.007966,36423.836727,36423.946279,1, 0, 0, 1,-1.466465,-2.660214,10.880640,-1,2
68475,575901,746.064585,36423.893346,36424.002899,0, 0, 0, 0,-99.000000,-99.000000,-99.000000,-1,1
68475,575902,746.411898,36424.240658,36424.350211,0, 0, 0, 0,-99.000000,-99.000000,-99.000000,-1,0
68475,575903,746.750307,36424.579066,36424.688620,1, 0, 0, 1,4.968053,-6.388978,-1.922713,-1,2
68475,575904,747.021746,36424.850505,36424.960060,1, 0, 0, 1,9.579426,3.745806,-15.932408,-1,2
68475,575905,747.073938,36424.902697,36425.012252,1, 0, 0, 1,-0.069171,-3.206974,18.365217,-1,2
68475,575906,747.177744,36425.006503,36425.116058,1, 0, 0, 1,3.274372,3.709294,-19.702711,-1,2
68475,575907,747.397916,36425.226674,36425.336230,1, 0, 0, 1,4.800549,5.626861,-18.815322,-1,2
68475,575908,747.420560,36425.249318,36425.358874,1, 0, 0, 1,-1.368129,6.422372,-8.812179,-1,2
68475,575909,747.943104,36425.771861,36425.881418,1, 1, 0, 1,-0.521634,-2.351121,-10.658365,-1,3
68475,575910,748.079521,36425.908278,36426.017835,0, 0, 0, 0,-99.000000,-99.000000,-99.000000,-1,1
68475,575911,748.082010,36425.910767,36426.020323,1, 0, 0, 1,1.041196,-4.036757,4.657628,-1,2
68475,575912,748.254705,36426.083461,36426.193018,1, 0, 0, 1,0.086854,8.993215,7.310752,-1,2
68475,575913,748.295925,36426.124681,36426.234238,0, 0, 0, 0,-99.000000,-99.000000,-99.000000,-1,1
68475,575914,748.614153,36426.442909,36426.552467,0, 0, 0, 0,-99.000000,-99.000000,-99.000000,-1,0
68475,575915,748.782526,36426.611281,36426.720839,1, 0, 0, 1,-3.361500,0.171525,-0.108331,-1,2
68475,575916,748.806633,36426.635388,36426.744946,0, 0, 0, 0,-99.000000,-99.000000,-99.000000,-1,0
68475,575917,748.928630,36426.757385,36426.866944,0, 0, 0, 0,-99.000000,-99.000000,-99.000000,-1,0
68475,575918,748.941027,36426.769782,36426.879340,0, 0, 0, 0,-99.000000,-99.000000,-99.000000,-1,0
68475,575919,749.164829,36426.993584,36427.103143,1, 0, 0, 1,-3.210736,5.380102,-6.810677,-1,2
68475,575920,749.214712,36427.043466,36427.153025,0, 0, 0, 0,-99.000000,-99.000000,-99.000000,-1,1
68475,575921,749.345414,36427.174168,36427.283727,0, 0, 0, 0,-99.000000,-99.000000,-99.000000,-1,1
68475,575922,749.409709,36427.238463,36427.348022,1, 0, 0, 1,-7.510209,-1.151001,3.475731,-1,2
68475,575923,749.458942,36427.287696,36427.397255,1, 0, 0, 1,-1.166261,9.999981,-10.307695,-1,3
68475,575924,749.534642,36427.363396,36427.472956,0, 0, 0, 0,-99.000000,-99.000000,-99.000000,-1,0
68475,575925,749.594691,36427.423444,36427.533004,1, 0, 0, 1,7.247754,-3.539397,-5.453415,-1,2
68475,575926,749.827340,36427.656093,36427.765653,0, 0, 0, 0,-99.000000,-99.000000,-99.000000,-1,1
68475,575927,749.879741,36427.708494,36427.818055,0, 0, 0, 0,-99.000000,-99.000000,-99.000000,-1,1
68475,575928,749.909984,36427.738737,36427.848297,1, 0, 0, 1,3.910368,-4.077981,11.409999,-1,2
68475,575929,750.054650,36427.883403,36427.992963,0, 0, 0, 0,-99.000000,-99.000000,-99.000000,-1,1
68475,575930,750.144020,36427.972773,36428.082334,1, 0, 0, 1,-4.114400,9.703682,15.820566,-1,2
68475,575931,750.606653,36428.435405,36428.544966,1, 0, 0, 1,6.193303,1.130523,-16.871993,-1,2
68475,575932,750.798401,36428.627152,36428.736714,1, 0, 0, 1,-2.594013,-1.043810,-4.630304,-1,2
68475,575933,750.868592,36428.697343,36428.806905,1, 0, 0, 1,1.209646,2.117951,-9.085020,-1,2
68475,575934,751.221345,36429.050095,36429.159659,1, 0, 0, 1,1.137981,3.385164,6.108224,-1,2
68475,575935,751.297674,36429.126424,36429.235987,1, 0, 0, 1,3.270291,-3.548719,-9.754431,-1,2
68475,575936,751.298447,36429.127197,36429.236760,1, 0, 0, 1,0.939899,5.133917,-6.267028,-1,2
68475,575937,751.360393,36429.189143,36429.298707,1, 0, 0, 1,-2.284299,4.213218,-16.598281,-1,2
68475,575938,751.473610,36429.302360,36429.411924,1, 0, 0, 1,5.501346,1.668107,5.309345,-1,2
68475,575939,751.553847,36429.382597,36429.492161,1, 0, 0, 1,-1.680449,1.502561,4.136368,-1,2
68475,575940,751.558158,36429.386908,36429.496472,1, 0, 0, 1,-7.380383,2.500464,-7.617476,-1,2
68475,575941,751.580982,36429.409732,36429.519295,1, 0, 0, 1,-5.047872,8.256908,4.373998,-1,2
68475,575942,751.586667,36429.415417,36429.524981,1, 0, 0, 1,2.926270,-1.350390,20.374127,-1,2
68475,575943,751.671739,36429.500489,36429.610053,0, 0, 0, 0,-99.000000,-99.000000,-99.000000,-1,1
68475,575944,751.687849,36429.516598,36429.626162,0, 0, 0, 0,-99.000000,-99.000000,-99.000000,-1,0
68475,575945,751.863721,36429.692470,36429.802034,1, 0, 0, 1,0.766972,-5.844466,4.094948,-1,2
68475,575946,752.088372,36429.917121,36430.026686,1, 0, 0, 1,-2.336668,2.820911,-1.032209,-1,2
68475,575947,752.263018,36430.091766,36430.201331,0, 0, 0, 0,-99.000000,-99.000000,-99.000000,-1,1
68475,575948,752.446033,36430.274781,36430.384346,0, 0, 0, 0,-99.000000,-99.000000,-99.000000,-1,0
68475,575949,752.494761,36430.323509,36430.433075,1, 0, 0, 1,-4.259797,-6.352257,14.157971,-1,2
68475,575950,752.498002,36430.326750,36430.436315,1, 0, 0, 1,2.941849,7.569212,4.823444,-1,2
68475,575951,752.559976,36430.388723,36430.498289,0, 0, 0, 0,-99.000000,-99.000000,-99.000000,-1,1
68475,575952,752.653318,36430.482065,36430.591631,1, 0, 0, 1,-5.264630,6.322547,-13.599960,-1,2
68475,575953,752.694679,36430.523427,36430.632993,1, 0, 0, 1,-3.841461,1.310320,13.125744,-1,2
68475,575954,752.757464,36430.586212,36430.695778,1, 0, 0, 1,-0.965975,1.811768,-3.390212,-1,2
68475,575955,752.810741,36430.639488,36430.749054,0, 0, 0, 0,-99.000000,-99.000000,-99.000000,-1,1
68475,575956,752.875096,36430.703843,36430.813409,1, 0, 0, 1,-0.600650,-3.128182,-10.187417,-1,2
68475,575957,752.896383,36430.725130,36430.834696,1, 0, 0, 1,-5.304390,1.777809,-15.743481,-1,2
68475,575958,752.955917,36430.784664,36430.894230,0, 0, 0, 0,-99.000000,-99.000000,-99.000000,-1,0
68475,575959,752.975011,36430.803758,36430.913324,0, 0, 0, 0,-99.000000,-99.000000,-99.000000,-1,1
68475,575960,753.010073,36430.838820,36430.948387,0, 0, 0, 0,-99.000000,-99.000000,-99.000000,-1,1
68475,575961,753.048974,36430.877721,36430.987288,0, 0, 0, 0,-99.000000,-99.000000,-99.000000,-1,1
68475,575962,753.062855,36430.891601,36431.001168,1, 0, 0, 1,6.492028,3.802609,11.850447,-1,2
68475,575963,753.321623,36431.150369,36431.259937,1, 0, 0, 1,-6.458983,5.160385,12.928520,-1,2
68475,575964,753.455644,36431.284390,36431.393957,0, 0, 0, 0,-99.000000,-99.000000,-99.000000,-1,1
68475,575965,753.489338,36431.318084,36431.427651,1, 0, 0, 1,-0.381065,-7.439335,10.142206,-1,2
68475,575966,753.536200,36431.364946,36431.474513,1, 0, 0, 1,7.112791,0.464397,-9.602065,-1,2
68475,575967,753.820240,36431.648985,36431.758553,0, 0, 0, 0,-99.000000,-99.000000,-99.000000,-1,1
68475,575968,753.882882,36431.711627,36431.821195,1, 0, 0, 1,0.184783,0.132025,10.560385,-1,2
68475,575969,753.946299,36431.775044,36431.884612,1, 0, 0, 1,-7.295560,3.663856,-6.153201,-1,2
68475,575970,754.046052,36431.874797,36431.984366,0, 0, 0, 0,-99.000000,-99.000000,-99.000000,-1,0
68475,575971,754.080442,36431.909187,36432.018756,1, 0, 0, 1,-0.519380,-8.362704,1.777996,-1,2
68475,575972,754.097679,36431.926424,36432.035993,0, 0, 0, 0,-99.000000,-99.000000,-99.000000,-1,0
68475,575973,754.316394,36432.145138,36432.254707,0, 0, 0, 0,-99.000000,-99.000000,-99.000000,-1,1
68475,575974,754.515926,36432.344670,36432.454240,1, 1, 0, 1,0.478196,-1.188710,14.330671,-1,3
68475,575975,754.519069,36432.347813,36432.457382,1, 0, 0, 1,-1.264648,1.103839,12.046845,-1,2
68475,575976,754.611901,36432.440645,36432.550215,0, 0, 0, 0,-99.000000,-99.000000,-99.000000,-1,0
68475,575977,754.708583,36432.537326,36432.646896,1, 0, 0, 1,3.777197,-3.969767,-1.059983,-1,2
68475,575978,754.730847,36432.559590,36432.669161,0, 0, 0, 0,-99.000000,-99.000000,-99.000000,-1,0
68475,575979,754.809943,36432.638686,36432.748256,1, 1, 0, 1,1.968372,-3.336056,-14.223155,-1,3
68475,575980,754.870095,36432.698838,36432.808409,1, 0, 0, 1,4.306275,0.193720,-14.678296,-1,2
68475,575981,754.906314,36432.735057,36432.844627,0, 0, 0, 0,-99.000000,-99.000000,-99.000000,-1,1
68475,575982,754.906921,36432.735664,36432.845234,0, 0, 0, 0,-99.000000,-99.000000,-99.000000,-1,1
68475,575983,754.920391,36432.749134,36432.858705,1, 0, 0, 1,-4.271152,-2.379416,-1.309792,-1,2
68475,575984,754.952461,36432.781204,36432.890775,0, 0, 0, 0,-99.000000,-99.000000,-99.000000,-1,1
68475,575985,754.967491,36432.796234,36432.905805,1, 0, 0, 1,-1.309778,-6.446174,9.741442,-1,2
68475,575986,755.186725,36433.015467,36433.125039,1, 0, 0, 1,7.235026,3.680987,1.381024,-1,2
68475,575987,755.200841,36433.029584,36433.139155,0, 0, 0, 0,-99.000000,-99.000000,-99.000000,-1,0
68475,575988,755.220946,36433.049689,36433.159260,1, 0, 0, 1,0.510144,-2.279676,10.884126,-1,2
68475,575989,755.253757,36433.082500,36433.192071,1, 0, 0, 1,-0.214414,-3.032015,0.749318,-1,2
68475,575990,755.467081,36433.295823,36433.405395,1, 0, 0, 1,-1.752699,-2.787651,10.466534,-1,2
68475,575991,755.548837,36433.377579,36433.487151,0, 0, 0, 0,-99.000000,-99.000000,-99.000000,-1,0
68475,575992,755.674716,36433.503458,36433.613030,1, 0, 0, 1,4.726212,-3.769096,19.820683,-1,2
68475,575993,755.708696,36433.537437,36433.647009,1, 0, 0, 1,-8.155121,-0.795335,-6.090699,-1,2
68475,575994,755.986016,36433.814757,36433.924330,0, 0, 0, 0,-99.000000,-99.000000,-99.000000,-1,1
68475,575995,756.022630,36433.851370,36433.960943,1, 0, 0, 1,7.605372,0.502573,0.964886,-1,2
68475,575996,756.096982,36433.925722,36434.035295,1, 0, 0, 1,-0.643302,4.707487,-10.116143,-1,2
68475,575997,756.100982,36433.929722,36434.039295,1, 0, 0, 1,1.926930,-2.802766,-0.275061,-1,2
68475,575998,756.129645,36433.958385,36434.067958,1, 0, 0, 1,3.910450,0.922207,15.329999,-1,2
68475,575999,756.381909,36434.210649,36434.320223,1, 0, 0, 1,6.964990,2.540079,7.334921,-1,2
68475,576000,756.388235,36434.216975,36434.326548,0, 0, 0, 0,-99.000000,-99.000000,-99.000000,-1,1
68475,576001,756.570005,36434.398745,36434.508319,0, 0, 0, 0,-99.000000,-99.000000,-99.000000,-1,0
68475,576002,756.576826,36434.405566,36434.515140,0, 0, 0, 0,-99.000000,-99.000000,-99.000000,-1,1
68475,576003,756.612947,36434.441687,36434.551261,0, 0, 0, 0,-99.000000,-99.000000,-99.000000,-1,1
68475,576004,756.787460,36434.616199,36434.725774,0, 0, 0, 0,-99.000000,-99.000000,-99.000000,-1,1
68475,576005,757.370118,36435.198856,36435.308431,1, 0, 0, 1,-2.393228,-1.362735,10.568771,-1,2
68475,576006,757.481811,36435.310548,36435.420124,0, 0, 0, 0,-99.000000,-99.000000,-99.000000,-1,1
68475,576007,757.752526,36435.581263,36435.690839,1, 0, 0, 1,-1.115156,0.427521,-2.165006,-1,2
68475,576008,758.141541,36435.970277,36436.079854,1, 0, 0, 1,4.836695,5.389365,9.006089,-1,2
68475,576009,758.435080,36436.263815,36436.373393,1, 0, 0, 1,4.243342,-1.884761,4.790289,-1,2
68475,576010,758.474505,36436.303241,36436.412819,1, 0, 0, 1,-4.365303,-4.782730,-3.558078,-1,2
68475,576011,758.477403,36436.306139,36436.415717,1, 0, 0, 1,3.665421,4.033804,-17.340738,-1,9
68475,576012,758.637472,36436.466208,36436.575786,1, 0, 0, 1,-5.923935,-4.182307,1.472005,-1,5
68475,576013,758.731902,36436.560637,36436.670216,0, 0, 0, 0,-99.000000,-99.000000,-99.000000,-1,0
68475,576014,758.756680,36436.585415,36436.694994,0, 0, 0, 0,-99.000000,-99.000000,-99.000000,-1,1
68475,576015,758.772162,36436.600898,36436.710476,1, 0, 0, 1,-3.733313,-2.440893,-9.929993,-1,2
68475,576016,758.820921,36436.649656,36436.759234,1, 0, 0, 1,-2.125428,7.070146,4.988940,-1,2
68475,576017,758.905743,36436.734478,36436.844057,0, 0, 0, 0,-99.000000,-99.000000,-99.000000,-1,0
68475,576018,758.948240,36436.776974,36436.886553,1, 0, 0, 1,-2.634935,2.983203,-0.221822,-1,2
68475,576019,759.094371,36436.923105,36437.032684,0, 0, 0, 0,-99.000000,-99.000000,-99.000000,-1,1
68475,576020,759.202281,36437.031015,36437.140594,1, 0, 0, 1,3.342856,9.018571,-0.002056,-1,2
68475,576021,759.383012,36437.211746,36437.321326,0, 0, 0, 0,-99.000000,-99.000000,-99.000000,-1,1
68475,576022,759.439679,36437.268413,36437.377993,0, 0, 0, 0,-99.000000,-99.000000,-99.000000,-1,1
68475,576023,759.517023,36437.345757,36437.455337,0, 0, 0, 0,-99.000000,-99.000000,-99.000000,-1,1
68475,576024,759.739533,36437.568266,36437.677846,0, 0, 0, 0,-99.000000,-99.000000,-99.000000,-1,0
68475,576025,759.924550,36437.753283,36437.862863,0, 0, 0, 0,-99.000000,-99.000000,-99.000000,-1,1
68475,576026,760.119192,36437.947924,36438.057505,1, 0, 0, 1,-4.351694,-3.638385,-4.464259,-1,2
68475,576027,760.177409,36438.006142,36438.115723,0, 0, 0, 0,-99.000000,-99.000000,-99.000000,-1,1
68475,576028,760.392833,36438.221565,36438.331146,0, 0, 0, 0,-99.000000,-99.000000,-99.000000,-1,0
68475,576029,760.442903,36438.271635,36438.381217,1, 0, 0, 1,8.152344,-5.609845,14.407493,-1,2
68475,576030,760.606687,36438.435418,36438.545001,1, 0, 0, 1,-1.192747,-8.281541,-7.376991,-1,2
68475,576031,760.659051,36438.487782,36438.597364,1, 0, 0, 1,4.393308,-4.813403,-6.505692,-1,2
68475,576032,760.839277,36438.668008,36438.777590,1, 0, 0, 1,2.476121,1.248627,7.089887,-1,2
68475,576033,760.855728,36438.684459,36438.794041,0, 0, 0, 0,-99.000000,-99.000000,-99.000000,-1,1
68475,576034,760.864392,36438.693123,36438.802705,1, 0, 0, 1,3.951876,-4.661934,-0.242220,-1,2
68475,576035,760.889725,36438.718456,36438.828039,1, 0, 0, 1,-4.153115,1.882958,15.122703,-1,2
68475,576036,760.945725,36438.774455,36438.884038,0, 0, 0, 0,-99.000000,-99.000000,-99.000000,-1,1
68475,576037,761.165542,36438.994272,36439.103855,0, 0, 0, 0,-99.000000,-99.000000,-99.000000,-1,1
68475,576038,761.182012,36439.010742,36439.120326,1, 0, 0, 1,-7.467168,3.399727,13.792936,-1,2
68475,576039,761.291460,36439.120190,36439.229774,0, 0, 0, 0,-99.000000,-99.000000,-99.000000,-1,1
68475,576040,761.363451,36439.192181,36439.301765,1, 0, 0, 1,-4.035013,-7.317395,11.627081,-1,2
68475,576041,761.477037,36439.305767,36439.415350,1, 0, 0, 1,1.577252,-0.559208,7.144315,-1,2
68475,576042,761.561461,36439.390191,36439.499775,1, 0, 0, 1,-4.350722,7.713512,-3.665490,-1,2
68475,576043,761.572448,36439.401177,36439.510761,1, 0, 0, 1,3.366406,-5.023327,-1.709119,-1,2
68475,576044,761.702235,36439.530965,36439.640549,0, 0, 0, 0,-99.000000,-99.000000,-99.000000,-1,1
68475,576045,761.759539,36439.588268,36439.697852,0, 0, 0, 0,-99.000000,-99.000000,-99.000000,-1,1
68475,576046,761.806541,36439.635270,36439.744854,0, 0, 0, 0,-99.000000,-99.000000,-99.000000,-1,1
68475,576047,761.808969,36439.637698,36439.747283,1, 0, 0, 1,-6.523416,4.365970,21.176599,-1,2
68475,576048,761.834763,36439.663492,36439.773077,0, 0, 0, 0,-99.000000,-99.000000,-99.000000,-1,1
68475,576049,762.047520,36439.876249,36439.985834,0, 0, 0, 0,-99.000000,-99.000000,-99.000000,-1,0
68475,576050,762.208652,36440.037380,36440.146965,1, 0, 0, 1,-4.259975,7.597834,15.944063,-1,2
68475,576051,762.266454,36440.095182,36440.204768,0, 0, 0, 0,-99.000000,-99.000000,-99.000000,-1,1
68475,576052,762.269007,36440.097735,36440.207320,1, 0, 0, 1,5.495361,-4.803719,-13.625876,-1,2
68475,576053,762.274155,36440.102883,36440.212469,0, 0, 0, 0,-99.000000,-99.000000,-99.000000,-1,1
68475,576054,762.319671,36440.148399,36440.257985,0, 0, 0, 0,-99.000000,-99.000000,-99.000000,-1,1
68475,576055,762.330340,36440.159068,36440.268654,0, 0, 0, 0,-99.000000,-99.000000,-99.000000,-1,1
68475,576056,762.330504,36440.159232,36440.268817,0, 0, 0, 0,-99.000000,-99.000000,-99.000000,-1,0
68475,576057,762.348778,36440.177506,36440.287092,1, 0, 0, 1,6.872071,0.214761,4.135422,-1,2
68475,576058,762.367609,36440.196337,36440.305923,1, 0, 0, 1,-1.319804,4.707511,-10.216348,-1,2
68475,576059,762.481639,36440.310366,36440.419952,1, 0, 0, 1,2.544891,-2.624493,-5.340802,-1,2
68475,576060,762.495288,36440.324015,36440.433601,1, 0, 0, 1,4.206997,5.751544,-21.902820,-1,2
68475,576061,762.548980,36440.377708,36440.487294,0, 0, 0, 0,-99.000000,-99.000000,-99.000000,-1,1
68475,576062,762.592316,36440.421043,36440.530629,1, 0, 0, 1,1.514730,-4.247878,-5.072703,-1,2
68475,576063,762.637073,36440.465800,36440.575387,1, 0, 0, 1,2.417260,-2.732956,-15.546139,-1,2
68475,576064,762.875925,36440.704652,36440.814239,0, 0, 0, 0,-99.000000,-99.000000,-99.000000,-1,1
68475,576065,762.888233,36440.716960,36440.826547,1, 0, 0, 1,5.118452,1.081720,-18.406544,-1,2
68475,576066,762.954905,36440.783632,36440.893218,0, 0, 0, 0,-99.000000,-99.000000,-99.000000,-1,1
68475,576067,762.982926,36440.811653,36440.921240,1, 0, 0, 1,2.332077,-0.304332,4.375008,-1,2
68475,576068,763.174103,36441.002829,36441.112417,0, 0, 0, 0,-99.000000,-99.000000,-99.000000,-1,1
68475,576069,763.426480,36441.255206,36441.364793,0, 0, 0, 0,-99.000000,-99.000000,-99.000000,-1,1
68475,576070,763.436322,36441.265047,36441.374635,1, 0, 0, 1,-4.032879,-6.026197,-0.844669,-1,2
68475,576071,763.465260,36441.293986,36441.403574,0, 0, 0, 0,-99.000000,-99.000000,-99.000000,-1,1
68475,576072,763.566789,36441.395514,36441.505102,0, 0, 0, 0,-99.000000,-99.000000,-99.000000,-1,1
68475,576073,763.778942,36441.607667,36441.717256,0, 0, 0, 0,-99.000000,-99.000000,-99.000000,-1,0
68475,576074,763.832171,36441.660896,36441.770485,1, 0, 0, 1,2.798422,6.576348,-19.699676,-1,2
68475,576075,763.860758,36441.689482,36441.799071,1, 0, 0, 1,-7.319343,-1.552918,-4.429726,-1,2
68475,576076,763.871463,36441.700188,36441.809776,1, 0, 0, 1,5.688551,1.676836,12.340750,-1,2
68475,576077,763.903652,36441.732376,36441.841965,0, 0, 0, 0,-99.000000,-99.000000,-99.000000,-1,0
68475,576078,763.906767,36441.735492,36441.845080,0, 0, 0, 0,-99.000000,-99.000000,-99.000000,-1,1
68475,576079,763.926664,36441.755389,36441.864977,0, 0, 0, 0,-99.000000,-99.000000,-99.000000,-1,1
68475,576080,763.929213,36441.757938,36441.867526,1, 0, 0, 1,7.768514,-1.434857,8.364808,-1,2
68475,576081,764.159073,36441.987797,36442.097386,1, 0, 0, 1,6.040920,1.338179,9.212215,-1,2
68475,576082,764.245081,36442.073805,36442.183395,1, 0, 0, 1,-4.005892,-3.953752,8.030575,-1,2
68475,576083,764.252323,36442.081047,36442.190636,1, 0, 0, 1,7.787241,-2.361280,-17.158340,-1,2
68475,576084,764.451154,36442.279878,36442.389468,0, 0, 0, 0,-99.000000,-99.000000,-99.000000,-1,0
68475,576085,764.452770,36442.281493,36442.391083,1, 0, 0, 1,-6.699211,-0.235384,-6.827105,-1,2
68475,576086,764.488504,36442.317228,36442.426817,0, 0, 0, 0,-99.000000,-99.000000,-99.000000,-1,0
68475,576087,764.616700,36442.445423,36442.555013,1, 0, 0, 1,1.293084,5.172791,1.288328,-1,2
68475,576088,764.703630,36442.532353,36442.641944,0, 0, 0, 0,-99.000000,-99.000000,-99.000000,-1,1
68475,576089,764.721611,36442.550334,36442.659924,1, 0, 0, 1,4.937194,1.982514,-9.735751,-1,2
68475,576090,764.765781,36442.594504,36442.704094,0, 0, 0, 0,-99.000000,-99.000000,-99.000000,-1,0
68475,576091,764.801637,36442.630360,36442.739950,0, 0, 0, 0,-99.000000,-99.000000,-99.000000,-1,0
68475,576092,764.880982,36442.709705,36442.819295,1, 0, 0, 1,3.772556,2.137132,-4.764982,-1,2
68475,576093,765.016112,36442.844834,36442.954425,1, 0, 0, 1,-5.004964,-5.466626,18.028464,-1,2
68475,576094,765.113083,36442.941805,36443.051397,1, 0, 0, 1,-3.850827,-0.268704,7.334332,-1,2
68475,576095,765.325742,36443.154464,36443.264056,0, 0, 0, 0,-99.000000,-99.000000,-99.000000,-1,1
68475,576096,765.433547,36443.262268,36443.371860,0, 0, 0, 0,-99.000000,-99.000000,-99.000000,-1,1
68475,576097,765.494792,36443.323513,36443.433105,1, 0, 0, 1,-4.088766,5.544757,-9.448448,-1,2
68475,576098,765.710096,36443.538817,36443.648409,1, 0, 0, 1,0.094285,3.081918,6.631108,-1,2
68475,576099,765.760988,36443.589709,36443.699301,0, 0, 0, 0,-99.000000,-99.000000,-99.000000,-1,1
68475,576100,765.779652,36443.608373,36443.717965,1, 1, 0, 1,3.474959,-0.229390,-9.306227,-1,5
68475,576101,765.814085,36443.642806,36443.752398,1, 0, 0, 1,6.238901,-5.554909,-14.450821,-1,2
68475,576102,765.871425,36443.700146,36443.809738,1, 0, 0, 1,-3.904560,6.596133,-3.463660,-1,2
68475,576103,765.913877,36443.742598,36443.852191,1, 0, 0, 1,-2.704419,-2.400576,-9.708951,-1,2
68475,576104,765.935001,36443.763722,36443.873315,1, 0, 0, 1,0.581162,-5.956353,5.858389,-1,2
68475,576105,766.212892,36444.041612,36444.151206,1, 0, 0, 1,-2.683384,-4.729630,-3.939761,-1,2
68475,576106,766.315467,36444.144187,36444.253781,1, 0, 0, 1,0.699532,-3.763974,-2.613830,-1,2
68475,576107,766.545501,36444.374220,36444.483814,1, 0, 0, 1,-6.229154,-1.091526,-13.633231,-1,2
68475,576108,766.600807,36444.429527,36444.539121,1, 0, 0, 1,1.193698,-6.871316,-16.610968,-1,2
68475,576109,766.723865,36444.552585,36444.662179,1, 0, 0, 1,-2.771087,-2.060050,-14.996843,-1,2
68475,576110,766.972066,36444.800785,36444.910380,1, 0, 0, 1,-0.091688,2.143755,6.667786,-1,2
68475,576111,767.138812,36444.967530,36445.077125,0, 0, 0, 0,-99.000000,-99.000000,-99.000000,-1,1
68475,576112,767.357856,36445.186574,36445.296170,1, 0, 0, 1,1.280851,-8.204116,10.362200,-1,2
68475,576113,767.362781,36445.191499,36445.301095,0, 0, 0, 0,-99.000000,-99.000000,-99.000000,-1,0
68475,576114,767.598546,36445.427263,36445.536860,1, 0, 0, 1,5.096360,-2.328509,-10.267884,-1,2
68475,576115,767.772618,36445.601335,36445.710932,0, 0, 0, 0,-99.000000,-99.000000,-99.000000,-1,1
68475,576116,767.923718,36445.752435,36445.862031,1, 0, 0, 1,4.888895,0.295497,-10.437279,-1,2
68475,576117,767.958171,36445.786888,36445.896484,0, 0, 0, 0,-99.000000,-99.000000,-99.000000,-1,1
68475,576118,767.983596,36445.812313,36445.921910,0, 0, 0, 0,-99.000000,-99.000000,-99.000000,-1,0
68475,576119,768.177472,36446.006188,36446.115786,0, 0, 0, 0,-99.000000,-99.000000,-99.000000,-1,1
68475,576120,768.303786,36446.132502,36446.242099,0, 0, 0, 0,-99.000000,-99.000000,-99.000000,-1,1
68475,576121,768.382269,36446.210985,36446.320583,1, 0, 0, 1,4.680663,-1.527959,-3.852434,-1,2
68475,576122,768.908210,36446.736924,36446.846523,1, 0, 0, 1,-7.429705,-3.471447,-21.170338,-1,2
68475,576123,769.024928,36446.853643,36446.963242,1, 0, 0, 1,-0.098430,-1.080342,2.815509,-1,2
68475,576124,769.101191,36446.929905,36447.039504,0, 0, 0, 0,-99.000000,-99.000000,-99.000000,-1,1
68475,576125,769.178828,36447.007542,36447.117142,1, 0, 0, 1,-1.756068,-0.025386,-19.621424,-1,2
68475,576126,769.277185,36447.105899,36447.215499,1, 0, 0, 1,2.173155,-9.908858,-11.240637,-1,3
68475,576127,769.395102,36447.223816,36447.333416,1, 0, 0, 1,-9.999981,-3.201262,-19.083396,-1,4
68475,576128,769.576084,36447.404797,36447.514397,0, 0, 0, 0,-99.000000,-99.000000,-99.000000,-1,1
68475,576129,769.621672,36447.450386,36447.559986,0, 0, 0, 0,-99.000000,-99.000000,-99.000000,-1,1
68475,576130,769.653452,36447.482165,36447.591766,0, 0, 0, 0,-99.000000,-99.000000,-99.000000,-1,0
68475,576131,769.687591,36447.516304,36447.625905,1, 0, 0, 1,-1.766764,-9.725421,-8.596309,-1,2
68475,576132,769.695635,36447.524348,36447.633948,0, 0, 0, 0,-99.000000,-99.000000,-99.000000,-1,1
68475,576133,769.960446,36447.789159,36447.898760,0, 0, 0, 0,-99.000000,-99.000000,-99.000000,-1,0
68475,576134,770.054072,36447.882785,36447.992386,1, 0, 0, 1,-6.039856,2.463873,20.029814,-1,2
68475,576135,770.110456,36447.939169,36448.048770,1, 0, 0, 1,7.288310,-2.528781,-11.762388,-1,2
68475,576136,770.505036,36448.333747,36448.443349,1, 0, 0, 1,7.923231,-1.479104,4.747541,-1,2
68475,576137,770.659241,36448.487952,36448.597554,0, 0, 0, 0,-99.000000,-99.000000,-99.000000,-1,1
68475,576138,770.741527,36448.570238,36448.679840,1, 0, 0, 1,0.690546,-3.284641,-7.037329,-1,2
68475,576139,770.833911,36448.662622,36448.772225,0, 0, 0, 0,-99.000000,-99.000000,-99.000000,-1,1
68475,576140,770.921861,36448.750572,36448.860175,1, 0, 0, 1,3.685123,-1.281603,9.433053,-1,2
68475,576141,771.276508,36449.105218,36449.214822,1, 0, 0, 1,-2.976071,4.392674,15.881068,-1,2
68475,576142,771.368111,36449.196821,36449.306425,0, 0, 0, 0,-99.000000,-99.000000,-99.000000,-1,1
68475,576143,771.754950,36449.583659,36449.693263,0, 0, 0, 0,-99.000000,-99.000000,-99.000000,-1,1
68475,576144,772.056671,36449.885379,36449.994984,1, 0, 0, 1,-6.182035,3.604667,-6.845576,-1,2
68475,576145,772.196342,36450.025050,36450.134656,0, 0, 0, 0,-99.000000,-99.000000,-99.000000,-1,1
68475,576146,772.197941,36450.026649,36450.136255,1, 0, 0, 1,-9.999981,-1.782678,-0.899041,-1,5
68475,576147,772.216953,36450.045661,36450.155266,0, 0, 0, 0,-99.000000,-99.000000,-99.000000,-1,0
68475,576148,772.235365,36450.064073,36450.173678,1, 0, 0, 1,7.531963,-0.510706,17.372371,-1,2
68475,576149,772.548127,36450.376835,36450.486441,0, 0, 0, 0,-99.000000,-99.000000,-99.000000,-1,0
68475,576150,772.580573,36450.409281,36450.518887,0, 0, 0, 0,-99.000000,-99.000000,-99.000000,-1,1
68475,576151,772.599600,36450.428307,36450.537913,0, 0, 0, 0,-99.000000,-99.000000,-99.000000,-1,0
68475,576152,773.071451,36450.900157,36451.009764,1, 0, 0, 1,-5.287059,-1.299312,-3.469565,-1,2
68475,576153,773.487036,36451.315741,36451.425349,1, 0, 0, 1,6.580849,-0.208653,-6.541518,-1,2
68475,576154,773.530384,36451.359090,36451.468698,0, 0, 0, 0,-99.000000,-99.000000,-99.000000,-1,1
68475,576155,773.575029,36451.403734,36451.513342,0, 0, 0, 0,-99.000000,-99.000000,-99.000000,-1,1
68475,576156,773.583301,36451.412007,36451.521615,0, 0, 0, 0,-99.000000,-99.000000,-99.000000,-1,1
68475,576157,773.598563,36451.427268,36451.536877,1, 0, 0, 1,5.299092,3.864887,9.952167,-1,2
68475,576158,773.686098,36451.514803,36451.624411,0, 0, 0, 0,-99.000000,-99.000000,-99.000000,-1,1
68475,576159,773.693570,36451.522275,36451.631883,1, 0, 0, 1,6.550581,-0.523285,7.235722,-1,2
68475,576160,773.791970,36451.620675,36451.730283,1, 0, 0, 1,9.352444,0.097013,-21.877089,-1,2
68475,576161,774.134383,36451.963087,36452.072696,1, 0, 0, 1,-1.368628,-2.024868,-15.963930,-1,2
68475,576162,774.185644,36452.014349,36452.123958,0, 0, 0, 0,-99.000000,-99.000000,-99.000000,-1,0
68475,576163,774.356733,36452.185437,36452.295046,0, 0, 0, 0,-99.000000,-99.000000,-99.000000,-1,1
68475,576164,774.360700,36452.189404,36452.299013,1, 0, 0, 1,-1.957014,-5.875118,-3.307613,-1,6
68475,576165,774.398771,36452.227474,36452.337084,1, 0, 0, 1,7.414503,-0.795907,13.124441,-1,2
68475,576166,774.502198,36452.330902,36452.440512,1, 0, 0, 1,0.865742,7.707040,13.182178,-1,2
68475,576167,774.526590,36452.355293,36452.464904,1, 0, 0, 1,-6.988582,-6.866712,18.829895,-1,3
68475,576168,774.618950,36452.447653,36452.557263,0, 0, 0, 0,-99.000000,-99.000000,-99.000000,-1,1
68475,576169,774.712479,36452.541182,36452.650792,1, 0, 0, 1,3.589993,5.757988,-20.228764,-1,2
68475,576170,774.958077,36452.786779,36452.896390,1, 0, 0, 1,0.640491,-4.175461,1.213913,-1,2
68475,576171,775.020630,36452.849332,36452.958944,1, 0, 0, 1,-5.202906,-2.756031,15.425872,-1,2
68475,576172,775.188414,36453.017116,36453.126727,1, 0, 0, 1,-6.752915,-2.329191,-17.678688,-1,2
68475,576173,775.205298,36453.034000,36453.143611,1, 0, 0, 1,-2.564780,-5.456763,1.695849,-1,2
68475,576174,775.292578,36453.121279,36453.230891,1, 0, 0, 1,-1.937867,-2.573695,-0.571459,-1,2
68475,576175,775.473115,36453.301816,36453.411428,1, 0, 0, 1,0.850777,-3.238835,-15.744870,-1,2
68475,576176,775.632107,36453.460808,36453.570421,1, 0, 0, 1,-1.100907,7.855771,-9.143939,-1,2
68475,576177,775.801364,36453.630064,36453.739677,0, 0, 0, 0,-99.000000,-99.000000,-99.000000,-1,1
68475,576178,775.826556,36453.655257,36453.764870,0, 0, 0, 0,-99.000000,-99.000000,-99.000000,-1,0
68475,576179,776.035227,36453.863927,36453.973540,1, 0, 0, 1,1.275303,4.542461,-8.780281,-1,2
68475,576180,776.166395,36453.995095,36454.104708,1, 0, 0, 1,4.843620,0.248611,-17.163180,-1,2
68475,576181,776.344168,36454.172868,36454.282482,1, 0, 0, 1,2.175750,2.209395,-12.588154,-1,3
68475,576182,776.369423,36454.198123,36454.307737,0, 0, 0, 0,-99.000000,-99.000000,-99.000000,-1,1
68475,576183,776.371016,36454.199715,36454.309329,1, 0, 0, 1,-0.923272,5.174970,-2.764222,-1,2
68475,576184,776.609129,36454.437828,36454.547443,1, 0, 0, 1,2.414353,-9.326936,-13.372004,-1,2
68475,576185,776.623686,36454.452385,36454.561999,1, 0, 0, 1,1.563823,6.657608,-13.738005,-1,2
68475,576186,776.721258,36454.549957,36454.659572,1, 0, 0, 1,7.172722,5.743801,-8.289710,-1,2
68475,576187,776.737628,36454.566327,36454.675942,0, 0, 0, 0,-99.000000,-99.000000,-99.000000,-1,0
68475,576188,776.850211,36454.678909,36454.788524,0, 0, 0, 0,-99.000000,-99.000000,-99.000000,-1,0
68475,576189,776.997453,36454.826151,36454.935766,0, 0, 0, 0,-99.000000,-99.000000,-99.000000,-1,1
68475,576190,777.279410,36455.108107,36455.217723,1, 0, 0, 1,-2.715872,-0.952721,7.840372,-1,2
68475,576191,777.327676,36455.156373,36455.265989,0, 0, 0, 0,-99.000000,-99.000000,-99.000000,-1,0
68475,576192,777.502063,36455.330760,36455.440376,0, 0, 0, 0,-99.000000,-99.000000,-99.000000,-1,1
68475,576193,777.540283,36455.368980,36455.478596,1, 0, 0, 1,-1.515087,6.104890,-10.345381,-1,2
68475,576194,777.566527,36455.395224,36455.504840,0, 0, 0, 0,-99.000000,-99.000000,-99.000000,-1,1
68475,576195,777.674469,36455.503166,36455.612783,1, 0, 0, 1,4.459660,3.952394,-6.736514,-1,2
68475,576196,777.676792,36455.505489,36455.615105,1, 0, 0, 1,-1.333546,-1.171591,16.556540,-1,2
68475,576197,777.784375,36455.613071,36455.722688,0, 0, 0, 0,-99.000000,-99.000000,-99.000000,-1,1
68475,576198,777.842500,36455.671196,36455.780813,1, 0, 0, 1,5.273397,5.695043,-17.393788,-1,2
68475,576199,777.861868,36455.690564,36455.800181,1, 0, 0, 1,0.262846,-1.702017,-3.430756,-1,2
68475,576200,777.960229,36455.788926,36455.898543,0, 0, 0, 0,-99.000000,-99.000000,-99.000000,-1,1
68475,576201,777.967547,36455.796243,36455.905860,1, 0, 0, 1,5.217625,-6.030048,-3.192090,-1,2
68475,576202,778.013349,36455.842045,36455.951662,0, 0, 0, 0,-99.000000,-99.000000,-99.000000,-1,1
68475,576203,778.037700,36455.866397,36455.976014,1, 0, 0, 1,1.350479,3.045275,9.587914,-1,2
68475,576204,778.102470,36455.931166,36456.040784,0, 0, 0, 0,-99.000000,-99.000000,-99.000000,-1,1
68475,576205,778.122377,36455.951073,36456.060690,1, 0, 0, 1,-4.671119,-2.820313,16.229432,-1,2
68475,576206,778.217392,36456.046088,36456.155706,1, 0, 0, 1,-7.183680,-1.854629,14.370461,-1,2
68475,576207,778.289258,36456.117953,36456.227571,0, 0, 0, 0,-99.000000,-99.000000,-99.000000,-1,1
68475,576208,778.425519,36456.254214,36456.363832,1, 0, 0, 1,-0.403263,4.880665,-6.394379,-1,2
68475,576209,778.551763,36456.380459,36456.490077,1, 0, 0, 1,-4.694982,5.645237,-11.573396,-1,2
68475,576210,778.795421,36456.624116,36456.733735,1, 0, 0, 1,-3.153037,4.388384,16.116528,-1,2
68475,576211,778.843008,36456.671702,36456.781321,0, 0, 0, 0,-99.000000,-99.000000,-99.000000,-1,1
68475,576212,778.878449,36456.707143,36456.816762,0, 0, 0, 0,-99.000000,-99.000000,-99.000000,-1,1
68475,576213,778.971576,36456.800270,36456.909889,1, 0, 0, 1,9.757873,-5.839865,-18.114296,-1,2
68475,576214,779.078228,36456.906922,36457.016541,1, 0, 0, 1,4.775477,-2.838122,-1.510374,-1,2
68475,576215,779.084063,36456.912757,36457.022376,1, 0, 0, 1,1.982673,-3.750383,21.357241,-1,2
68475,576216,779.135006,36456.963700,36457.073320,1, 0, 0, 1,-5.781355,6.973886,-19.626465,-1,2
68475,576217,779.323172,36457.151866,36457.261485,1, 0, 0, 1,-1.559649,-4.452011,11.425689,-1,2
68475,576218,779.400451,36457.229144,36457.338764,1, 0, 0, 1,-0.230871,-7.932822,-10.252453,-1,2
68475,576219,779.611087,36457.439780,36457.549400,1, 0, 0, 1,10.814081,0.150169,-8.692621,-1,2
68475,576220,779.639557,36457.468250,36457.577870,0, 0, 0, 0,-99.000000,-99.000000,-99.000000,-1,1
68475,576221,779.728301,36457.556994,36457.666615,0, 0, 0, 0,-99.000000,-99.000000,-99.000000,-1,0
68475,576222,779.967400,36457.796093,36457.905714,1, 0, 0, 1,2.065339,-3.858111,9.713490,-1,8
68475,576223,780.074809,36457.903501,36458.013123,1, 0, 0, 1,-1.905848,-9.264556,-8.202824,-1,2
68475,576224,780.087318,36457.916010,36458.025631,1, 0, 0, 1,7.239529,-1.205287,-8.997539,-1,2
68475,576225,780.095910,36457.924602,36458.034224,1, 0, 0, 1,0.884392,-0.186399,-15.935911,-1,2
68475,576226,780.098874,36457.927566,36458.037188,1, 0, 0, 1,6.356697,1.668067,-9.555629,-1,2
68475,576227,780.115248,36457.943940,36458.053562,1, 0, 0, 1,2.307400,-4.078565,-9.959840,-1,2
68475,576228,780.147790,36457.976482,36458.086103,0, 0, 0, 0,-99.000000,-99.000000,-99.000000,-1,0
68475,576229,780.261869,36458.090561,36458.200183,1, 0, 0, 1,0.846817,-9.747064,21.434760,-1,2
68475,576230,780.281484,36458.110176,36458.219798,1, 0, 0, 1,5.247080,4.456448,-12.804530,-1,2
68475,576231,780.299963,36458.128655,36458.238277,0, 0, 0, 0,-99.000000,-99.000000,-99.000000,-1,0
68475,576232,780.372033,36458.200725,36458.310346,1, 0, 0, 1,-5.848312,4.743496,1.099417,-1,2
68475,576233,780.414837,36458.243528,36458.353150,0, 0, 0, 0,-99.000000,-99.000000,-99.000000,-1,0
68475,576234,780.425140,36458.253831,36458.363453,1, 0, 0, 1,12.524197,3.618386,2.670245,-1,2
68475,576235,780.453312,36458.282003,36458.391625,0, 0, 0, 0,-99.000000,-99.000000,-99.000000,-1,1
68475,576236,780.457938,36458.286629,36458.396252,1, 0, 0, 1,1.742979,-7.989381,12.217512,-1,2
68475,576237,780.522082,36458.350773,36458.460396,0, 0, 0, 0,-99.000000,-99.000000,-99.000000,-1,1
68475,576238,780.560233,36458.388924,36458.498547,1, 0, 0, 1,-3.851949,-4.093095,20.867700,-1,2
68475,576239,780.763835,36458.592526,36458.702149,1, 0, 0, 1,-6.301408,-0.110376,22.098283,-1,2
68475,576240,780.802763,36458.631454,36458.741077,1, 0, 0, 1,2.131911,0.267881,6.854975,-1,2
68475,576241,781.093496,36458.922186,36459.031810,0, 0, 0, 0,-99.000000,-99.000000,-99.000000,-1,0
68475,576242,781.178623,36459.007313,36459.116936,0, 0, 0, 0,-99.000000,-99.000000,-99.000000,-1,1
68475,576243,781.197886,36459.026575,36459.136199,1, 0, 0, 1,-1.830709,0.063003,-0.319137,-1,2
68475,576244,781.243540,36459.072230,36459.181854,1, 0, 0, 1,-5.964401,-1.340878,-16.946081,-1,2
68475,576245,781.254434,36459.083124,36459.192748,1, 0, 0, 1,-6.429735,4.243464,15.298803,-1,2
68475,576246,781.477531,36459.306220,36459.415844,1, 0, 0, 1,8.098399,6.819060,-10.968736,-1,2
68475,576247,781.502931,36459.331621,36459.441245,1, 0, 0, 1,7.296258,7.962769,-3.720778,-1,2
68475,576248,781.585164,36459.413853,36459.523477,0, 0, 0, 0,-99.000000,-99.000000,-99.000000,-1,0
68475,576249,781.787071,36459.615760,36459.725384,0, 0, 0, 0,-99.000000,-99.000000,-99.000000,-1,1
68475,576250,781.866500,36459.695189,36459.804814,1, 0, 0, 1,5.672507,-5.704375,-16.655493,-1,2
68475,576251,781.954628,36459.783317,36459.892942,1, 0, 0, 1,-2.798377,-7.736985,21.848514,-1,2
68475,576252,782.116165,36459.944853,36460.054479,1, 0, 0, 1,7.471702,-0.406200,6.455619,-1,2
68475,576253,782.118051,36459.946739,36460.056365,1, 0, 0, 1,-6.943930,-2.604182,21.985982,-1,5
68475,576254,782.158556,36459.987244,36460.096870,1, 0, 0, 1,5.746732,4.090121,-10.306455,-1,2
68475,576255,782.189410,36460.018098,36460.127724,1, 0, 0, 1,-1.760954,10.726340,-8.105862,-1,2
68475,576256,782.290071,36460.118758,36460.228384,1, 0, 0, 1,2.810245,5.016170,-11.066988,-1,2
68475,576257,782.353381,36460.182069,36460.291695,0, 0, 0, 0,-99.000000,-99.000000,-99.000000,-1,1
68475,576258,782.430759,36460.259446,36460.369072,0, 0, 0, 0,-99.000000,-99.000000,-99.000000,-1,0
68475,576259,782.648045,36460.476732,36460.586359,1, 0, 0, 1,-7.725397,2.046588,-19.364530,-1,2
68475,576260,782.681681,36460.510368,36460.619994,0, 0, 0, 0,-99.000000,-99.000000,-99.000000,-1,0
68475,576261,782.692253,36460.520940,36460.630567,1, 0, 0, 1,5.514727,3.636224,-12.693156,-1,2
68475,576262,782.880956,36460.709642,36460.819269,1, 0, 0, 1,1.224969,-5.326950,-11.241098,-1,2
68475,576263,782.941702,36460.770388,36460.880015,0, 0, 0, 0,-99.000000,-99.000000,-99.000000,-1,0
68475,576264,783.013558,36460.842245,36460.951872,1, 0, 0, 1,8.814386,-1.905217,-13.865628,-1,2
68475,576265,783.110831,36460.939517,36461.049144,1, 0, 0, 1,-2.107235,-0.974791,4.096949,-1,2
68475,576266,783.226362,36461.055047,36461.164675,1, 0, 0, 1,5.037547,1.981374,4.112844,-1,2
68475,576267,783.255845,36461.084531,36461.194159,1, 0, 0, 1,10.740095,-4.811177,6.777745,-1,2
68475,576268,783.320745,36461.149431,36461.259058,1, 0, 0, 1,-7.200040,-2.283362,-11.568851,-1,2
68475,576269,783.573821,36461.402506,36461.512135,0, 0, 0, 0,-99.000000,-99.000000,-99.000000,-1,0
68475,576270,783.627530,36461.456215,36461.565843,1, 0, 0, 1,4.115421,-8.211135,6.645217,-1,2
68475,576271,783.722381,36461.551066,36461.660694,0, 0, 0, 0,-99.000000,-99.000000,-99.000000,-1,0
68475,576272,783.864617,36461.693301,36461.802930,1, 0, 0, 1,-3.880791,-2.928528,6.452874,-1,2
68475,576273,784.096220,36461.924904,36462.034533,0, 0, 0, 0,-99.000000,-99.000000,-99.000000,-1,0
68475,576274,784.312470,36462.141154,36462.250783,0, 0, 0, 0,-99.000000,-99.000000,-99.000000,-1,0
68475,576275,784.324061,36462.152744,36462.262374,1, 0, 0, 1,-3.022069,10.039105,-12.701159,-1,2
68475,576276,784.353689,36462.182372,36462.292002,1, 0, 0, 1,2.218034,-2.211551,2.995882,-1,2
68475,576277,784.404620,36462.233303,36462.342933,1, 0, 0, 1,2.292706,-0.260240,-6.819815,-1,2
68475,576278,784.436029,36462.264712,36462.374343,0, 0, 0, 0,-99.000000,-99.000000,-99.000000,-1,1
68475,576279,784.450376,36462.279060,36462.388690,1, 0, 0, 1,1.749597,-0.923942,-7.818338,-1,2
68475,576280,784.479724,36462.308407,36462.418038,1, 0, 0, 1,3.326684,3.929340,-11.904622,-1,2
68475,576281,784.797682,36462.626364,36462.735995,1, 0, 0, 1,0.301357,-5.222183,0.872610,-1,2
68475,576282,784.878880,36462.707562,36462.817193,1, 0, 0, 1,-9.878436,5.621892,3.780937,-1,2
68475,576283,784.887480,36462.716162,36462.825793,1, 0, 0, 1,1.802245,-2.970784,13.541610,-1,2
68475,576284,784.888973,36462.717655,36462.827286,0, 0, 0, 0,-99.000000,-99.000000,-99.000000,-1,0
68475,576285,784.962197,36462.790879,36462.900510,1, 0, 0, 1,-0.632299,8.168644,8.920065,-1,2
68475,576286,784.965692,36462.794374,36462.904005,1, 0, 0, 1,-1.839455,1.979794,7.630215,-1,2
68475,576287,784.980295,36462.808977,36462.918609,1, 0, 0, 1,0.667297,-0.375187,-6.724853,-1,2
68475,576288,784.999425,36462.828108,36462.937739,0, 0, 0, 0,-99.000000,-99.000000,-99.000000,-1,0
68475,576289,785.205420,36463.034102,36463.143734,1, 0, 0, 1,-0.222006,-1.472826,-6.940415,-1,4
68475,576290,785.259652,36463.088333,36463.197965,1, 0, 0, 1,-3.929998,0.398742,5.238496,-1,2
68475,576291,785.266372,36463.095054,36463.204686,0, 0, 0, 0,-99.000000,-99.000000,-99.000000,-1,1
68475,576292,785.291737,36463.120419,36463.230051,0, 0, 0, 0,-99.000000,-99.000000,-99.000000,-1,1
68475,576293,785.323306,36463.151987,36463.261619,1, 0, 0, 1,-6.363914,1.874307,5.853055,-1,2
68475,576294,785.486850,36463.315531,36463.425164,1, 0, 0, 1,-3.006641,-0.953346,-4.789114,-1,2
68475,576295,785.495351,36463.324032,36463.433664,1, 0, 0, 1,-5.979574,-3.112300,0.593073,-1,2
68475,576296,785.593379,36463.422060,36463.531693,1, 0, 0, 1,8.230089,-0.353902,1.792576,-1,2
68475,576297,785.693213,36463.521894,36463.631527,1, 0, 0, 1,0.290703,2.648897,-3.004336,-1,2
68475,576298,785.789611,36463.618291,36463.727924,1, 0, 0, 1,-6.170317,-0.008011,19.058181,-1,2
68475,576299,785.818707,36463.647388,36463.757021,1, 0, 0, 1,5.333388,-1.903258,22.139763,-1,2
68475,576300,785.921926,36463.750606,36463.860239,1, 0, 0, 1,-3.834499,5.304515,5.647004,-1,2
68475,576301,785.999996,36463.828677,36463.938310,0, 0, 0, 0,-99.000000,-99.000000,-99.000000,-1,1
68475,576302,786.085488,36463.914168,36464.023801,0, 0, 0, 0,-99.000000,-99.000000,-99.000000,-1,1
68475,576303,786.141910,36463.970590,36464.080224,1, 0, 0, 1,-3.015210,-4.276302,-5.789437,-1,2
68475,576304,786.155397,36463.984076,36464.093710,1, 0, 0, 1,-1.493905,3.334045,14.928194,-1,2
68475,576305,786.195482,36464.024162,36464.133796,1, 0, 0, 1,-2.467403,-2.861157,7.656212,-1,2
68475,576306,786.209956,36464.038636,36464.148270,1, 0, 0, 1,-8.390503,0.256026,10.733405,-1,2
68475,576307,786.405263,36464.233943,36464.343577,1, 0, 0, 1,7.895153,-3.281254,21.943295,-1,2
68475,576308,786.411665,36464.240344,36464.349978,0, 0, 0, 0,-99.000000,-99.000000,-99.000000,-1,1
68475,576309,786.702559,36464.531238,36464.640872,0, 0, 0, 0,-99.000000,-99.000000,-99.000000,-1,0
68475,576310,786.722871,36464.551550,36464.661185,0, 0, 0, 0,-99.000000,-99.000000,-99.000000,-1,0
68475,576311,786.728040,36464.556719,36464.666353,0, 0, 0, 0,-99.000000,-99.000000,-99.000000,-1,1
68475,576312,786.861458,36464.690136,36464.799771,1, 0, 0, 1,0.085433,-2.526116,-11.166116,-1,3
68475,576313,786.895298,36464.723976,36464.833611,1, 0, 0, 1,1.469899,-2.695458,-4.173777,-1,2
68475,576314,786.972983,36464.801662,36464.911297,0, 0, 0, 0,-99.000000,-99.000000,-99.000000,-1,1
68475,576315,787.388699,36465.217377,36465.327013,1, 0, 0, 1,-0.312473,-6.404757,-12.850230,-1,2
68475,576316,787.427074,36465.255752,36465.365388,0, 0, 0, 0,-99.000000,-99.000000,-99.000000,-1,0
68475,576317,787.563830,36465.392507,36465.502143,0, 0, 0, 0,-99.000000,-99.000000,-99.000000,-1,1
68475,576318,787.575904,36465.404581,36465.514218,0, 0, 0, 0,-99.000000,-99.000000,-99.000000,-1,0
68475,576319,787.626135,36465.454812,36465.564448,0, 0, 0, 0,-99.000000,-99.000000,-99.000000,-1,0
68475,576320,787.655723,36465.484400,36465.594036,1, 0, 0, 1,-4.002200,6.578920,4.019560,-1,2
68475,576321,787.750190,36465.578867,36465.688503,0, 0, 0, 0,-99.000000,-99.000000,-99.000000,-1,1
68475,576322,787.914169,36465.742845,36465.852482,0, 0, 0, 0,-99.000000,-99.000000,-99.000000,-1,1
68475,576323,787.985813,36465.814489,36465.924126,1, 0, 0, 1,7.490944,1.066539,12.377958,-1,2
68475,576324,788.027672,36465.856348,36465.965986,1, 0, 0, 1,-6.880087,-5.120258,17.845200,-1,2
68475,576325,788.111125,36465.939801,36466.049438,1, 0, 0, 1,4.397530,-0.230128,9.101695,-1,2
68475,576326,788.332150,36466.160826,36466.270464,1, 0, 0, 1,1.329963,2.127800,16.622988,-1,2
68475,576327,788.456088,36466.284763,36466.394401,1, 0, 0, 1,-6.447517,-4.934810,16.932291,-1,2
68475,576328,788.607748,36466.436423,36466.546061,1, 0, 0, 1,-2.978019,-3.409524,-17.441813,-1,2
68475,576329,788.626762,36466.455436,36466.565075,0, 0, 0, 0,-99.000000,-99.000000,-99.000000,-1,1
68475,576330,788.655106,36466.483781,36466.593420,0, 0, 0, 0,-99.000000,-99.000000,-99.000000,-1,1
68475,576331,788.676076,36466.504751,36466.614389,0, 0, 0, 0,-99.000000,-99.000000,-99.000000,-1,0
68475,576332,789.058076,36466.886750,36466.996389,0, 0, 0, 0,-99.000000,-99.000000,-99.000000,-1,0
68475,576333,789.102919,36466.931593,36467.041233,0, 0, 0, 0,-99.000000,-99.000000,-99.000000,-1,1
68475,576334,789.174888,36467.003562,36467.113201,1, 0, 0, 1,0.387256,0.258071,-9.357170,-1,2
68475,576335,789.189150,36467.017824,36467.127464,1, 0, 0, 1,4.009369,-4.026684,14.152930,-1,2
68475,576336,789.342201,36467.170874,36467.280514,1, 0, 0, 1,1.170404,6.192701,15.359467,-1,2
68475,576337,789.440762,36467.269436,36467.379076,1, 0, 0, 1,6.523419,-1.154984,-16.330218,-1,2
68475,576338,789.588261,36467.416934,36467.526574,1, 0, 0, 1,7.466398,-3.437426,1.719826,-1,2
68475,576339,789.759336,36467.588008,36467.697649,1, 0, 0, 1,2.121562,-4.831495,7.798481,-1,2
68475,576340,790.054822,36467.883494,36467.993136,0, 0, 0, 0,-99.000000,-99.000000,-99.000000,-1,1
68475,576341,790.196365,36468.025037,36468.134679,0, 0, 0, 0,-99.000000,-99.000000,-99.000000,-1,0
68475,576342,790.363817,36468.192488,36468.302130,1, 0, 0, 1,-0.595674,-5.979733,13.210483,-1,3
68475,576343,790.488028,36468.316700,36468.426342,0, 0, 0, 0,-99.000000,-99.000000,-99.000000,-1,1
68475,576344,790.543728,36468.372399,36468.482042,1, 0, 0, 1,0.096901,-2.950691,-18.917828,-1,2
68475,576345,790.551000,36468.379671,36468.489314,1, 1, 0, 1,1.442275,3.043586,14.473009,-1,4
68475,576346,790.590628,36468.419299,36468.528942,1, 0, 0, 1,7.484715,-6.404305,8.564190,-1,3
68475,576347,790.804448,36468.633119,36468.742762,1, 1, 1, 1,1.495580,1.520904,-5.983113,-1,6
68475,576348,791.002429,36468.831099,36468.940743,0, 0, 0, 0,-99.000000,-99.000000,-99.000000,-1,0
68475,576349,791.085074,36468.913744,36469.023388,1, 0, 0, 1,-8.140785,-1.442218,18.615915,-1,5
68475,576350,791.110522,36468.939192,36469.048835,1, 0, 0, 1,7.669274,-0.605888,-22.578378,-1,2
68475,576351,791.183554,36469.012224,36469.121867,1, 0, 0, 1,0.538268,-3.756287,17.519325,-1,2
68475,576352,791.419703,36469.248372,36469.358016,1, 0, 0, 1,-7.177566,1.074542,-15.349081,-1,2
68475,576353,791.522208,36469.350877,36469.460521,1, 0, 0, 1,-7.419426,3.013908,-10.797534,-1,2
68475,576354,791.574073,36469.402742,36469.512387,0, 0, 0, 0,-99.000000,-99.000000,-99.000000,-1,0
68475,576355,791.863586,36469.692254,36469.801899,0, 0, 0, 0,-99.000000,-99.000000,-99.000000,-1,1
68475,576356,792.159024,36469.987692,36470.097338,0, 0, 0, 0,-99.000000,-99.000000,-99.000000,-1,1
68475,576357,792.172896,36470.001564,36470.111209,0, 0, 0, 0,-99.000000,-99.000000,-99.000000,-1,1
68475,576358,792.239013,36470.067680,36470.177326,1, 0, 0, 1,-4.832774,2.007623,-20.812433,-1,2
68475,576359,792.260412,36470.089080,36470.198726,1, 0, 0, 1,-0.507040,-1.503360,-17.742857,-1,2
68475,576360,792.366743,36470.195410,36470.305056,1, 1, 1, 1,-0.826113,1.631483,-5.665162,-1,3
68475,576361,792.505347,36470.334014,36470.443661,1, 0, 0, 1,-2.178301,5.068176,6.307827,-1,2
68475,576362,792.509900,36470.338567,36470.448213,1, 0, 0, 1,6.997975,4.469251,4.887797,-1,2
68475,576363,792.847907,36470.676573,36470.786220,1, 0, 0, 1,-2.993917,-7.636547,-9.358740,-1,2
68475,576364,792.900523,36470.729189,36470.838836,0, 0, 0, 0,-99.000000,-99.000000,-99.000000,-1,1
68475,576365,793.251231,36471.079896,36471.189544,1, 0, 0, 1,1.106718,1.962553,15.272347,-1,2
68475,576366,793.277632,36471.106297,36471.215945,1, 0, 0, 1,-3.315830,0.145338,11.149324,-1,2
68475,576367,793.474412,36471.303078,36471.412726,0, 0, 0, 0,-99.000000,-99.000000,-99.000000,-1,1
68475,576368,793.510180,36471.338846,36471.448494,1, 0, 0, 1,3.750504,-9.514929,9.717527,-1,2
68475,576369,793.590220,36471.418885,36471.528534,0, 0, 0, 0,-99.000000,-99.000000,-99.000000,-1,1
68475,576370,793.789657,36471.618321,36471.727970,1, 0, 0, 1,-3.481646,1.791036,15.992038,-1,2
68475,576371,793.795820,36471.624484,36471.734133,1, 0, 0, 1,6.857153,-0.110864,-9.116203,-1,2
68475,576372,793.853635,36471.682299,36471.791948,0, 0, 0, 0,-99.000000,-99.000000,-99.000000,-1,1
68475,576373,794.131014,36471.959678,36472.069327,0, 0, 0, 0,-99.000000,-99.000000,-99.000000,-1,0
68475,576374,794.163316,36471.991979,36472.101629,1, 0, 0, 1,-2.100765,2.428997,-8.213427,-1,2
68475,576375,794.287197,36472.115861,36472.225511,1, 0, 0, 1,2.203437,7.390955,-18.548205,-1,2
68475,576376,794.677620,36472.506283,36472.615934,0, 0, 0, 0,-99.000000,-99.000000,-99.000000,-1,1
68475,576377,794.697013,36472.525675,36472.635326,1, 0, 0, 1,5.000100,-5.040386,-9.631337,-1,2
68475,576378,794.927646,36472.756308,36472.865959,1, 0, 0, 1,3.045068,0.585006,0.128611,-1,4
68475,576379,795.294186,36473.122848,36473.232500,1, 0, 0, 1,3.074097,-5.306515,3.363531,-1,2
68475,576380,795.332209,36473.160871,36473.270523,1, 0, 0, 1,5.858941,-2.476502,-5.725870,-1,2
68475,576381,795.435994,36473.264656,36473.374308,1, 0, 0, 1,4.979107,-0.032167,-0.988373,-1,2
68475,576382,795.796545,36473.625206,36473.734859,1, 0, 0, 1,-1.402287,0.079547,-19.554456,-1,2
68475,576383,795.871087,36473.699748,36473.809401,1, 0, 0, 1,-7.469586,4.144932,9.975815,-1,2
68475,576384,795.912519,36473.741179,36473.850832,1, 0, 0, 1,-1.119885,-9.179236,-5.145116,-1,2
68475,576385,796.166672,36473.995332,36474.104986,0, 0, 0, 0,-99.000000,-99.000000,-99.000000,-1,1
68475,576386,796.188544,36474.017204,36474.126858,1, 0, 0, 1,8.327170,2.860277,-20.289479,-1,3
68475,576387,796.243948,36474.072608,36474.182262,1, 0, 0, 1,-4.618338,-6.847722,-18.250104,-1,2
68475,576388,796.296289,36474.124948,36474.234602,0, 0, 0, 0,-99.000000,-99.000000,-99.000000,-1,1
68475,576389,796.472354,36474.301013,36474.410668,1, 0, 0, 1,-3.771233,-0.681187,-15.033147,-1,2
68475,576390,796.536344,36474.365003,36474.474658,0, 0, 0, 0,-99.000000,-99.000000,-99.000000,-1,1
68475,576391,796.582144,36474.410803,36474.520458,0, 0, 0, 0,-99.000000,-99.000000,-99.000000,-1,1
68475,576392,796.678108,36474.506766,36474.616421,0, 0, 0, 0,-99.000000,-99.000000,-99.000000,-1,0
68475,576393,796.905417,36474.734075,36474.843730,1, 0, 0, 1,-3.346922,-2.503418,-6.987686,-1,2
68475,576394,796.940754,36474.769412,36474.879067,0, 0, 0, 0,-99.000000,-99.000000,-99.000000,-1,0
68475,576395,796.941899,36474.770557,36474.880213,1, 0, 0, 1,2.826566,4.200935,-2.096680,-1,2
68475,576396,797.070363,36474.899021,36475.008676,0, 0, 0, 0,-99.000000,-99.000000,-99.000000,-1,1
68475,576397,797.209437,36475.038095,36475.147751,0, 0, 0, 0,-99.000000,-99.000000,-99.000000,-1,1
68475,576398,797.594012,36475.422669,36475.532325,1, 0, 0, 1,-2.304436,2.036796,-5.234769,-1,2
68475,576399,797.729513,36475.558170,36475.667827,1, 0, 0, 1,5.019408,-1.598800,0.594975,-1,2
68475,576400,797.758401,36475.587057,36475.696715,1, 0, 0, 1,-5.470159,3.312548,0.490386,-1,2
68475,576401,797.811347,36475.640003,36475.749660,0, 0, 0, 0,-99.000000,-99.000000,-99.000000,-1,1
68475,576402,797.929436,36475.758092,36475.867750,0, 0, 0, 0,-99.000000,-99.000000,-99.000000,-1,1
68475,576403,798.590764,36476.419419,36476.529078,1, 0, 0, 1,-5.810362,3.482036,-14.992359,-1,2
68475,576404,798.807039,36476.635693,36476.745353,1, 0, 0, 1,5.010315,-7.330583,7.681649,-1,2
68475,576405,798.901544,36476.730198,36476.839857,1, 0, 0, 1,-3.502454,2.549435,-3.604628,-1,2
68475,576406,798.968429,36476.797083,36476.906743,0, 0, 0, 0,-99.000000,-99.000000,-99.000000,-1,1
68475,576407,799.256647,36477.085301,36477.194961,1, 0, 0, 1,4.757541,3.629598,-2.790529,-1,2
68475,576408,799.287530,36477.116184,36477.225844,1, 0, 0, 1,3.286979,-3.340629,16.603135,-1,2
68475,576409,799.390996,36477.219650,36477.329310,1, 0, 0, 1,1.722849,-3.164323,-20.438999,-1,2
68475,576410,799.516171,36477.344824,36477.454484,1, 0, 0, 1,-5.507301,-3.680236,-5.272948,-1,2
68475,576411,799.568096,36477.396749,36477.506410,0, 0, 0, 0,-99.000000,-99.000000,-99.000000,-1,1
68475,576412,799.575818,36477.404471,36477.514132,1, 0, 0, 1,0.367210,2.814437,-5.868446,-1,2
68475,576413,799.637029,36477.465681,36477.575342,1, 0, 0, 1,3.959166,-1.506473,-6.076428,-1,2
68475,576414,799.712652,36477.541304,36477.650965,1, 0, 0, 1,-7.271238,1.702554,12.079923,-1,4
68475,576415,799.813071,36477.641723,36477.751384,0, 0, 0, 0,-99.000000,-99.000000,-99.000000,-1,0
68475,576416,799.985845,36477.814497,36477.924159,0, 0, 0, 0,-99.000000,-99.000000,-99.000000,-1,1
68475,576417,800.002384,36477.831036,36477.940698,1, 0, 0, 1,7.551292,4.810215,-14.216087,-1,2
68475,576418,800.032593,36477.861245,36477.970906,1, 0, 0, 1,-1.071067,-1.866004,-6.033231,-1,2
68475,576419,800.100989,36477.929641,36478.039303,1, 0, 0, 1,2.169978,-3.007785,20.786169,-1,2
68475,576420,800.237685,36478.066337,36478.175999,1, 0, 0, 1,4.386657,-3.957112,-5.324189,-1,2
68475,576421,800.256614,36478.085265,36478.194927,0, 0, 0, 0,-99.000000,-99.000000,-99.000000,-1,1
68475,576422,800.263655,36478.092307,36478.201969,1, 0, 0, 1,-2.218714,-4.787158,-4.366589,-1,2
68475,576423,800.265723,36478.094375,36478.204037,1, 0, 0, 1,-5.491967,4.062360,-10.335057,-1,2
68475,576424,800.485978,36478.314629,36478.424292,1, 0, 0, 1,6.978237,1.834313,-6.189509,-1,4
68475,576425,800.493813,36478.322464,36478.432127,1, 0, 0, 1,7.265580,3.664235,16.477217,-1,2
68475,576426,800.708905,36478.537555,36478.647218,0, 0, 0, 0,-99.000000,-99.000000,-99.000000,-1,1
68475,576427,800.735839,36478.564489,36478.674152,1, 0, 0, 1,-0.442395,-9.901705,5.330091,-1,2
68475,576428,800.901781,36478.730431,36478.840094,1, 0, 0, 1,-6.761254,2.329183,11.904464,-1,2
68475,576429,801.052188,36478.880838,36478.990502,0, 0, 0, 0,-99.000000,-99.000000,-99.000000,-1,0
68475,576430,801.206255,36479.034905,36479.144569,1, 0, 0, 1,7.712725,12.280340,-16.146566,-1,2
68475,576431,801.312981,36479.141630,36479.251294,0, 0, 0, 0,-99.000000,-99.000000,-99.000000,-1,1
68475,576432,801.490653,36479.319302,36479.428966,0, 0, 0, 0,-99.000000,-99.000000,-99.000000,-1,1
68475,576433,801.533442,36479.362091,36479.471756,0, 0, 0, 0,-99.000000,-99.000000,-99.000000,-1,1
68475,576434,801.534930,36479.363579,36479.473244,0, 0, 0, 0,-99.000000,-99.000000,-99.000000,-1,1
68475,576435,801.562114,36479.390763,36479.500427,1, 0, 0, 1,-1.079337,-1.857033,-7.311559,-1,2
68475,576436,801.686796,36479.515444,36479.625109,0, 0, 0, 0,-99.000000,-99.000000,-99.000000,-1,1
68475,576437,801.724760,36479.553409,36479.663074,1, 0, 0, 1,0.157209,8.308059,-12.900009,-1,2
68475,576438,801.801378,36479.630027,36479.739692,1, 0, 0, 1,-0.708224,0.070431,-19.240077,-1,2
68475,576439,801.845529,36479.674177,36479.783842,1, 0, 0, 1,-6.038243,-3.436698,7.113803,-1,2
68475,576440,801.892903,36479.721551,36479.831216,1, 0, 0, 1,-5.758836,0.205042,-19.670433,-1,2
68475,576441,801.903897,36479.732545,36479.842210,1, 0, 0, 1,2.259189,0.052704,13.821185,-1,2
68475,576442,801.956246,36479.784894,36479.894560,0, 0, 0, 0,-99.000000,-99.000000,-99.000000,-1,0
68475,576443,801.986072,36479.814720,36479.924385,1, 0, 0, 1,5.424577,3.201530,-10.075344,-1,2
68475,576444,802.128966,36479.957613,36480.067279,0, 0, 0, 0,-99.000000,-99.000000,-99.000000,-1,1
68475,576445,802.308774,36480.137421,36480.247088,1, 0, 0, 1,6.632067,6.276031,-17.174289,-1,3
68475,576446,802.477606,36480.306253,36480.415920,1, 1, 0, 1,3.101727,0.497640,20.073580,-1,3
68475,576447,802.493619,36480.322265,36480.431932,1, 0, 0, 1,3.905182,-4.919055,15.439448,-1,3
68475,576448,802.645510,36480.474157,36480.583824,0, 0, 0, 0,-99.000000,-99.000000,-99.000000,-1,1
68475,576449,802.796648,36480.625295,36480.734962,1, 0, 0, 1,9.009067,-0.408786,-18.178877,-1,2
68475,576450,802.821909,36480.650555,36480.760222,1, 0, 0, 1,-5.716201,3.370222,11.951858,-1,2
68475,576451,803.039382,36480.868028,36480.977695,0, 0, 0, 0,-99.000000,-99.000000,-99.000000,-1,1
68475,576452,803.098191,36480.926837,36481.036505,0, 0, 0, 0,-99.000000,-99.000000,-99.000000,-1,1
68475,576453,803.114631,36480.943277,36481.052944,1, 0, 0, 1,-1.292324,-5.528501,3.532099,-1,2
68475,576454,803.118129,36480.946775,36481.056442,0, 0, 0, 0,-99.000000,-99.000000,-99.000000,-1,1
68475,576455,803.162272,36480.990918,36481.100586,0, 0, 0, 0,-99.000000,-99.000000,-99.000000,-1,1
68475,576456,803.257941,36481.086587,36481.196255,0, 0, 0, 0,-99.000000,-99.000000,-99.000000,-1,0
68475,576457,803.264350,36481.092995,36481.202663,0, 0, 0, 0,-99.000000,-99.000000,-99.000000,-1,1
68475,576458,803.511295,36481.339939,36481.449608,1, 0, 0, 1,-0.087865,-0.360127,10.727032,-1,2
68475,576459,803.539457,36481.368101,36481.477770,1, 0, 0, 1,-1.701551,7.228743,-13.703149,-1,2
68475,576460,804.009848,36481.838492,36481.948161,1, 0, 0, 1,-6.517402,-4.218320,-17.873420,-1,2
68475,576461,804.161763,36481.990406,36482.100076,1, 0, 0, 1,-2.018095,-4.181384,-15.460673,-1,2
68475,576462,804.232797,36482.061440,36482.171110,1, 0, 0, 1,3.352248,-1.771613,-3.122475,-1,2
68475,576463,804.234486,36482.063129,36482.172800,0, 0, 0, 0,-99.000000,-99.000000,-99.000000,-1,1
68475,576464,804.333397,36482.162040,36482.271710,1, 0, 0, 1,4.765793,-2.357515,10.510328,-1,2
68475,576465,804.404148,36482.232791,36482.342461,1, 0, 0, 1,7.955815,2.629670,-16.542459,-1,2
68475,576466,804.430660,36482.259303,36482.368973,0, 0, 0, 0,-99.000000,-99.000000,-99.000000,-1,0
68475,576467,804.533551,36482.362194,36482.471864,0, 0, 0, 0,-99.000000,-99.000000,-99.000000,-1,1
68475,576468,804.592917,36482.421560,36482.531231,1, 0, 0, 1,-1.994876,-3.500106,9.787725,-1,2
68475,576469,804.673632,36482.502275,36482.611946,1, 0, 0, 1,0.241392,-2.892311,-15.473946,-1,2
68475,576470,804.680391,36482.509034,36482.618705,0, 0, 0, 0,-99.000000,-99.000000,-99.000000,-1,1
68475,576471,804.760248,36482.588891,36482.698562,1, 0, 0, 1,5.471394,-9.452983,-15.192222,-1,4
68475,576472,804.795951,36482.624594,36482.734265,1, 0, 0, 1,-5.884448,3.299564,-12.034761,-1,3
68475,576473,804.933237,36482.761879,36482.871550,1, 0, 0, 1,1.629044,-8.701037,-18.250513,-1,3
68475,576474,805.012072,36482.840714,36482.950386,0, 0, 0, 0,-99.000000,-99.000000,-99.000000,-1,1
68475,576475,805.068201,36482.896842,36483.006514,1, 0, 0, 1,7.421377,-5.052199,-19.589780,-1,2
68475,576476,805.137020,36482.965662,36483.075334,1, 0, 0, 1,-0.605549,2.243657,-18.144561,-1,2
68475,576477,805.151572,36482.980213,36483.089885,0, 0, 0, 0,-99.000000,-99.000000,-99.000000,-1,1
68475,576478,805.288581,36483.117222,36483.226894,1, 0, 0, 1,-7.229972,1.052227,8.448127,-1,2
68475,576479,805.300246,36483.128887,36483.238559,1, 0, 0, 1,-1.322142,-4.368109,2.456928,-1,3
68475,576480,805.388223,36483.216864,36483.326537,1, 0, 0, 1,7.359802,-1.735740,-11.544729,-1,2
68475,576481,805.475148,36483.303788,36483.413461,1, 0, 0, 1,-0.341107,-2.349236,-5.728405,-1,2
68475,576482,805.556757,36483.385398,36483.495071,1, 0, 0, 1,3.981630,-7.017463,6.657476,-1,2
68475,576483,805.601043,36483.429684,36483.539357,0, 0, 0, 0,-99.000000,-99.000000,-99.000000,-1,1
68475,576484,805.651057,36483.479697,36483.589370,0, 0, 0, 0,-99.000000,-99.000000,-99.000000,-1,1
68475,576485,805.707205,36483.535845,36483.645518,0, 0, 0, 0,-99.000000,-99.000000,-99.000000,-1,1
68475,576486,805.743924,36483.572564,36483.682237,1, 0, 0, 1,0.249367,5.071264,11.740103,-1,2
68475,576487,805.855261,36483.683901,36483.793575,0, 0, 0, 0,-99.000000,-99.000000,-99.000000,-1,0
68475,576488,805.867523,36483.696163,36483.805836,1, 0, 0, 1,2.766085,6.622673,16.370147,-1,2
68475,576489,805.977036,36483.805676,36483.915350,1, 0, 0, 1,-0.216225,-3.191610,-16.784918,-1,2
68475,576490,806.034089,36483.862729,36483.972403,1, 0, 0, 1,-4.091417,2.471866,-1.357994,-1,2
68475,576491,806.036001,36483.864640,36483.974314,1, 0, 0, 1,-4.652544,6.460654,-19.108835,-1,3
68475,576492,806.118386,36483.947025,36484.056699,1, 0, 0, 1,-3.214420,9.115756,-15.668671,-1,2
68475,576493,806.229293,36484.057933,36484.167607,1, 0, 0, 1,-2.973143,-1.699927,-11.400677,-1,2
68475,576494,806.329351,36484.157990,36484.267664,1, 0, 0, 1,-5.460080,-6.476630,-11.490948,-1,2
68475,576495,806.342945,36484.171584,36484.281259,1, 0, 0, 1,-0.145141,3.861095,15.905982,-1,2
68475,576496,806.388200,36484.216839,36484.326513,0, 0, 0, 0,-99.000000,-99.000000,-99.000000,-1,1
68475,576497,806.403288,36484.231927,36484.341601,0, 0, 0, 0,-99.000000,-99.000000,-99.000000,-1,1
68475,576498,806.599752,36484.428390,36484.538065,1, 0, 0, 1,3.582780,-5.572149,-5.803207,-1,2
68475,576499,806.726621,36484.555259,36484.664934,1, 0, 0, 1,-3.861975,-1.768339,5.132281,-1,2
68475,576500,807.000062,36484.828699,36484.938375,0, 0, 0, 0,-99.000000,-99.000000,-99.000000,-1,1
68475,576501,807.005672,36484.834310,36484.943986,1, 0, 0, 1,1.911070,4.871154,-20.440700,-1,2
68475,576502,807.011156,36484.839793,36484.949469,0, 0, 0, 0,-99.000000,-99.000000,-99.000000,-1,0
68475,576503,807.011239,36484.839877,36484.949553,0, 0, 0, 0,-99.000000,-99.000000,-99.000000,-1,0
68475,576504,807.011637,36484.840275,36484.949951,0, 0, 0, 0,-99.000000,-99.000000,-99.000000,-1,1
68475,576505,807.145786,36484.974423,36485.084099,1, 0, 0, 1,1.444396,-0.271133,15.748973,-1,2
68475,576506,807.185290,36485.013927,36485.123603,1, 0, 0, 1,-1.116748,0.897291,9.473097,-1,2
68475,576507,807.272162,36485.100799,36485.210475,0, 0, 0, 0,-99.000000,-99.000000,-99.000000,-1,1
68475,576508,807.359437,36485.188074,36485.297750,0, 0, 0, 0,-99.000000,-99.000000,-99.000000,-1,0
68475,576509,807.478016,36485.306653,36485.416329,1, 0, 0, 1,-0.784916,-1.282427,13.845210,-1,2
68475,576510,807.496713,36485.325350,36485.435027,0, 0, 0, 0,-99.000000,-99.000000,-99.000000,-1,1
68475,576511,807.625652,36485.454288,36485.563965,1, 0, 0, 1,-0.287982,7.810423,-10.668278,-1,2
68475,576512,807.691505,36485.520141,36485.629818,1, 0, 0, 1,6.796597,1.065263,1.235074,-1,2
68475,576513,807.917410,36485.746046,36485.855723,0, 0, 0, 0,-99.000000,-99.000000,-99.000000,-1,1
68475,576514,807.931224,36485.759860,36485.869538,0, 0, 0, 0,-99.000000,-99.000000,-99.000000,-1,1
68475,576515,808.062377,36485.891012,36486.000690,1, 0, 0, 1,-6.197406,-1.046337,-1.573257,-1,2
68475,576516,808.210596,36486.039232,36486.148910,1, 0, 0, 1,6.283429,1.436214,-1.332606,-1,2
68475,576517,808.307530,36486.136165,36486.245844,1, 0, 0, 1,-1.198759,-0.806718,12.085765,-1,2
68475,576518,808.437454,36486.266089,36486.375767,0, 0, 0, 0,-99.000000,-99.000000,-99.000000,-1,1
68475,576519,808.576058,36486.404693,36486.514372,1, 0, 0, 1,-3.788409,8.606050,-14.110698,-1,2
68475,576520,808.760245,36486.588879,36486.698558,0, 0, 0, 0,-99.000000,-99.000000,-99.000000,-1,1
68475,576521,808.765710,36486.594344,36486.704023,1, 0, 0, 1,-0.395157,7.260445,12.347941,-1,2
68475,576522,808.833256,36486.661890,36486.771570,1, 0, 0, 1,0.301739,6.804564,-6.402147,-1,2
68475,576523,808.844401,36486.673035,36486.782714,0, 0, 0, 0,-99.000000,-99.000000,-99.000000,-1,1
68475,576524,808.957358,36486.785992,36486.895671,0, 0, 0, 0,-99.000000,-99.000000,-99.000000,-1,1
68475,576525,808.986688,36486.815322,36486.925002,1, 0, 0, 1,2.782009,-1.680277,4.126102,-1,2
68475,576526,809.012127,36486.840761,36486.950440,1, 0, 0, 1,2.509886,2.856786,-10.987392,-1,2
68475,576527,809.055012,36486.883646,36486.993326,1, 0, 0, 1,6.960364,1.143323,-0.099543,-1,2
68475,576528,809.115208,36486.943841,36487.053521,0, 0, 0, 0,-99.000000,-99.000000,-99.000000,-1,1
68475,576529,809.308924,36487.137557,36487.247238,0, 0, 0, 0,-99.000000,-99.000000,-99.000000,-1,1
68475,576530,809.554219,36487.382852,36487.492533,0, 0, 0, 0,-99.000000,-99.000000,-99.000000,-1,1
68475,576531,809.816351,36487.644983,36487.754665,0, 0, 0, 0,-99.000000,-99.000000,-99.000000,-1,1
68475,576532,809.842781,36487.671413,36487.781095,1, 0, 0, 1,0.913174,0.564767,-9.760614,-1,2
68475,576533,809.880633,36487.709265,36487.818947,0, 0, 0, 0,-99.000000,-99.000000,-99.000000,-1,1
68475,576534,810.026443,36487.855075,36487.964757,1, 0, 0, 1,-3.992979,-3.135885,-14.531269,-1,2
68475,576535,810.105567,36487.934198,36488.043880,0, 0, 0, 0,-99.000000,-99.000000,-99.000000,-1,1
68475,576536,810.287084,36488.115715,36488.225398,0, 0, 0, 0,-99.000000,-99.000000,-99.000000,-1,1
68475,576537,810.307362,36488.135993,36488.245676,0, 0, 0, 0,-99.000000,-99.000000,-99.000000,-1,1
68475,576538,810.397128,36488.225759,36488.335441,1, 0, 0, 1,-0.100847,-6.520141,-14.395500,-1,2
68475,576539,810.472460,36488.301091,36488.410774,1, 0, 0, 1,-0.527482,-2.911291,-16.933729,-1,2
68475,576540,810.661833,36488.490463,36488.600146,1, 0, 0, 1,-7.981352,4.107446,11.968256,-1,2
68475,576541,811.206426,36489.035055,36489.144739,1, 0, 0, 1,-4.257826,-3.406094,-16.950258,-1,2
68475,576542,811.349341,36489.177970,36489.287654,0, 0, 0, 0,-99.000000,-99.000000,-99.000000,-1,1
68475,576543,811.605090,36489.433718,36489.543403,0, 0, 0, 0,-99.000000,-99.000000,-99.000000,-1,1
68475,576544,811.667120,36489.495748,36489.605433,1, 0, 0, 1,5.015034,3.006020,18.413468,-1,2
68475,576545,811.734979,36489.563607,36489.673292,0, 0, 0, 0,-99.000000,-99.000000,-99.000000,-1,1
68475,576546,811.763073,36489.591701,36489.701387,1, 0, 0, 1,2.250899,-6.546088,-11.328629,-1,2
68475,576547,812.003227,36489.831855,36489.941540,0, 0, 0, 0,-99.000000,-99.000000,-99.000000,-1,1
68475,576548,812.214271,36490.042898,36490.152584,1, 0, 0, 1,0.038974,-4.199854,-4.454748,-1,4
68475,576549,812.303514,36490.132141,36490.241828,0, 0, 0, 0,-99.000000,-99.000000,-99.000000,-1,1
68475,576550,812.318957,36490.147584,36490.257271,1, 0, 0, 1,4.780630,0.667047,-5.888455,-1,2
68475,576551,812.676958,36490.505584,36490.615272,1, 0, 0, 1,-3.434755,2.822047,8.875020,-1,2
68475,576552,812.741231,36490.569857,36490.679544,1, 0, 0, 1,1.829235,-2.270577,-17.985785,-1,2
68475,576553,812.858022,36490.686648,36490.796335,0, 0, 0, 0,-99.000000,-99.000000,-99.000000,-1,1
68475,576554,812.870359,36490.698985,36490.808672,0, 0, 0, 0,-99.000000,-99.000000,-99.000000,-1,1
68475,576555,812.924320,36490.752946,36490.862634,1, 0, 0, 1,8.670672,2.980249,-14.306611,-1,4
68475,576556,812.974488,36490.803114,36490.912802,1, 0, 0, 1,-2.866430,9.718953,18.720012,-1,2
68475,576557,813.021291,36490.849916,36490.959604,1, 0, 0, 1,0.347383,-3.080935,10.925739,-1,2
68475,576558,813.421690,36491.250315,36491.360003,1, 0, 0, 1,-5.442842,-0.042014,-6.664178,-1,2
68475,576559,813.442126,36491.270750,36491.380439,0, 0, 0, 0,-99.000000,-99.000000,-99.000000,-1,1
68475,576560,813.538409,36491.367034,36491.476723,0, 0, 0, 0,-99.000000,-99.000000,-99.000000,-1,1
68475,576561,813.550299,36491.378924,36491.488613,1, 0, 0, 1,-0.983505,-6.277900,-12.751283,-1,2
68475,576562,813.554437,36491.383062,36491.492751,1, 0, 0, 1,7.364846,3.922140,14.255874,-1,2
68475,576563,813.764306,36491.592930,36491.702620,1, 0, 0, 1,6.112392,3.549601,-5.245320,-1,2
68475,576564,813.933301,36491.761924,36491.871614,1, 0, 0, 1,0.383948,-8.903353,15.865238,-1,2
68475,576565,813.970946,36491.799570,36491.909260,1, 0, 0, 1,-7.164631,1.055167,-20.327319,-1,2
68475,576566,814.046749,36491.875373,36491.985063,1, 0, 0, 1,-1.965456,3.331130,21.337189,-1,2
68475,576567,814.204916,36492.033539,36492.143229,1, 0, 0, 1,-1.584295,3.542402,-2.530105,-1,2
68475,576568,814.257745,36492.086368,36492.196058,1, 0, 0, 1,4.214690,-5.501877,-8.881305,-1,2
68475,576569,814.320660,36492.149283,36492.258974,1, 0, 0, 1,2.870841,-9.436133,13.501271,-1,2
68475,576570,814.334326,36492.162949,36492.272640,1, 0, 0, 1,-0.582582,-3.281097,17.262856,-1,2
68475,576571,814.336595,36492.165218,36492.274909,1, 0, 0, 1,1.383333,1.911612,-0.152932,-1,2
68475,576572,814.363969,36492.192592,36492.302282,1, 0, 0, 1,-1.795756,-0.147285,-7.269239,-1,2
68475,576573,814.366681,36492.195303,36492.304994,1, 0, 0, 1,-6.017473,-0.024653,1.480898,-1,2
68475,576574,814.434126,36492.262749,36492.372439,0, 0, 0, 0,-99.000000,-99.000000,-99.000000,-1,1
68475,576575,814.460824,36492.289446,36492.399137,1, 0, 0, 1,-2.316233,-6.593907,21.393320,-1,2
68475,576576,814.698096,36492.526718,36492.636410,0, 0, 0, 0,-99.000000,-99.000000,-99.000000,-1,0
68475,576577,814.713890,36492.542512,36492.652203,1, 0, 0, 1,-4.818285,7.050314,-3.845850,-1,2
68475,576578,814.778274,36492.606897,36492.716588,0, 0, 0, 0,-99.000000,-99.000000,-99.000000,-1,1
68475,576579,814.890294,36492.718916,36492.828608,0, 0, 0, 0,-99.000000,-99.000000,-99.000000,-1,1
68475,576580,815.087064,36492.915685,36493.025377,0, 0, 0, 0,-99.000000,-99.000000,-99.000000,-1,1
68475,576581,815.179099,36493.007720,36493.117412,1, 0, 0, 1,-7.453334,0.298135,-18.432587,-1,2
68475,576582,815.340046,36493.168667,36493.278360,0, 0, 0, 0,-99.000000,-99.000000,-99.000000,-1,1
68475,576583,815.531814,36493.360434,36493.470127,0, 0, 0, 0,-99.000000,-99.000000,-99.000000,-1,0
68475,576584,815.577016,36493.405637,36493.515330,0, 0, 0, 0,-99.000000,-99.000000,-99.000000,-1,1
68475,576585,815.607318,36493.435938,36493.545631,0, 0, 0, 0,-99.000000,-99.000000,-99.000000,-1,0
68475,576586,815.686508,36493.515129,36493.624822,0, 0, 0, 0,-99.000000,-99.000000,-99.000000,-1,0
68475,576587,815.711213,36493.539833,36493.649527,1, 0, 0, 1,5.062678,-0.555192,8.299090,-1,2
68475,576588,815.899151,36493.727771,36493.837465,0, 0, 0, 0,-99.000000,-99.000000,-99.000000,-1,1
68475,576589,815.934351,36493.762970,36493.872664,1, 0, 0, 1,-0.713804,-0.928903,3.500491,-1,2
68475,576590,815.962989,36493.791608,36493.901302,0, 0, 0, 0,-99.000000,-99.000000,-99.000000,-1,1
68475,576591,815.980598,36493.809217,36493.918911,1, 0, 0, 1,2.959739,1.400081,8.475064,-1,2
68475,576592,816.006553,36493.835173,36493.944867,1, 0, 0, 1,-3.218072,1.095907,-10.281866,-1,2
68475,576593,816.173725,36494.002344,36494.112038,1, 0, 0, 1,2.561636,6.057222,18.140412,-1,2
68475,576594,816.354095,36494.182714,36494.292409,0, 0, 0, 0,-99.000000,-99.000000,-99.000000,-1,1
68475,576595,816.564687,36494.393305,36494.503000,1, 0, 0, 1,0.405465,-2.586498,14.539665,-1,2
68475,576596,816.585225,36494.413844,36494.523539,0, 0, 0, 0,-99.000000,-99.000000,-99.000000,-1,1
68475,576597,816.598227,36494.426845,36494.536540,1, 0, 0, 1,5.043677,-0.747308,17.839577,-1,2
68475,576598,816.630933,36494.459552,36494.569247,0, 0, 0, 0,-99.000000,-99.000000,-99.000000,-1,1
68475,576599,816.825138,36494.653755,36494.763451,1, 0, 0, 1,-9.022993,-0.649320,3.311713,-1,2
68475,576600,816.915764,36494.744382,36494.854078,1, 0, 0, 1,9.898939,0.263901,6.871295,-1,3
68475,576601,817.104157,36494.932774,36495.042470,1, 0, 0, 1,-5.500688,2.098492,-2.271971,-1,2
68475,576602,817.140903,36494.969521,36495.079217,0, 0, 0, 0,-99.000000,-99.000000,-99.000000,-1,1
68475,576603,817.217678,36495.046295,36495.155992,0, 0, 0, 0,-99.000000,-99.000000,-99.000000,-1,1
68475,576604,817.558193,36495.386809,36495.496506,0, 0, 0, 0,-99.000000,-99.000000,-99.000000,-1,1
68475,576605,817.708462,36495.537078,36495.646775,0, 0, 0, 0,-99.000000,-99.000000,-99.000000,-1,1
68475,576606,817.767861,36495.596477,36495.706174,0, 0, 0, 0,-99.000000,-99.000000,-99.000000,-1,0
68475,576607,818.106791,36495.935407,36496.045105,0, 0, 0, 0,-99.000000,-99.000000,-99.000000,-1,1
68475,576608,818.128898,36495.957513,36496.067211,1, 0, 0, 1,4.372539,-1.812944,11.862335,-1,2
68475,576609,818.147165,36495.975781,36496.085479,1, 0, 0, 1,-4.271673,0.156261,10.137005,-1,2
68475,576610,818.350787,36496.179402,36496.289100,1, 0, 0, 1,6.523886,-2.457748,10.191723,-1,2
68475,576611,818.395525,36496.224140,36496.333839,1, 0, 0, 1,-5.017944,-4.981431,-7.836882,-1,2
68475,576612,818.781563,36496.610177,36496.719877,1, 0, 0, 1,-8.679295,-0.127896,20.578844,-1,2
68475,576613,818.857775,36496.686389,36496.796089,1, 0, 0, 1,8.253487,-2.802872,18.041544,-1,2
68475,576614,819.066924,36496.895537,36497.005237,1, 0, 0, 1,-4.319965,7.569398,-8.842846,-1,2
68475,576615,819.083607,36496.912220,36497.021920,0, 0, 0, 0,-99.000000,-99.000000,-99.000000,-1,0
68475,576616,819.408700,36497.237313,36497.347014,1, 0, 0, 1,-8.296580,8.062029,20.698516,-1,2
68475,576617,819.497352,36497.325964,36497.435665,1, 0, 0, 1,-9.001274,-1.003844,-20.958341,-1,7
68475,576618,819.569625,36497.398238,36497.507939,1, 0, 0, 1,7.259597,-2.193613,20.488844,-1,2
68475,576619,819.610059,36497.438672,36497.548373,0, 0, 0, 0,-99.000000,-99.000000,-99.000000,-1,0
68475,576620,820.065111,36497.893722,36498.003424,1, 0, 0, 1,-0.981359,-2.032079,-2.658195,-1,2
68475,576621,820.130877,36497.959488,36498.069191,1, 0, 0, 1,-3.787991,10.274642,-13.117052,-1,2
68475,576622,820.155983,36497.984594,36498.094296,1, 0, 0, 1,-1.795452,-4.321780,4.597856,-1,2
68475,576623,820.241495,36498.070106,36498.179809,1, 0, 0, 1,-3.678826,0.737255,-13.373264,-1,2
68475,576624,820.251740,36498.080351,36498.190053,1, 0, 0, 1,5.826161,-4.247745,-13.553367,-1,2
68475,576625,820.318879,36498.147490,36498.257192,1, 0, 0, 1,-0.112349,-8.333846,-3.117517,-1,2
68475,576626,820.455671,36498.284282,36498.393985,0, 0, 0, 0,-99.000000,-99.000000,-99.000000,-1,1
68475,576627,820.570755,36498.399365,36498.509068,1, 0, 0, 1,2.091980,-1.141774,-4.807319,-1,2
68475,576628,820.633408,36498.462018,36498.571721,1, 0, 0, 1,6.424388,-0.339264,7.149200,-1,2
68475,576629,820.647799,36498.476409,36498.586113,0, 0, 0, 0,-99.000000,-99.000000,-99.000000,-1,0
68475,576630,820.677700,36498.506310,36498.616013,1, 0, 0, 1,0.472644,11.921130,-17.984263,-1,2
68475,576631,820.716453,36498.545063,36498.654767,1, 0, 0, 1,0.826238,2.802060,12.456169,-1,2
68475,576632,820.740698,36498.569308,36498.679011,0, 0, 0, 0,-99.000000,-99.000000,-99.000000,-1,0
68475,576633,820.871978,36498.700588,36498.810292,1, 0, 0, 1,-1.262961,-4.383159,18.837553,-1,2
68475,576634,820.901449,36498.730058,36498.839762,1, 0, 0, 1,4.133642,-1.216338,-14.431715,-1,2
68475,576635,821.351304,36499.179913,36499.289618,1, 0, 0, 1,2.796616,4.839221,5.383151,-1,2
68475,576636,821.417328,36499.245937,36499.355642,1, 0, 0, 1,-8.252843,2.933917,15.739585,-1,2
68475,576637,821.551496,36499.380104,36499.489810,0, 0, 0, 0,-99.000000,-99.000000,-99.000000,-1,1
68475,576638,821.632800,36499.461408,36499.571113,1, 0, 0, 1,5.981810,-2.734479,-0.512126,-1,2
68475,576639,821.678100,36499.506708,36499.616414,0, 0, 0, 0,-99.000000,-99.000000,-99.000000,-1,0
68475,576640,821.698308,36499.526916,36499.636622,1, 0, 0, 1,-2.602538,-6.657307,9.387547,-1,2
68475,576641,821.769471,36499.598079,36499.707784,1, 0, 0, 1,-5.786143,-3.222611,7.411274,-1,2
68475,576642,821.808388,36499.636996,36499.746702,0, 0, 0, 0,-99.000000,-99.000000,-99.000000,-1,1
68475,576643,821.811966,36499.640574,36499.750280,1, 0, 0, 1,-0.945458,-8.434427,-11.722444,-1,2
68475,576644,821.837002,36499.665609,36499.775315,0, 0, 0, 0,-99.000000,-99.000000,-99.000000,-1,1
68475,576645,822.465619,36500.294225,36500.403932,1, 0, 0, 1,-5.765621,1.397237,5.623666,-1,2
68475,576646,822.881448,36500.710054,36500.819762,1, 0, 0, 1,-5.551918,3.511542,10.385086,-1,2
68475,576647,822.925642,36500.754247,36500.863955,1, 0, 0, 1,7.202145,-2.283383,-11.901907,-1,2
68475,576648,823.005733,36500.834338,36500.944046,0, 0, 0, 0,-99.000000,-99.000000,-99.000000,-1,1
68475,576649,823.088311,36500.916916,36501.026625,1, 0, 0, 1,-1.529457,-4.388729,-12.343920,-1,2
68475,576650,823.235643,36501.064248,36501.173957,0, 0, 0, 0,-99.000000,-99.000000,-99.000000,-1,0
68475,576651,823.311934,36501.140538,36501.250247,1, 0, 0, 1,3.835485,-3.743720,-15.307529,-1,2
68475,576652,823.347234,36501.175839,36501.285548,1, 0, 0, 1,4.689776,-1.246611,-1.595786,-1,2
68475,576653,823.420851,36501.249455,36501.359164,1, 0, 0, 1,-7.914659,0.030801,11.825425,-1,3
68475,576654,823.428957,36501.257561,36501.367270,1, 0, 0, 1,-0.756524,-3.268070,12.386006,-1,2
68475,576655,823.511979,36501.340584,36501.450293,0, 0, 0, 0,-99.000000,-99.000000,-99.000000,-1,1
68475,576656,823.530898,36501.359503,36501.469212,1, 0, 0, 1,6.811586,-1.877611,-5.562986,-1,2
68475,576657,823.545239,36501.373843,36501.483552,1, 0, 0, 1,-5.476164,-0.217444,-8.801013,-1,2
68475,576658,823.549757,36501.378362,36501.488071,0, 0, 0, 0,-99.000000,-99.000000,-99.000000,-1,1
68475,576659,823.604454,36501.433058,36501.542767,1, 0, 0, 1,4.424019,-1.230487,21.463684,-1,2
68475,576660,823.688694,36501.517299,36501.627008,1, 0, 0, 1,8.092570,0.551292,20.260463,-1,2
68475,576661,823.780691,36501.609295,36501.719005,0, 0, 0, 0,-99.000000,-99.000000,-99.000000,-1,0
68475,576662,823.840864,36501.669468,36501.779177,1, 0, 0, 1,5.031435,-5.827053,13.086655,-1,2
68475,576663,823.936757,36501.765360,36501.875070,1, 0, 0, 1,6.049289,-4.128746,18.525346,-1,2
68475,576664,823.939850,36501.768454,36501.878163,0, 0, 0, 0,-99.000000,-99.000000,-99.000000,-1,0
68475,576665,823.944747,36501.773350,36501.883060,1, 0, 0, 1,-6.979724,-1.289099,3.537389,-1,2
68475,576666,823.992374,36501.820977,36501.930687,1, 0, 0, 1,-0.485531,1.247455,-4.806188,-1,2
68475,576667,824.073230,36501.901833,36502.011543,0, 0, 0, 0,-99.000000,-99.000000,-99.000000,-1,1
68475,576668,824.091812,36501.920416,36502.030126,0, 0, 0, 0,-99.000000,-99.000000,-99.000000,-1,1
68475,576669,824.191908,36502.020511,36502.130221,0, 0, 0, 0,-99.000000,-99.000000,-99.000000,-1,0
68475,576670,824.642864,36502.471466,36502.581177,1, 0, 0, 1,8.623013,1.850682,5.858224,-1,2
68475,576671,824.949347,36502.777948,36502.887660,0, 0, 0, 0,-99.000000,-99.000000,-99.000000,-1,1
68475,576672,825.185758,36503.014359,36503.124072,0, 0, 0, 0,-99.000000,-99.000000,-99.000000,-1,1
68475,576673,825.293805,36503.122406,36503.232118,0, 0, 0, 0,-99.000000,-99.000000,-99.000000,-1,1
68475,576674,825.295124,36503.123724,36503.233437,0, 0, 0, 0,-99.000000,-99.000000,-99.000000,-1,1
68475,576675,825.400985,36503.229586,36503.339299,1, 0, 0, 1,4.883209,-2.639539,-9.594731,-1,2
68475,576676,825.599215,36503.427815,36503.537529,1, 0, 0, 1,3.514590,-5.143474,10.318969,-1,2
68475,576677,825.732591,36503.561191,36503.670905,1, 0, 0, 1,-7.053125,6.377272,2.179213,-1,2
68475,576678,825.922023,36503.750623,36503.860337,1, 0, 0, 1,-2.785916,-16.810149,3.133703,-1,2
68475,576679,825.930740,36503.759340,36503.869054,1, 0, 0, 1,5.148911,5.699891,15.258649,-1,2
68475,576680,826.087194,36503.915794,36504.025508,1, 0, 0, 1,-6.946356,-1.929234,-5.630828,-1,2
68475,576681,826.138563,36503.967162,36504.076877,0, 0, 0, 0,-99.000000,-99.000000,-99.000000,-1,1
68475,576682,826.285420,36504.114018,36504.223733,1, 0, 0, 1,4.645650,6.981797,14.827502,-1,2
68475,576683,826.417658,36504.246256,36504.355971,1, 0, 0, 1,2.412904,-1.757562,-12.666497,-1,2
68475,576684,826.439560,36504.268158,36504.377873,1, 0, 0, 1,-3.448249,2.595298,12.194400,-1,2
68475,576685,826.538201,36504.366800,36504.476515,1, 0, 0, 1,-3.864953,2.081195,6.740757,-1,2
68475,576686,826.564441,36504.393039,36504.502754,1, 1, 0, 1,-0.521054,1.726209,-4.437977,-1,5
68475,576687,826.696476,36504.525073,36504.634789,1, 0, 0, 1,-7.116748,-0.307889,-13.588000,-1,2
68475,576688,826.805845,36504.634442,36504.744158,0, 0, 0, 0,-99.000000,-99.000000,-99.000000,-1,1
68475,576689,826.825540,36504.654137,36504.763853,1, 0, 0, 1,5.843689,1.635038,0.120380,-1,2
68475,576690,826.918112,36504.746709,36504.856425,0, 0, 0, 0,-99.000000,-99.000000,-99.000000,-1,1
68475,576691,827.001096,36504.829693,36504.939410,0, 0, 0, 0,-99.000000,-99.000000,-99.000000,-1,1
68475,576692,827.006222,36504.834819,36504.944536,1, 0, 0, 1,-5.066278,-6.869661,5.094964,-1,3
68475,576693,827.013065,36504.841663,36504.951379,1, 0, 0, 1,-2.658327,-4.715553,-9.613929,-1,2
68475,576694,827.362637,36505.191233,36505.300950,0, 0, 0, 0,-99.000000,-99.000000,-99.000000,-1,0
68475,576695,827.466413,36505.295009,36505.404726,0, 0, 0, 0,-99.000000,-99.000000,-99.000000,-1,0
68475,576696,827.645920,36505.474516,36505.584233,1, 0, 0, 1,3.138182,5.897570,8.310937,-1,2
68475,576697,827.953366,36505.781961,36505.891679,1, 0, 0, 1,7.672910,0.273222,-4.613740,-1,3
68475,576698,827.978593,36505.807189,36505.916907,0, 0, 0, 0,-99.000000,-99.000000,-99.000000,-1,1
68475,576699,828.052514,36505.881110,36505.990828,0, 0, 0, 0,-99.000000,-99.000000,-99.000000,-1,1
68475,576700,828.071949,36505.900544,36506.010263,1, 0, 0, 1,-2.945289,2.870280,-2.235068,-1,2
68475,576701,828.075965,36505.904560,36506.014278,1, 0, 0, 1,4.409173,-1.154252,-2.591186,-1,2
68475,576702,828.123941,36505.952536,36506.062255,0, 0, 0, 0,-99.000000,-99.000000,-99.000000,-1,1
68475,576703,828.143009,36505.971604,36506.081322,0, 0, 0, 0,-99.000000,-99.000000,-99.000000,-1,0
68475,576704,828.429966,36506.258560,36506.368279,1, 0, 0, 1,4.588969,-0.807554,17.978246,-1,2
68475,576705,828.494710,36506.323304,36506.433023,1, 0, 0, 1,6.179937,3.987310,5.165464,-1,2
68475,576706,828.530123,36506.358717,36506.468437,0, 0, 0, 0,-99.000000,-99.000000,-99.000000,-1,0
68475,576707,828.619698,36506.448292,36506.558012,1, 0, 0, 1,6.653554,0.354704,-18.876927,-1,2
68475,576708,828.685893,36506.514487,36506.624206,0, 0, 0, 0,-99.000000,-99.000000,-99.000000,-1,1
68475,576709,829.252750,36507.081343,36507.191063,0, 0, 0, 0,-99.000000,-99.000000,-99.000000,-1,1
68475,576710,829.325949,36507.154542,36507.264263,1, 0, 0, 1,-6.968628,2.395293,-2.454076,-1,2
68475,576711,829.481862,36507.310455,36507.420176,0, 0, 0, 0,-99.000000,-99.000000,-99.000000,-1,0
68475,576712,829.681268,36507.509860,36507.619582,0, 0, 0, 0,-99.000000,-99.000000,-99.000000,-1,1
68475,576713,829.752389,36507.580981,36507.690702,1, 0, 0, 1,-4.742798,-5.973229,14.844569,-1,2
68475,576714,829.767830,36507.596422,36507.706143,0, 0, 0, 0,-99.000000,-99.000000,-99.000000,-1,1
68475,576715,829.828797,36507.657389,36507.767110,1, 0, 0, 1,-5.630772,2.661526,-1.764192,-1,2
68475,576716,829.862996,36507.691588,36507.801309,1, 0, 0, 1,-5.664259,-0.626986,18.120058,-1,3
68475,576717,829.932366,36507.760957,36507.870680,0, 0, 0, 0,-99.000000,-99.000000,-99.000000,-1,1
68475,576718,829.971887,36507.800478,36507.910201,1, 0, 0, 1,5.507191,5.611593,19.167666,-1,2
68475,576719,830.070055,36507.898647,36508.008369,1, 0, 0, 1,8.419102,-0.563583,7.224877,-1,2
68475,576720,830.305040,36508.133631,36508.243354,0, 0, 0, 0,-99.000000,-99.000000,-99.000000,-1,1
68475,576721,830.453871,36508.282461,36508.392184,0, 0, 0, 0,-99.000000,-99.000000,-99.000000,-1,1
68475,576722,830.458554,36508.287145,36508.396868,1, 0, 0, 1,2.790865,-7.763919,15.416717,-1,4
68475,576723,830.467920,36508.296510,36508.406233,0, 0, 0, 0,-99.000000,-99.000000,-99.000000,-1,0
68475,576724,830.779648,36508.608238,36508.717962,1, 0, 0, 1,5.861143,6.250295,14.713745,-1,2
68475,576725,830.973503,36508.802092,36508.911816,0, 0, 0, 0,-99.000000,-99.000000,-99.000000,-1,1
68475,576726,830.978304,36508.806894,36508.916618,0, 0, 0, 0,-99.000000,-99.000000,-99.000000,-1,1
68475,576727,830.983606,36508.812196,36508.921920,0, 0, 0, 0,-99.000000,-99.000000,-99.000000,-1,1
68475,576728,831.000665,36508.829254,36508.938978,1, 0, 0, 1,0.229682,-1.737470,-5.725126,-1,2
68475,576729,831.052454,36508.881043,36508.990767,0, 0, 0, 0,-99.000000,-99.000000,-99.000000,-1,1
68475,576730,831.078801,36508.907390,36509.017114,0, 0, 0, 0,-99.000000,-99.000000,-99.000000,-1,1
68475,576731,831.161143,36508.989732,36509.099456,1, 0, 0, 1,2.367245,-0.770350,-11.739741,-1,2
68475,576732,831.173522,36509.002111,36509.111835,0, 0, 0, 0,-99.000000,-99.000000,-99.000000,-1,1
68475,576733,831.194496,36509.023085,36509.132809,0, 0, 0, 0,-99.000000,-99.000000,-99.000000,-1,1
68475,576734,831.339890,36509.168478,36509.278203,0, 0, 0, 0,-99.000000,-99.000000,-99.000000,-1,1
68475,576735,831.371417,36509.200006,36509.309731,0, 0, 0, 0,-99.000000,-99.000000,-99.000000,-1,1
68475,576736,831.435053,36509.263642,36509.373367,0, 0, 0, 0,-99.000000,-99.000000,-99.000000,-1,0
68475,576737,831.763113,36509.591700,36509.701426,1, 0, 0, 1,-0.537304,3.183409,14.676443,-1,2
68475,576738,831.791293,36509.619881,36509.729606,0, 0, 0, 0,-99.000000,-99.000000,-99.000000,-1,1
68475,576739,831.885655,36509.714242,36509.823968,1, 0, 0, 1,-1.375099,3.542412,15.764248,-1,2
68475,576740,831.904349,36509.732937,36509.842663,1, 0, 0, 1,6.748621,-2.910689,-4.363610,-1,2
68475,576741,831.906139,36509.734727,36509.844453,1, 0, 0, 1,2.205707,8.039419,-8.143006,-1,2
68475,576742,831.927522,36509.756109,36509.865835,1, 0, 0, 1,-7.196455,0.950435,9.016734,-1,2
68475,576743,832.186354,36510.014941,36510.124668,1, 0, 0, 1,-11.703077,10.148652,2.142217,-1,2
68475,576744,832.220498,36510.049085,36510.158811,0, 0, 0, 0,-99.000000,-99.000000,-99.000000,-1,1
68475,576745,832.437127,36510.265713,36510.375440,1, 0, 0, 1,-3.025238,3.508491,3.835083,-1,2
68475,576746,832.496827,36510.325413,36510.435140,1, 0, 0, 1,3.545090,-4.428598,-0.045877,-1,2
68475,576747,832.545417,36510.374003,36510.483731,1, 0, 0, 1,2.423247,1.070437,14.183287,-1,2
68475,576748,832.585288,36510.413874,36510.523601,1, 0, 0, 1,1.415362,8.089968,9.600404,-1,2
68475,576749,832.599940,36510.428526,36510.538254,0, 0, 0, 0,-99.000000,-99.000000,-99.000000,-1,1
68475,576750,832.644038,36510.472624,36510.582352,0, 0, 0, 0,-99.000000,-99.000000,-99.000000,-1,1
68475,576751,832.677692,36510.506278,36510.616006,1, 0, 0, 1,8.467664,-6.734970,11.682856,-1,2
68475,576752,832.776407,36510.604993,36510.714721,0, 0, 0, 0,-99.000000,-99.000000,-99.000000,-1,1
68475,576753,832.840703,36510.669289,36510.779017,0, 0, 0, 0,-99.000000,-99.000000,-99.000000,-1,1
68475,576754,832.899405,36510.727991,36510.837719,0, 0, 0, 0,-99.000000,-99.000000,-99.000000,-1,1
68475,576755,832.933172,36510.761758,36510.871486,1, 0, 0, 1,-4.710384,0.138084,4.972104,-1,2
68475,576756,833.088413,36510.916998,36511.026726,1, 0, 0, 1,-0.272812,-1.144397,-12.705808,-1,2
68475,576757,833.257378,36511.085963,36511.195691,0, 0, 0, 0,-99.000000,-99.000000,-99.000000,-1,0
68475,576758,833.360750,36511.189334,36511.299064,1, 0, 0, 1,1.063684,6.062300,16.422922,-1,2
68475,576759,833.384403,36511.212987,36511.322716,1, 0, 0, 1,-6.867519,4.055071,-10.129964,-1,2
68475,576760,833.497009,36511.325593,36511.435323,0, 0, 0, 0,-99.000000,-99.000000,-99.000000,-1,1
68475,576761,833.508347,36511.336931,36511.446660,1, 0, 0, 1,5.685449,-0.864015,-5.577715,-1,2
68475,576762,833.650994,36511.479578,36511.589308,0, 0, 0, 0,-99.000000,-99.000000,-99.000000,-1,0
68475,576763,833.692969,36511.521553,36511.631283,1, 0, 0, 1,-3.280885,-8.110419,1.439169,-1,2
68475,576764,833.861297,36511.689881,36511.799611,0, 0, 0, 0,-99.000000,-99.000000,-99.000000,-1,0
68475,576765,833.922710,36511.751293,36511.861023,0, 0, 0, 0,-99.000000,-99.000000,-99.000000,-1,1
68475,576766,834.046474,36511.875057,36511.984788,0, 0, 0, 0,-99.000000,-99.000000,-99.000000,-1,1
68475,576767,834.246159,36512.074742,36512.184472,0, 0, 0, 0,-99.000000,-99.000000,-99.000000,-1,0
68475,576768,834.408411,36512.236993,36512.346724,1, 0, 0, 1,0.706039,-3.949927,10.836833,-1,2
68475,576769,834.629874,36512.458456,36512.568188,1, 0, 0, 1,-4.522666,3.173484,-10.009402,-1,2
68475,576770,834.632608,36512.461190,36512.570922,1, 0, 0, 1,5.689331,5.512612,-13.624534,-1,2
68475,576771,834.650227,36512.478809,36512.588540,0, 0, 0, 0,-99.000000,-99.000000,-99.000000,-1,1
68475,576772,834.712355,36512.540936,36512.650668,1, 0, 0, 1,3.358622,4.452731,-8.847805,-1,3
68475,576773,834.768181,36512.596763,36512.706494,1, 0, 0, 1,-7.296849,-1.489577,-11.977250,-1,5
68475,576774,834.791999,36512.620580,36512.730312,0, 0, 0, 0,-99.000000,-99.000000,-99.000000,-1,1
68475,576775,834.877104,36512.705685,36512.815417,1, 0, 0, 1,4.264612,1.834521,8.534109,-1,2
68475,576776,834.975990,36512.804571,36512.914304,0, 0, 0, 0,-99.000000,-99.000000,-99.000000,-1,1
68475,576777,834.998792,36512.827373,36512.937106,0, 0, 0, 0,-99.000000,-99.000000,-99.000000,-1,1
68475,576778,835.002235,36512.830817,36512.940549,0, 0, 0, 0,-99.000000,-99.000000,-99.000000,-1,1
68475,576779,835.553439,36513.382019,36513.491753,0, 0, 0, 0,-99.000000,-99.000000,-99.000000,-1,0
68475,576780,835.782945,36513.611524,36513.721258,1, 0, 0, 1,2.390622,-3.930163,-0.021545,-1,2
68475,576781,835.812601,36513.641181,36513.750914,1, 0, 0, 1,-3.318776,5.008707,-18.842697,-1,2
68475,576782,835.884698,36513.713278,36513.823012,1, 0, 0, 1,-2.575069,-1.092856,14.327128,-1,2
68475,576783,836.153686,36513.982265,36514.092000,1, 0, 0, 1,0.122494,-1.650170,-0.581889,-1,2
68475,576784,836.213834,36514.042413,36514.152148,0, 0, 0, 0,-99.000000,-99.000000,-99.000000,-1,1
68475,576785,836.219187,36514.047766,36514.157500,1, 0, 0, 1,-7.437115,2.837637,-12.496684,-1,2
68475,576786,836.296005,36514.124584,36514.234319,0, 0, 0, 0,-99.000000,-99.000000,-99.000000,-1,1
68475,576787,836.297966,36514.126545,36514.236280,1, 0, 0, 1,4.812168,8.100202,5.891039,-1,2
68475,576788,836.461079,36514.289657,36514.399392,0, 0, 0, 0,-99.000000,-99.000000,-99.000000,-1,1
68475,576789,836.465148,36514.293726,36514.403461,0, 0, 0, 0,-99.000000,-99.000000,-99.000000,-1,1
68475,576790,836.475878,36514.304456,36514.414191,1, 0, 0, 1,-0.603784,-0.126730,-1.965732,-1,2
68475,576791,836.545403,36514.373981,36514.483716,1, 0, 0, 1,5.735460,4.165712,-9.223013,-1,2
68475,576792,836.667173,36514.495751,36514.605487,1, 0, 0, 1,-8.193274,0.934060,-14.770053,-1,2
68475,576793,836.775461,36514.604038,36514.713774,1, 0, 0, 1,-8.678035,-5.364009,-17.725241,-1,2
68475,576794,837.083038,36514.911615,36515.021351,0, 0, 0, 0,-99.000000,-99.000000,-99.000000,-1,1
68475,576795,837.474493,36515.303069,36515.412807,0, 0, 0, 0,-99.000000,-99.000000,-99.000000,-1,1
68475,576796,837.544971,36515.373547,36515.483284,0, 0, 0, 0,-99.000000,-99.000000,-99.000000,-1,1
68475,576797,837.576362,36515.404938,36515.514675,0, 0, 0, 0,-99.000000,-99.000000,-99.000000,-1,1
68475,576798,837.696902,36515.525478,36515.635216,1, 0, 0, 1,-5.301340,10.000000,-13.795274,-1,4
68475,576799,837.775773,36515.604348,36515.714086,0, 0, 0, 0,-99.000000,-99.000000,-99.000000,-1,1
68475,576800,837.959517,36515.788092,36515.897831,1, 0, 0, 1,-7.052334,5.753977,-13.240298,-1,2
68475,576801,837.979760,36515.808335,36515.918074,1, 0, 0, 1,3.348988,-4.105831,-7.222734,-1,2
68475,576802,838.027761,36515.856336,36515.966074,1, 0, 0, 1,-2.765672,2.103588,-8.770137,-1,2
68475,576803,838.181981,36516.010556,36516.120295,0, 0, 0, 0,-99.000000,-99.000000,-99.000000,-1,1
68475,576804,838.252935,36516.081509,36516.191248,0, 0, 0, 0,-99.000000,-99.000000,-99.000000,-1,1
68475,576805,838.416027,36516.244601,36516.354341,1, 0, 0, 1,-5.779006,4.146211,18.463140,-1,2
68475,576806,838.597498,36516.426072,36516.535812,1, 0, 0, 1,-2.268577,-5.839640,-19.070260,-1,2
68475,576807,838.752888,36516.581462,36516.691202,0, 0, 0, 0,-99.000000,-99.000000,-99.000000,-1,0
68475,576808,838.790319,36516.618892,36516.728632,0, 0, 0, 0,-99.000000,-99.000000,-99.000000,-1,1
68475,576809,839.175173,36517.003745,36517.113486,1, 0, 0, 1,1.877820,-2.683011,11.446371,-1,2
68475,576810,839.194481,36517.023053,36517.132794,1, 0, 0, 1,0.744206,2.173403,-12.408810,-1,2
68475,576811,839.486547,36517.315119,36517.424861,1, 0, 0, 1,-0.425978,-0.762585,16.824002,-1,2
68475,576812,839.495836,36517.324408,36517.434149,0, 0, 0, 0,-99.000000,-99.000000,-99.000000,-1,1
68475,576813,839.568618,36517.397190,36517.506932,1, 0, 0, 1,11.330726,-12.814896,-11.514691,-1,2
68475,576814,839.601863,36517.430435,36517.540177,1, 0, 0, 1,5.619739,1.120242,-18.867452,-1,2
68475,576815,839.614016,36517.442588,36517.552330,1, 0, 0, 1,-3.299053,-6.263218,-9.733582,-1,2
68475,576816,839.619379,36517.447950,36517.557692,1, 0, 0, 1,6.368230,7.072746,-0.652339,-1,2
68475,576817,839.784961,36517.613533,36517.723275,1, 0, 0, 1,3.312174,5.933660,2.638469,-1,2
68475,576818,839.848796,36517.677368,36517.787110,0, 0, 0, 0,-99.000000,-99.000000,-99.000000,-1,1
68475,576819,840.047038,36517.875609,36517.985352,1, 0, 0, 1,-8.720020,3.110238,20.357272,-1,2
68475,576820,840.351172,36518.179742,36518.289486,0, 0, 0, 0,-99.000000,-99.000000,-99.000000,-1,1
68475,576821,840.454316,36518.282886,36518.392629,1, 0, 0, 1,2.254049,4.997785,2.182724,-1,2
68475,576822,840.481746,36518.310317,36518.420060,0, 0, 0, 0,-99.000000,-99.000000,-99.000000,-1,0
68475,576823,840.495557,36518.324127,36518.433871,1, 0, 0, 1,-3.876273,4.057115,-15.854898,-1,2
68475,576824,840.574799,36518.403369,36518.513112,0, 0, 0, 0,-99.000000,-99.000000,-99.000000,-1,1
68475,576825,841.141555,36518.970124,36519.079868,1, 0, 0, 1,-3.486887,0.803284,14.772488,-1,2
68475,576826,841.402386,36519.230954,36519.340699,1, 0, 0, 1,8.893116,3.826176,-18.347399,-1,2
68475,576827,841.715146,36519.543713,36519.653459,0, 0, 0, 0,-99.000000,-99.000000,-99.000000,-1,1
68475,576828,841.747491,36519.576059,36519.685805,0, 0, 0, 0,-99.000000,-99.000000,-99.000000,-1,0
68475,576829,841.822116,36519.650683,36519.760429,0, 0, 0, 0,-99.000000,-99.000000,-99.000000,-1,1
68475,576830,841.845831,36519.674398,36519.784144,1, 0, 0, 1,-6.529571,2.461224,-3.541314,-1,2
68475,576831,841.877186,36519.705753,36519.815500,1, 0, 0, 1,-0.246601,-3.096642,19.778638,-1,2
68475,576832,842.075450,36519.904017,36520.013764,1, 0, 0, 1,8.725195,-2.802816,-14.602949,-1,2
68475,576833,842.107100,36519.935667,36520.045414,1, 0, 0, 1,-0.023986,4.313741,0.842968,-1,2
68475,576834,842.133457,36519.962024,36520.071771,0, 0, 0, 0,-99.000000,-99.000000,-99.000000,-1,0
68475,576835,842.274444,36520.103010,36520.212757,1, 0, 0, 1,2.715947,-7.132359,7.975513,-1,2
68475,576836,842.384739,36520.213306,36520.323053,1, 0, 0, 1,1.602213,9.707473,15.591815,-1,2
68475,576837,842.407261,36520.235827,36520.345575,0, 0, 0, 0,-99.000000,-99.000000,-99.000000,-1,1
68475,576838,842.429135,36520.257701,36520.367449,0, 0, 0, 0,-99.000000,-99.000000,-99.000000,-1,0
68475,576839,842.497272,36520.325838,36520.435585,0, 0, 0, 0,-99.000000,-99.000000,-99.000000,-1,0
68475,576840,842.655174,36520.483740,36520.593488,1, 0, 0, 1,6.046482,-1.372701,-2.857610,-1,2
68475,576841,842.665034,36520.493600,36520.603348,1, 0, 0, 1,8.543999,3.401721,7.391013,-1,2
68475,576842,842.760926,36520.589492,36520.699240,0, 0, 0, 0,-99.000000,-99.000000,-99.000000,-1,1
68475,576843,842.768456,36520.597021,36520.706769,0, 0, 0, 0,-99.000000,-99.000000,-99.000000,-1,1
68475,576844,842.805838,36520.634404,36520.744152,1, 0, 0, 1,6.500581,3.256296,5.514302,-1,2
68475,576845,842.849562,36520.678127,36520.787875,1, 0, 0, 1,-2.752034,5.338985,-12.823566,-1,2
68475,576846,842.888837,36520.717402,36520.827151,0, 0, 0, 0,-99.000000,-99.000000,-99.000000,-1,0
68475,576847,842.943713,36520.772278,36520.882026,1, 0, 0, 1,-3.127079,-1.974546,2.985819,-1,2
68475,576848,843.009800,36520.838365,36520.948113,0, 0, 0, 0,-99.000000,-99.000000,-99.000000,-1,1
68475,576849,843.062676,36520.891241,36521.000990,1, 0, 0, 1,-2.840405,0.994623,-5.105783,-1,2
68475,576850,843.255648,36521.084212,36521.193961,1, 0, 0, 1,3.659434,4.860785,0.129684,-1,2
68475,576851,843.373530,36521.202094,36521.311844,0, 0, 0, 0,-99.000000,-99.000000,-99.000000,-1,1
68475,576852,843.388158,36521.216722,36521.326472,1, 0, 0, 1,-1.988510,-0.214374,7.370673,-1,2
68475,576853,843.418272,36521.246836,36521.356586,1, 0, 0, 1,-0.991497,-0.999065,-2.703778,-1,2
68475,576854,843.466102,36521.294666,36521.404415,1, 0, 0, 1,8.075011,0.578191,-14.164831,-1,2
68475,576855,843.670932,36521.499496,36521.609246,0, 0, 0, 0,-99.000000,-99.000000,-99.000000,-1,1
68475,576856,843.686475,36521.515039,36521.624789,0, 0, 0, 0,-99.000000,-99.000000,-99.000000,-1,1
68475,576857,844.000459,36521.829022,36521.938772,0, 0, 0, 0,-99.000000,-99.000000,-99.000000,-1,0
68475,576858,844.023388,36521.851951,36521.961702,0, 0, 0, 0,-99.000000,-99.000000,-99.000000,-1,1
68475,576859,844.139307,36521.967869,36522.077620,0, 0, 0, 0,-99.000000,-99.000000,-99.000000,-1,1
68475,576860,844.295636,36522.124198,36522.233950,1, 0, 0, 1,1.467163,-3.384697,10.880302,-1,2
68475,576861,844.314640,36522.143202,36522.252954,1, 0, 0, 1,-1.290984,-8.286603,17.684448,-1,2
68475,576862,844.402081,36522.230643,36522.340394,0, 0, 0, 0,-99.000000,-99.000000,-99.000000,-1,1
68475,576863,844.879730,36522.708291,36522.818043,1, 0, 0, 1,-0.333954,-6.683174,-9.992969,-1,2
68475,576864,844.955955,36522.784516,36522.894269,0, 0, 0, 0,-99.000000,-99.000000,-99.000000,-1,1
68475,576865,845.077741,36522.906302,36523.016054,0, 0, 0, 0,-99.000000,-99.000000,-99.000000,-1,1
68475,576866,845.362348,36523.190909,36523.300662,1, 0, 0, 1,-6.292431,-0.811097,7.879235,-1,2
68475,576867,845.421234,36523.249794,36523.359548,1, 0, 0, 1,0.925717,4.412987,10.836328,-1,2
68475,576868,845.507560,36523.336120,36523.445874,0, 0, 0, 0,-99.000000,-99.000000,-99.000000,-1,0
68475,576869,845.563578,36523.392138,36523.501891,1, 0, 0, 1,6.522289,6.184482,-12.735953,-1,2
68475,576870,845.703434,36523.531993,36523.641747,1, 0, 0, 1,-3.652235,2.114294,0.244549,-1,2
68475,576871,845.761440,36523.590000,36523.699754,1, 0, 0, 1,-4.401834,6.954059,11.594211,-1,2
68475,576872,845.910476,36523.739035,36523.848789,1, 0, 0, 1,-1.422290,2.379342,-2.334089,-1,2
68475,576873,845.965064,36523.793623,36523.903377,0, 0, 0, 0,-99.000000,-99.000000,-99.000000,-1,1
68475,576874,846.219796,36524.048355,36524.158110,1, 0, 0, 1,-8.194225,-1.107677,-16.053661,-1,2
68475,576875,846.341163,36524.169721,36524.279476,1, 0, 0, 1,-2.675409,6.020974,-0.371584,-1,2
68475,576876,846.477206,36524.305764,36524.415519,1, 0, 0, 1,-3.548769,3.921443,14.369530,-1,2
68475,576877,846.915917,36524.744474,36524.854230,0, 0, 0, 0,-99.000000,-99.000000,-99.000000,-1,1
68475,576878,846.930741,36524.759298,36524.869055,1, 0, 0, 1,-1.691337,1.192584,-13.941962,-1,2
68475,576879,847.017992,36524.846549,36524.956305,1, 0, 0, 1,3.935470,-2.856480,-0.592548,-1,5
68475,576880,847.102612,36524.931168,36525.040925,1, 0, 0, 1,1.926258,-5.435049,14.669353,-1,2
68475,576881,847.241314,36525.069871,36525.179628,1, 0, 0, 1,-5.503715,-1.343347,15.436807,-1,4
68475,576882,847.321055,36525.149611,36525.259369,1, 0, 0, 1,-0.680237,-4.582998,-11.940586,-1,2
68475,576883,847.499495,36525.328051,36525.437809,1, 0, 0, 1,-8.117829,-1.456126,-6.560933,-1,2
68475,576884,847.533123,36525.361679,36525.471437,1, 0, 0, 1,-6.637798,9.912592,-7.130753,-1,2
68475,576885,847.648617,36525.477172,36525.586930,0, 0, 0, 0,-99.000000,-99.000000,-99.000000,-1,1
68475,576886,847.692538,36525.521093,36525.630851,1, 0, 0, 1,-6.609188,5.582775,13.717501,-1,2
68475,576887,847.751622,36525.580178,36525.689936,1, 0, 0, 1,1.290846,5.853855,-0.089273,-1,2
68475,576888,847.972322,36525.800876,36525.910635,0, 0, 0, 0,-99.000000,-99.000000,-99.000000,-1,0
68475,576889,848.403406,36526.231961,36526.341720,0, 0, 0, 0,-99.000000,-99.000000,-99.000000,-1,1
68475,576890,848.424783,36526.253337,36526.363096,1, 0, 0, 1,2.335101,3.119979,9.699942,-1,2
68475,576891,848.443774,36526.272328,36526.382088,1, 0, 0, 1,-5.787418,4.677310,-13.725502,-1,2
68475,576892,848.451886,36526.280439,36526.390199,1, 0, 0, 1,-0.425585,-3.309503,-10.327334,-1,2
68475,576893,848.483875,36526.312429,36526.422188,1, 0, 0, 1,7.107970,3.167398,-10.398548,-1,2
68475,576894,848.496902,36526.325456,36526.435215,1, 0, 0, 1,7.497908,1.446295,-18.907809,-1,2
68475,576895,848.543678,36526.372232,36526.481991,1, 0, 0, 1,-1.058124,-8.563265,-13.410217,-1,2
68475,576896,848.611264,36526.439817,36526.549577,0, 0, 0, 0,-99.000000,-99.000000,-99.000000,-1,1
68475,576897,848.629075,36526.457628,36526.567388,1, 0, 0, 1,6.836355,2.559836,7.103700,-1,2
68475,576898,848.743395,36526.571948,36526.681708,0, 0, 0, 0,-99.000000,-99.000000,-99.000000,-1,0
68475,576899,848.772363,36526.600917,36526.710677,1, 0, 0, 1,5.126513,-7.890911,1.188298,-1,2
68475,576900,848.787533,36526.616087,36526.725847,0, 0, 0, 0,-99.000000,-99.000000,-99.000000,-1,0
68475,576901,848.831276,36526.659829,36526.769589,1, 0, 0, 1,4.815669,-5.302770,21.928207,-1,2
68475,576902,848.937516,36526.766069,36526.875829,0, 0, 0, 0,-99.000000,-99.000000,-99.000000,-1,1
68475,576903,848.988846,36526.817399,36526.927159,0, 0, 0, 0,-99.000000,-99.000000,-99.000000,-1,1
68475,576904,849.066776,36526.895329,36527.005089,1, 0, 0, 1,2.780384,-8.515612,10.566120,-1,2
68475,576905,849.075774,36526.904326,36527.014087,1, 0, 0, 1,2.063148,-2.653266,2.873121,-1,2
68475,576906,849.100469,36526.929022,36527.038783,1, 0, 0, 1,3.398293,1.515010,-7.222709,-1,2
68475,576907,849.280743,36527.109295,36527.219057,1, 0, 0, 1,0.020355,-2.819452,10.024239,-1,2
68475,576908,849.286985,36527.115537,36527.225298,1, 0, 0, 1,1.242191,-3.923182,-10.635230,-1,2
68475,576909,849.466809,36527.295361,36527.405123,1, 0, 0, 1,-7.467686,2.298403,-11.660843,-1,2
68475,576910,849.487526,36527.316077,36527.425839,1, 0, 0, 1,-2.655838,-0.593177,5.073819,-1,2
68475,576911,849.546319,36527.374871,36527.484633,1, 0, 0, 1,6.533172,-2.262134,9.995550,-1,2
68475,576912,849.964920,36527.793471,36527.903234,1, 0, 0, 1,2.186397,-2.295722,-10.657380,-1,2
68475,576913,850.110011,36527.938561,36528.048324,1, 0, 0, 1,1.991385,0.085715,13.417384,-1,2
68475,576914,850.219062,36528.047612,36528.157375,1, 0, 0, 1,-7.104961,3.144058,0.023054,-1,2
68475,576915,850.358177,36528.186727,36528.296491,1, 0, 0, 1,0.947251,-3.823369,-18.071551,-1,2
68475,576916,850.426671,36528.255221,36528.364984,1, 0, 0, 1,-5.131152,5.537547,0.772991,-1,2
68475,576917,850.444476,36528.273026,36528.382789,1, 0, 0, 1,-0.561222,0.615236,-14.879487,-1,2
68475,576918,850.477252,36528.305802,36528.415565,1, 0, 0, 1,1.969190,4.940476,-4.560542,-1,2
68475,576919,850.487073,36528.315623,36528.425386,0, 0, 0, 0,-99.000000,-99.000000,-99.000000,-1,1
68475,576920,850.712633,36528.541182,36528.650946,1, 0, 0, 1,2.237311,-4.147822,16.757831,-1,2
68475,576921,850.971177,36528.799726,36528.909490,0, 0, 0, 0,-99.000000,-99.000000,-99.000000,-1,0
68475,576922,851.041718,36528.870267,36528.980031,1, 0, 0, 1,-2.728536,7.383615,9.052991,-1,2
68475,576923,851.095219,36528.923768,36529.033533,0, 0, 0, 0,-99.000000,-99.000000,-99.000000,-1,0
68475,576924,851.243692,36529.072240,36529.182005,0, 0, 0, 0,-99.000000,-99.000000,-99.000000,-1,1
68475,576925,851.418319,36529.246867,36529.356633,0, 0, 0, 0,-99.000000,-99.000000,-99.000000,-1,1
68475,576926,851.570895,36529.399443,36529.509209,1, 0, 0, 1,6.302218,0.365647,-12.204825,-1,2
68475,576927,851.699847,36529.528394,36529.638161,1, 0, 0, 1,-0.829267,-0.823444,20.896403,-1,2
68475,576928,852.024238,36529.852785,36529.962552,0, 0, 0, 0,-99.000000,-99.000000,-99.000000,-1,0
68475,576929,852.033659,36529.862205,36529.971972,0, 0, 0, 0,-99.000000,-99.000000,-99.000000,-1,1
68475,576930,852.067869,36529.896416,36530.006182,1, 0, 0, 1,1.539255,-2.838670,0.520630,-1,2
68475,576931,852.303715,36530.132261,36530.242029,1, 0, 0, 1,-8.457412,3.043863,11.410868,-1,2
68475,576932,852.440966,36530.269512,36530.379279,0, 0, 0, 0,-99.000000,-99.000000,-99.000000,-1,0
68475,576933,852.520373,36530.348919,36530.458686,1, 0, 0, 1,-1.068529,-4.858640,4.943649,-1,2
68475,576934,852.622750,36530.451296,36530.561064,1, 0, 0, 1,-0.862180,2.694464,-8.460736,-1,2
68475,576935,852.727882,36530.556427,36530.666196,1, 0, 0, 1,-1.044070,-2.936408,8.453374,-1,2
68475,576936,852.836803,36530.665348,36530.775117,0, 0, 0, 0,-99.000000,-99.000000,-99.000000,-1,1
68475,576937,853.016231,36530.844775,36530.954544,1, 0, 0, 1,2.270383,3.171199,2.983012,-1,2
68475,576938,853.079949,36530.908494,36531.018263,1, 0, 0, 1,4.090304,2.182099,-20.048241,-1,2
68475,576939,853.216355,36531.044899,36531.154668,0, 0, 0, 0,-99.000000,-99.000000,-99.000000,-1,1
68475,576940,853.452922,36531.281466,36531.391236,1, 0, 0, 1,1.005491,-5.050658,7.299736,-1,2
68475,576941,853.564181,36531.392724,36531.502494,0, 0, 0, 0,-99.000000,-99.000000,-99.000000,-1,0
68475,576942,853.863215,36531.691758,36531.801529,1, 0, 0, 1,7.173459,0.100754,18.746273,-1,2
68475,576943,854.759031,36532.587572,36532.697344,0, 0, 0, 0,-99.000000,-99.000000,-99.000000,-1,1
68475,576944,854.819507,36532.648048,36532.757821,1, 0, 0, 1,1.529954,-0.798690,0.341483,-1,2
68475,576945,854.880219,36532.708760,36532.818532,1, 0, 0, 1,-8.664354,0.326997,13.959772,-1,2
68475,576946,854.998814,36532.827354,36532.937127,1, 0, 0, 1,-3.540068,-7.069331,8.592437,-1,3
68475,576947,855.182795,36533.011335,36533.121108,0, 0, 0, 0,-99.000000,-99.000000,-99.000000,-1,1
68475,576948,855.545921,36533.374460,36533.484234,0, 0, 0, 0,-99.000000,-99.000000,-99.000000,-1,1
68475,576949,855.632853,36533.461392,36533.571167,1, 0, 0, 1,0.512660,-3.749358,-9.161789,-1,2
68475,576950,855.800160,36533.628699,36533.738474,1, 0, 0, 1,-1.007795,6.650303,-14.795019,-1,2
68475,576951,855.807926,36533.636465,36533.746240,0, 0, 0, 0,-99.000000,-99.000000,-99.000000,-1,0
68475,576952,855.950878,36533.779417,36533.889192,1, 0, 0, 1,7.685552,0.682122,-1.570231,-1,2
68475,576953,856.003973,36533.832512,36533.942287,1, 0, 0, 1,-3.084120,4.878052,10.757081,-1,2
68475,576954,856.246814,36534.075352,36534.185128,0, 0, 0, 0,-99.000000,-99.000000,-99.000000,-1,1
68475,576955,856.643691,36534.472228,36534.582004,1, 0, 0, 1,6.611300,-3.503838,-12.578216,-1,2
68475,576956,856.761106,36534.589643,36534.699420,1, 0, 0, 1,7.195096,0.580483,-17.628099,-1,2
68475,576957,856.879932,36534.708469,36534.818246,0, 0, 0, 0,-99.000000,-99.000000,-99.000000,-1,0
68475,576958,856.924970,36534.753507,36534.863283,1, 0, 0, 1,-3.192082,-1.758541,-11.760659,-1,2
68475,576959,857.010068,36534.838604,36534.948381,1, 0, 0, 1,7.653657,3.228374,0.751575,-1,2
68475,576960,857.043913,36534.872450,36534.982227,1, 0, 0, 1,2.713707,-7.520565,-0.831731,-1,2
68475,576961,857.084006,36534.912543,36535.022320,0, 0, 0, 0,-99.000000,-99.000000,-99.000000,-1,0
68475,576962,857.107346,36534.935883,36535.045660,0, 0, 0, 0,-99.000000,-99.000000,-99.000000,-1,1
68475,576963,857.200459,36535.028995,36535.138773,0, 0, 0, 0,-99.000000,-99.000000,-99.000000,-1,1
68475,576964,857.407560,36535.236096,36535.345874,1, 0, 0, 1,-5.226848,-5.698081,21.379080,-1,2
68475,576965,857.531399,36535.359935,36535.469713,1, 0, 0, 1,-1.945546,-5.691164,20.966080,-1,2
68475,576966,857.753669,36535.582204,36535.691983,1, 0, 0, 1,3.265518,0.950905,-20.230693,-1,2
68475,576967,857.764672,36535.593207,36535.702985,1, 0, 0, 1,0.478151,-6.325032,-14.235225,-1,2
68475,576968,857.770558,36535.599093,36535.708872,1, 0, 0, 1,2.639903,8.037373,-18.854774,-1,5
68475,576969,857.909715,36535.738250,36535.848029,0, 0, 0, 0,-99.000000,-99.000000,-99.000000,-1,1
68475,576970,857.934794,36535.763329,36535.873108,1, 0, 0, 1,8.231855,0.277744,2.845491,-1,2
68475,576971,857.941488,36535.770022,36535.879801,1, 0, 0, 1,3.866752,-4.687052,20.856299,-1,2
68475,576972,858.188692,36536.017226,36536.127005,1, 0, 0, 1,-6.106439,3.452725,3.105888,-1,3
68475,576973,858.257115,36536.085649,36536.195428,0, 0, 0, 0,-99.000000,-99.000000,-99.000000,-1,1
68475,576974,858.430809,36536.259343,36536.369123,0, 0, 0, 0,-99.000000,-99.000000,-99.000000,-1,1
68475,576975,858.483465,36536.311999,36536.421779,0, 0, 0, 0,-99.000000,-99.000000,-99.000000,-1,1
68475,576976,858.619378,36536.447911,36536.557691,1, 0, 0, 1,8.244463,0.489640,-21.698006,-1,2
68475,576977,858.729710,36536.558243,36536.668024,0, 0, 0, 0,-99.000000,-99.000000,-99.000000,-1,1
68475,576978,858.807663,36536.636196,36536.745977,1, 0, 0, 1,-1.547549,3.072895,3.586658,-1,2
68475,576979,859.032947,36536.861480,36536.971261,1, 0, 0, 1,-2.606231,7.037421,-19.713221,-1,2
68475,576980,859.131103,36536.959636,36537.069417,1, 0, 0, 1,8.259247,-1.228892,-1.978224,-1,2
68475,576981,859.253530,36537.082062,36537.191844,0, 0, 0, 0,-99.000000,-99.000000,-99.000000,-1,1
68475,576982,859.279708,36537.108240,36537.218021,1, 0, 0, 1,5.457786,-2.265693,-16.448227,-1,2
68475,576983,859.427275,36537.255807,36537.365589,1, 0, 0, 1,0.204679,-1.608367,-3.878473,-1,4
68475,576984,859.448332,36537.276864,36537.386646,1, 0, 0, 1,7.288873,-2.877650,-5.819587,-1,2
68475,576985,859.470692,36537.299224,36537.409006,1, 0, 0, 1,7.958153,-3.839763,-1.517887,-1,2
68475,576986,859.665857,36537.494389,36537.604171,1, 0, 0, 1,5.005779,7.212129,-20.258671,-1,2
68475,576987,859.742975,36537.571506,36537.681289,0, 0, 0, 0,-99.000000,-99.000000,-99.000000,-1,1
68475,576988,859.754515,36537.583046,36537.692828,1, 0, 0, 1,3.494188,6.923540,17.809267,-1,2
68475,576989,859.851601,36537.680131,36537.789914,1, 0, 0, 1,7.228479,-1.818031,-8.592515,-1,2
68475,576990,859.928916,36537.757446,36537.867229,1, 0, 0, 1,4.535710,0.680998,-16.749262,-1,2
68475,576991,860.326570,36538.155100,36538.264883,1, 0, 0, 1,0.892130,-0.971988,6.608180,-1,2
68475,576992,860.429671,36538.258201,36538.367985,1, 0, 0, 1,-4.944275,1.643893,5.444047,-1,2
68475,576993,860.483661,36538.312190,36538.421974,0, 0, 0, 0,-99.000000,-99.000000,-99.000000,-1,0
68475,576994,860.494293,36538.322822,36538.432606,1, 0, 0, 1,2.544720,3.065858,19.024854,-1,2
68475,576995,860.518138,36538.346668,36538.456452,0, 0, 0, 0,-99.000000,-99.000000,-99.000000,-1,1
68475,576996,860.583711,36538.412240,36538.522024,1, 0, 0, 1,-1.792010,3.085418,20.490632,-1,2
68475,576997,860.691258,36538.519787,36538.629571,1, 0, 0, 1,-4.357768,-2.680218,-15.800814,-1,2
68475,576998,860.742693,36538.571222,36538.681006,0, 0, 0, 0,-99.000000,-99.000000,-99.000000,-1,1
68475,576999,860.948778,36538.777307,36538.887091,1, 0, 0, 1,-7.630304,0.255206,14.380899,-1,2
68475,577000,860.961089,36538.789618,36538.899403,1, 0, 0, 1,4.919882,-5.793063,-16.628898,-1,2
68475,577001,860.987149,36538.815677,36538.925462,0, 0, 0, 0,-99.000000,-99.000000,-99.000000,-1,1
68475,577002,860.995627,36538.824156,36538.933941,1, 0, 0, 1,-1.296379,7.150331,-15.317212,-1,2
68475,577003,861.004324,36538.832852,36538.942637,0, 0, 0, 0,-99.000000,-99.000000,-99.000000,-1,1
68475,577004,861.149683,36538.978211,36539.087996,0, 0, 0, 0,-99.000000,-99.000000,-99.000000,-1,1
68475,577005,861.153192,36538.981720,36539.091505,1, 0, 0, 1,5.965941,-4.104710,-4.924131,-1,2
68475,577006,861.239667,36539.068195,36539.177980,0, 0, 0, 0,-99.000000,-99.000000,-99.000000,-1,1
68475,577007,861.273811,36539.102339,36539.212124,1, 0, 0, 1,-3.464573,-2.858905,-19.746909,-1,2
68475,577008,861.347785,36539.176312,36539.286098,1, 0, 0, 1,8.271007,-0.072418,9.348234,-1,2
68475,577009,861.391082,36539.219610,36539.329396,0, 0, 0, 0,-99.000000,-99.000000,-99.000000,-1,1
68475,577010,861.596618,36539.425145,36539.534931,1, 0, 0, 1,4.034586,-3.286464,-2.027509,-1,2
68475,577011,861.649945,36539.478472,36539.588258,0, 0, 0, 0,-99.000000,-99.000000,-99.000000,-1,1
68475,577012,861.700959,36539.529486,36539.639272,0, 0, 0, 0,-99.000000,-99.000000,-99.000000,-1,1
68475,577013,862.081904,36539.910430,36540.020217,1, 0, 0, 1,-5.498479,-2.942281,-13.499312,-1,3
68475,577014,862.117430,36539.945956,36540.055743,1, 0, 0, 1,1.638474,-3.964671,10.136665,-1,2
68475,577015,862.298945,36540.127471,36540.237258,1, 0, 0, 1,1.353113,-1.980977,-1.673930,-1,2
68475,577016,862.336728,36540.165254,36540.275042,0, 0, 0, 0,-99.000000,-99.000000,-99.000000,-1,1
68475,577017,862.510924,36540.339449,36540.449237,0, 0, 0, 0,-99.000000,-99.000000,-99.000000,-1,0
68475,577018,862.516772,36540.345297,36540.455085,0, 0, 0, 0,-99.000000,-99.000000,-99.000000,-1,0
68475,577019,862.640806,36540.469331,36540.579119,0, 0, 0, 0,-99.000000,-99.000000,-99.000000,-1,0
68475,577020,862.660737,36540.489262,36540.599051,0, 0, 0, 0,-99.000000,-99.000000,-99.000000,-1,1
68475,577021,862.701884,36540.530409,36540.640198,1, 0, 0, 1,4.117340,8.437787,7.260681,-1,2
68475,577022,863.061164,36540.889688,36540.999478,1, 0, 0, 1,-6.978552,-3.131803,-8.112395,-1,2
68475,577023,863.157467,36540.985991,36541.095780,1, 0, 0, 1,2.291050,9.448829,3.866053,-1,2
68475,577024,863.164468,36540.992992,36541.102781,1, 0, 0, 1,-7.490924,4.488850,17.892496,-1,2
68475,577025,863.353049,36541.181573,36541.291363,1, 0, 0, 1,-0.559362,-5.819446,-5.149501,-1,2
68475,577026,863.368886,36541.197410,36541.307199,1, 0, 0, 1,3.688214,-2.103841,5.340149,-1,2
68475,577027,863.370738,36541.199261,36541.309051,0, 0, 0, 0,-99.000000,-99.000000,-99.000000,-1,1
68475,577028,863.527489,36541.356012,36541.465802,1, 0, 0, 1,4.109910,8.058907,8.628275,-1,2
68475,577029,863.569338,36541.397861,36541.507651,1, 0, 0, 1,2.200529,7.487295,7.795207,-1,2
68475,577030,863.640801,36541.469324,36541.579114,0, 0, 0, 0,-99.000000,-99.000000,-99.000000,-1,0
68475,577031,863.788336,36541.616859,36541.726650,1, 0, 0, 1,2.362357,-3.690319,1.631775,-1,2
68475,577032,863.975321,36541.803844,36541.913635,0, 0, 0, 0,-99.000000,-99.000000,-99.000000,-1,0
68475,577033,863.985631,36541.814154,36541.923945,1, 0, 0, 1,4.161058,-1.524270,-8.613223,-1,2
68475,577034,864.219886,36542.048408,36542.158200,1, 0, 0, 1,-1.230283,0.217909,10.763667,-1,2
68475,577035,864.274767,36542.103289,36542.213081,1, 0, 0, 1,7.097846,1.946782,-2.542180,-1,2
68475,577036,864.430591,36542.259112,36542.368904,1, 0, 0, 1,-6.243131,4.870051,14.701304,-1,2
68475,577037,864.666762,36542.495283,36542.605076,1, 0, 0, 1,-1.597170,9.284218,16.257992,-1,2
68475,577038,864.737891,36542.566412,36542.676204,1, 0, 0, 1,2.970821,-1.690820,8.117751,-1,2
68475,577039,864.756955,36542.585476,36542.695269,1, 0, 0, 1,-0.870134,-6.273440,12.993969,-1,2
68475,577040,864.873197,36542.701717,36542.811510,0, 0, 0, 0,-99.000000,-99.000000,-99.000000,-1,1
68475,577041,864.917525,36542.746045,36542.855838,1, 0, 0, 1,-2.585508,-3.038876,7.430775,-1,2
68475,577042,864.997660,36542.826181,36542.935974,1, 0, 0, 1,-4.937605,-6.471882,1.129468,-1,2
68475,577043,865.024105,36542.852626,36542.962419,1, 0, 0, 1,7.075775,3.275122,10.577458,-1,2
68475,577044,865.026127,36542.854648,36542.964441,1, 1, 1, 1,-1.345959,-0.005081,4.126258,-1,4
68475,577045,865.056764,36542.885285,36542.995078,1, 0, 0, 1,3.441163,-9.126288,18.382291,-1,2
68475,577046,865.117068,36542.945588,36543.055381,1, 0, 0, 1,-7.961982,1.558334,8.804694,-1,2
68475,577047,865.413217,36543.241736,36543.351530,1, 0, 0, 1,8.567925,-1.361229,-6.845965,-1,2
68475,577048,865.499521,36543.328040,36543.437834,0, 0, 0, 0,-99.000000,-99.000000,-99.000000,-1,1
68475,577049,865.591046,36543.419565,36543.529359,1, 0, 0, 1,-0.038187,5.494263,19.302684,-1,2
68475,577050,865.720960,36543.549478,36543.659273,0, 0, 0, 0,-99.000000,-99.000000,-99.000000,-1,1
68475,577051,865.748947,36543.577466,36543.687260,0, 0, 0, 0,-99.000000,-99.000000,-99.000000,-1,1
68475,577052,865.894689,36543.723207,36543.833002,1, 0, 0, 1,-0.299538,6.416385,12.246078,-1,2
68475,577053,866.152032,36543.980550,36544.090346,1, 0, 0, 1,1.666407,2.442664,2.165267,-1,2
68475,577054,866.618489,36544.447006,36544.556803,1, 0, 0, 1,4.467892,-2.800158,-8.816408,-1,2
68475,577055,866.640702,36544.469219,36544.579015,1, 0, 0, 1,7.995392,-0.775947,8.872236,-1,2
68475,577056,866.704456,36544.532973,36544.642770,0, 0, 0, 0,-99.000000,-99.000000,-99.000000,-1,1
68475,577057,866.847005,36544.675522,36544.785319,0, 0, 0, 0,-99.000000,-99.000000,-99.000000,-1,1
68475,577058,866.901124,36544.729641,36544.839438,1, 0, 0, 1,8.449491,3.067351,-2.475834,-1,2
68475,577059,866.938956,36544.767473,36544.877270,1, 0, 0, 1,6.632138,8.007097,-11.897342,-1,2
68475,577060,866.987101,36544.815617,36544.925414,1, 0, 0, 1,2.908735,-2.051483,-16.419136,-1,2
68475,577061,867.253032,36545.081548,36545.191346,0, 0, 0, 0,-99.000000,-99.000000,-99.000000,-1,1
68475,577062,867.271781,36545.100297,36545.210095,1, 0, 0, 1,8.546806,-1.505409,-10.133268,-1,2
68475,577063,867.301895,36545.130411,36545.240208,1, 0, 0, 1,0.269902,8.542195,-18.445332,-1,3
68475,577064,867.349012,36545.177528,36545.287326,0, 0, 0, 0,-99.000000,-99.000000,-99.000000,-1,1
68475,577065,867.412968,36545.241484,36545.351282,0, 0, 0, 0,-99.000000,-99.000000,-99.000000,-1,1
68475,577066,867.432360,36545.260875,36545.370673,1, 0, 0, 1,-3.536806,-7.930162,20.553591,-1,2
68475,577067,867.512005,36545.340521,36545.450319,1, 0, 0, 1,-8.114698,4.410528,12.299752,-1,2
68475,577068,867.747250,36545.575765,36545.685564,1, 0, 0, 1,-4.358474,-1.364468,-12.374885,-1,2
68475,577069,867.878489,36545.707004,36545.816803,1, 0, 0, 1,-0.310095,-2.608635,5.819777,-1,2
68475,577070,867.903178,36545.731693,36545.841492,1, 0, 0, 1,3.440727,-3.753978,2.888569,-1,2
68475,577071,867.939186,36545.767701,36545.877500,1, 0, 0, 1,1.684236,0.423612,13.708257,-1,2
68475,577072,868.227017,36546.055531,36546.165330,0, 0, 0, 0,-99.000000,-99.000000,-99.000000,-1,1
68475,577073,868.311941,36546.140455,36546.250255,1, 0, 0, 1,-2.958170,6.472650,-21.563250,-1,2
68475,577074,868.614629,36546.443142,36546.552942,1, 0, 0, 1,-5.301930,1.721531,-1.682286,-1,2
68475,577075,868.635674,36546.464187,36546.573988,1, 0, 0, 1,-0.882805,1.159729,-1.517563,-1,2
68475,577076,868.686087,36546.514600,36546.624400,1, 0, 0, 1,-7.985488,3.601836,-7.550524,-1,2
68475,577077,868.811047,36546.639560,36546.749361,1, 0, 0, 1,-7.968905,-1.328369,8.401756,-1,2
68475,577078,868.908463,36546.736976,36546.846777,1, 0, 0, 1,-1.822017,-7.024128,13.673455,-1,2
68475,577079,869.214851,36547.043363,36547.153165,1, 0, 0, 1,-4.291008,-9.298801,16.438160,-1,3
68475,577080,869.379592,36547.208104,36547.317906,0, 0, 0, 0,-99.000000,-99.000000,-99.000000,-1,0
68475,577081,869.631034,36547.459545,36547.569348,1, 0, 0, 1,-2.322156,-5.324325,-16.877230,-1,2
68475,577082,869.893909,36547.722419,36547.832222,1, 0, 0, 1,3.332654,-1.541619,-12.255328,-1,2
68475,577083,870.094651,36547.923161,36548.032964,0, 0, 0, 0,-99.000000,-99.000000,-99.000000,-1,1
68475,577084,870.331796,36548.160305,36548.270109,1, 0, 0, 1,3.406920,-1.610263,-5.480988,-1,2
68475,577085,870.736124,36548.564633,36548.674438,0, 0, 0, 0,-99.000000,-99.000000,-99.000000,-1,1
68475,577086,870.827656,36548.656164,36548.765969,1, 0, 0, 1,4.201699,-5.392548,-10.109088,-1,2
68475,577087,870.842291,36548.670799,36548.780604,1, 0, 0, 1,-1.854521,6.364320,1.489215,-1,2
68475,577088,870.891612,36548.720121,36548.829926,1, 0, 0, 1,4.437563,3.598496,0.051067,-1,2
68475,577089,870.917196,36548.745705,36548.855510,0, 0, 0, 0,-99.000000,-99.000000,-99.000000,-1,1
68475,577090,870.956724,36548.785232,36548.895037,1, 0, 0, 1,0.282581,-5.669720,-4.239887,-1,2
68475,577091,871.217045,36549.045553,36549.155359,0, 0, 0, 0,-99.000000,-99.000000,-99.000000,-1,1
68475,577092,871.457858,36549.286366,36549.396172,1, 0, 0, 1,3.132681,7.978929,-4.848568,-1,2
68475,577093,871.501159,36549.329667,36549.439473,1, 0, 0, 1,5.990372,2.655324,8.269607,-1,2
68475,577094,871.629536,36549.458043,36549.567849,0, 0, 0, 0,-99.000000,-99.000000,-99.000000,-1,0
68475,577095,871.669250,36549.497757,36549.607564,0, 0, 0, 0,-99.000000,-99.000000,-99.000000,-1,1
68475,577096,871.688155,36549.516661,36549.626468,0, 0, 0, 0,-99.000000,-99.000000,-99.000000,-1,0
68475,577097,871.774455,36549.602962,36549.712768,0, 0, 0, 0,-99.000000,-99.000000,-99.000000,-1,1
68475,577098,871.776424,36549.604930,36549.714737,0, 0, 0, 0,-99.000000,-99.000000,-99.000000,-1,1
68475,577099,871.803133,36549.631640,36549.741447,0, 0, 0, 0,-99.000000,-99.000000,-99.000000,-1,1
68475,577100,871.942172,36549.770678,36549.880485,0, 0, 0, 0,-99.000000,-99.000000,-99.000000,-1,1
68475,577101,872.238486,36550.066991,36550.176799,1, 0, 0, 1,-4.421470,-3.936263,17.133659,-1,2
68475,577102,872.533974,36550.362479,36550.472287,1, 0, 0, 1,3.611930,-4.028330,-10.292600,-1,2
68475,577103,872.833643,36550.662147,36550.771956,0, 0, 0, 0,-99.000000,-99.000000,-99.000000,-1,1
68475,577104,872.929067,36550.757571,36550.867381,0, 0, 0, 0,-99.000000,-99.000000,-99.000000,-1,0
68475,577105,872.981080,36550.809584,36550.919393,1, 0, 0, 1,5.530557,-0.484173,0.622422,-1,2
68475,577106,873.017009,36550.845513,36550.955323,1, 0, 0, 1,-5.236234,-3.838930,4.311474,-1,2
68475,577107,873.110356,36550.938860,36551.048670,1, 0, 0, 1,0.675063,0.489818,8.389125,-1,2
68475,577108,873.172813,36551.001317,36551.111127,0, 0, 0, 0,-99.000000,-99.000000,-99.000000,-1,0
68475,577109,873.210089,36551.038593,36551.148403,0, 0, 0, 0,-99.000000,-99.000000,-99.000000,-1,1
68475,577110,873.395182,36551.223685,36551.333495,1, 0, 0, 1,-1.493005,5.781975,-9.945819,-1,3
68475,577111,873.479483,36551.307986,36551.417796,0, 0, 0, 0,-99.000000,-99.000000,-99.000000,-1,1
68475,577112,873.496527,36551.325030,36551.434841,1, 0, 0, 1,2.136780,-6.956945,-13.819564,-1,2
68475,577113,873.693046,36551.521548,36551.631359,1, 0, 0, 1,4.896127,-3.063966,3.655478,-1,2
68475,577114,873.718434,36551.546937,36551.656747,1, 0, 0, 1,0.933047,-8.443126,14.987080,-1,2
68475,577115,873.907507,36551.736010,36551.845821,0, 0, 0, 0,-99.000000,-99.000000,-99.000000,-1,1
68475,577116,873.954304,36551.782807,36551.892618,1, 0, 0, 1,1.822152,-5.078101,12.806050,-1,2
68475,577117,874.320787,36552.149289,36552.259101,1, 0, 0, 1,1.570246,0.684390,-2.392933,-1,2
68475,577118,874.364815,36552.193317,36552.303129,0, 0, 0, 0,-99.000000,-99.000000,-99.000000,-1,1
68475,577119,874.644166,36552.472667,36552.582480,1, 0, 0, 1,2.808366,1.668261,2.011591,-1,2
68475,577120,874.755322,36552.583822,36552.693635,1, 0, 0, 1,2.252821,-2.386144,-3.926247,-1,2
68475,577121,875.104358,36552.932858,36553.042671,0, 0, 0, 0,-99.000000,-99.000000,-99.000000,-1,0
68475,577122,875.135826,36552.964325,36553.074139,0, 0, 0, 0,-99.000000,-99.000000,-99.000000,-1,1
68475,577123,875.165569,36552.994069,36553.103882,1, 0, 0, 1,-2.227681,1.453012,16.445190,-1,2
68475,577124,875.168753,36552.997253,36553.107067,1, 0, 0, 1,7.980123,1.941367,-12.121459,-1,2
68475,577125,875.428255,36553.256754,36553.366568,1, 0, 0, 1,3.682749,-1.942897,-18.162974,-1,2
68475,577126,875.446633,36553.275132,36553.384947,1, 0, 0, 1,6.901193,4.696684,9.244263,-1,3
68475,577127,875.584153,36553.412652,36553.522467,1, 0, 0, 1,4.237751,6.101652,-9.921354,-1,2
68475,577128,875.622288,36553.450787,36553.560601,0, 0, 0, 0,-99.000000,-99.000000,-99.000000,-1,1
68475,577129,875.757162,36553.585661,36553.695476,1, 0, 0, 1,2.474701,1.422493,-2.961062,-1,2
68475,577130,875.846726,36553.675224,36553.785040,1, 0, 0, 1,-7.759067,3.306294,-6.296169,-1,2
68475,577131,875.937084,36553.765583,36553.875398,0, 0, 0, 0,-99.000000,-99.000000,-99.000000,-1,1
68475,577132,875.941783,36553.770281,36553.880097,0, 0, 0, 0,-99.000000,-99.000000,-99.000000,-1,1
68475,577133,876.060341,36553.888839,36553.998654,0, 0, 0, 0,-99.000000,-99.000000,-99.000000,-1,1
68475,577134,876.100438,36553.928935,36554.038751,1, 0, 0, 1,-5.519894,-2.602407,5.894066,-1,2
68475,577135,876.138119,36553.966617,36554.076433,0, 0, 0, 0,-99.000000,-99.000000,-99.000000,-1,1
68475,577136,876.171590,36554.000088,36554.109904,1, 0, 0, 1,4.117995,7.081388,6.993483,-1,2
68475,577137,876.270936,36554.099434,36554.209250,0, 0, 0, 0,-99.000000,-99.000000,-99.000000,-1,1
68475,577138,876.445020,36554.273517,36554.383334,1, 0, 0, 1,-1.660401,0.661386,-18.141683,-1,2
68475,577139,876.472338,36554.300835,36554.410651,1, 0, 0, 1,-3.630874,2.245051,4.901684,-1,2
68475,577140,876.482881,36554.311379,36554.421195,1, 0, 0, 1,-1.459924,3.498856,11.152361,-1,2
68475,577141,876.490249,36554.318746,36554.428562,1, 0, 0, 1,-2.729362,3.241868,7.270622,-1,2
68475,577142,876.682361,36554.510858,36554.620675,1, 0, 0, 1,-6.241517,2.720917,7.354136,-1,2
68475,577143,876.756150,36554.584646,36554.694463,1, 0, 0, 1,1.351071,1.941234,9.034798,-1,2
68475,577144,877.041467,36554.869963,36554.979781,1, 0, 0, 1,-1.164510,3.482722,-16.189822,-1,2
68475,577145,877.170717,36554.999213,36555.109031,1, 0, 0, 1,-3.848496,3.691355,19.505351,-1,2
68475,577146,877.256844,36555.085340,36555.195158,1, 0, 0, 1,-2.216612,5.210520,18.451303,-1,2
68475,577147,877.302745,36555.131241,36555.241059,0, 0, 0, 0,-99.000000,-99.000000,-99.000000,-1,0
68475,577148,877.427594,36555.256089,36555.365907,0, 0, 0, 0,-99.000000,-99.000000,-99.000000,-1,1
68475,577149,877.499480,36555.327975,36555.437794,1, 0, 0, 1,-3.982571,0.664804,11.543268,-1,2
68475,577150,877.633828,36555.462323,36555.572142,1, 0, 0, 1,3.009807,3.763428,2.263001,-1,2
68475,577151,877.724427,36555.552922,36555.662741,0, 0, 0, 0,-99.000000,-99.000000,-99.000000,-1,1
68475,577152,877.826361,36555.654856,36555.764675,0, 0, 0, 0,-99.000000,-99.000000,-99.000000,-1,1
68475,577153,877.990684,36555.819178,36555.928998,0, 0, 0, 0,-99.000000,-99.000000,-99.000000,-1,1
68475,577154,878.132359,36555.960853,36556.070672,0, 0, 0, 0,-99.000000,-99.000000,-99.000000,-1,1
68475,577155,878.221698,36556.050192,36556.160012,1, 0, 0, 1,-4.156020,3.777241,-15.069728,-1,2
68475,577156,878.272185,36556.100679,36556.210499,0, 0, 0, 0,-99.000000,-99.000000,-99.000000,-1,1
68475,577157,878.302672,36556.131166,36556.240986,0, 0, 0, 0,-99.000000,-99.000000,-99.000000,-1,1
68475,577158,878.327036,36556.155530,36556.265350,1, 0, 0, 1,-1.413230,0.867030,-14.060242,-1,2
68475,577159,878.329875,36556.158368,36556.268188,0, 0, 0, 0,-99.000000,-99.000000,-99.000000,-1,1
68475,577160,878.357356,36556.185849,36556.295669,1, 0, 0, 1,4.497744,0.812826,3.750722,-1,2
68475,577161,878.468678,36556.297171,36556.406992,0, 0, 0, 0,-99.000000,-99.000000,-99.000000,-1,1
68475,577162,878.593929,36556.422422,36556.532243,1, 0, 0, 1,0.868389,4.720761,5.624965,-1,2
68475,577163,878.685800,36556.514293,36556.624114,1, 0, 0, 1,-2.889800,-3.937103,16.794233,-1,2
68475,577164,878.818767,36556.647259,36556.757080,1, 0, 0, 1,-5.969934,5.113993,-5.003549,-1,2
68475,577165,878.826083,36556.654575,36556.764396,0, 0, 0, 0,-99.000000,-99.000000,-99.000000,-1,1
68475,577166,878.976176,36556.804669,36556.914490,0, 0, 0, 0,-99.000000,-99.000000,-99.000000,-1,1
68475,577167,879.076454,36556.904946,36557.014767,1, 0, 0, 1,-3.193531,2.500109,-1.257862,-1,2
68475,577168,879.242498,36557.070990,36557.180812,0, 0, 0, 0,-99.000000,-99.000000,-99.000000,-1,1
68475,577169,879.395187,36557.223678,36557.333500,0, 0, 0, 0,-99.000000,-99.000000,-99.000000,-1,1
68475,577170,879.449199,36557.277690,36557.387512,1, 0, 0, 1,5.627774,-4.549650,-3.341513,-1,2
68475,577171,879.455890,36557.284381,36557.394204,1, 0, 0, 1,0.695751,2.796402,12.974959,-1,2
68475,577172,879.570778,36557.399269,36557.509091,1, 0, 0, 1,8.068472,1.281677,-1.979134,-1,2
68475,577173,879.581581,36557.410072,36557.519895,1, 0, 0, 1,0.692736,-1.770938,9.797201,-1,2
68475,577174,879.613355,36557.441845,36557.551668,0, 0, 0, 0,-99.000000,-99.000000,-99.000000,-1,1
68475,577175,879.614588,36557.443079,36557.552901,1, 0, 0, 1,9.108035,11.763137,-19.853541,-1,2
68475,577176,879.647678,36557.476169,36557.585991,0, 0, 0, 0,-99.000000,-99.000000,-99.000000,-1,0
68475,577177,879.678125,36557.506616,36557.616439,0, 0, 0, 0,-99.000000,-99.000000,-99.000000,-1,1
68475,577178,880.004021,36557.832511,36557.942335,1, 0, 0, 1,2.594185,-10.545019,-0.939349,-1,2
68475,577179,880.096293,36557.924783,36558.034606,0, 0, 0, 0,-99.000000,-99.000000,-99.000000,-1,0
68475,577180,880.113949,36557.942439,36558.052263,0, 0, 0, 0,-99.000000,-99.000000,-99.000000,-1,0
68475,577181,880.376170,36558.204659,36558.314483,1, 0, 0, 1,-1.852544,-9.435445,-4.817037,-1,3
68475,577182,880.389534,36558.218023,36558.327847,0, 0, 0, 0,-99.000000,-99.000000,-99.000000,-1,1
68475,577183,880.811876,36558.640364,36558.750189,1, 0, 0, 1,-1.792171,-3.712475,-10.758198,-1,2
68475,577184,880.845723,36558.674211,36558.784036,0, 0, 0, 0,-99.000000,-99.000000,-99.000000,-1,1
68475,577185,880.939778,36558.768266,36558.878091,1, 0, 0, 1,2.218925,6.020525,-14.555475,-1,2
68475,577186,880.945753,36558.774241,36558.884066,1, 0, 0, 1,-3.191742,-0.334006,-11.682557,-1,2
68475,577187,881.158043,36558.986531,36559.096357,0, 0, 0, 0,-99.000000,-99.000000,-99.000000,-1,1
68475,577188,881.290070,36559.118557,36559.228383,1, 0, 0, 1,7.580592,1.223888,-11.754521,-1,2
68475,577189,881.472966,36559.301453,36559.411280,0, 0, 0, 0,-99.000000,-99.000000,-99.000000,-1,0
68475,577190,881.561993,36559.390480,36559.500307,1, 0, 0, 1,-2.978397,1.778583,2.309643,-1,2
68475,577191,881.695342,36559.523829,36559.633655,0, 0, 0, 0,-99.000000,-99.000000,-99.000000,-1,1
68475,577192,881.806427,36559.634914,36559.744741,0, 0, 0, 0,-99.000000,-99.000000,-99.000000,-1,1
68475,577193,881.838665,36559.667152,36559.776979,1, 0, 0, 1,2.654641,-2.770297,-14.064797,-1,2
68475,577194,881.864849,36559.693336,36559.803163,1, 0, 0, 1,3.614508,-0.497038,3.172000,-1,2
68475,577195,882.112814,36559.941299,36560.051127,1, 0, 0, 1,6.442939,3.115124,2.761044,-1,2
68475,577196,882.124100,36559.952585,36560.062413,1, 0, 0, 1,5.847159,5.598131,-0.298098,-1,2
68475,577197,882.154574,36559.983060,36560.092887,0, 0, 0, 0,-99.000000,-99.000000,-99.000000,-1,0
68475,577198,882.219330,36560.047815,36560.157643,1, 0, 0, 1,5.358239,4.519555,-8.540455,-1,2
68475,577199,882.222547,36560.051033,36560.160861,1, 0, 0, 1,-6.972438,3.865751,-8.946973,-1,2
68475,577200,882.393541,36560.222026,36560.331854,1, 0, 0, 1,0.427331,2.027365,2.004829,-1,2
68475,577201,882.397870,36560.226356,36560.336184,0, 0, 0, 0,-99.000000,-99.000000,-99.000000,-1,0
68475,577202,882.460126,36560.288611,36560.398439,0, 0, 0, 0,-99.000000,-99.000000,-99.000000,-1,1
68475,577203,882.687488,36560.515972,36560.625801,1, 0, 0, 1,-2.674242,-2.517383,-15.986802,-1,2
68475,577204,882.987472,36560.815956,36560.925786,0, 0, 0, 0,-99.000000,-99.000000,-99.000000,-1,1
68475,577205,883.043477,36560.871961,36560.981790,0, 0, 0, 0,-99.000000,-99.000000,-99.000000,-1,1
68475,577206,883.252969,36561.081453,36561.191283,0, 0, 0, 0,-99.000000,-99.000000,-99.000000,-1,1
68475,577207,883.432425,36561.260908,36561.370738,1, 0, 0, 1,-0.919099,2.614595,-7.922678,-1,2
68475,577208,883.455843,36561.284326,36561.394156,1, 0, 0, 1,4.871113,4.279058,-8.909688,-1,2
68475,577209,883.503708,36561.332191,36561.442022,0, 0, 0, 0,-99.000000,-99.000000,-99.000000,-1,1
68475,577210,883.719136,36561.547618,36561.657449,1, 0, 0, 1,-5.925426,-2.558429,-0.215518,-1,2
68475,577211,883.726503,36561.554986,36561.664817,1, 0, 0, 1,-3.934943,-2.584217,5.525515,-1,2
68475,577212,883.824661,36561.653144,36561.762975,1, 0, 0, 1,7.636093,-0.002605,17.651964,-1,2
68475,577213,884.115392,36561.943874,36562.053705,1, 0, 0, 1,-5.759070,4.586981,15.783987,-1,2
68475,577214,884.235400,36562.063882,36562.173714,1, 0, 0, 1,-1.969166,1.173075,-14.460930,-1,2
68475,577215,884.266366,36562.094847,36562.204679,1, 0, 0, 1,5.150878,1.861497,12.982016,-1,2
68475,577216,884.370199,36562.198681,36562.308513,1, 0, 0, 1,-2.971673,1.326370,15.890311,-1,2
68475,577217,884.424455,36562.252936,36562.362768,0, 0, 0, 0,-99.000000,-99.000000,-99.000000,-1,0
68475,577218,884.445993,36562.274474,36562.384306,1, 0, 0, 1,-1.206912,1.994479,-6.784703,-1,2
68475,577219,884.509179,36562.337660,36562.447492,1, 0, 0, 1,5.322614,-4.527882,5.510383,-1,2
68475,577220,884.525587,36562.354068,36562.463900,1, 0, 0, 1,4.438985,8.307399,11.988389,-1,2
68475,577221,884.545538,36562.374019,36562.483852,1, 0, 0, 1,-3.651732,1.077120,6.292257,-1,2
68475,577222,884.558029,36562.386509,36562.496342,1, 0, 0, 1,-5.782840,-1.733596,-20.724787,-1,2
68475,577223,884.609343,36562.437824,36562.547657,0, 0, 0, 0,-99.000000,-99.000000,-99.000000,-1,1
68475,577224,884.705424,36562.533904,36562.643737,0, 0, 0, 0,-99.000000,-99.000000,-99.000000,-1,0
68475,577225,884.737319,36562.565800,36562.675633,0, 0, 0, 0,-99.000000,-99.000000,-99.000000,-1,1
68475,577226,884.880059,36562.708539,36562.818373,1, 0, 0, 1,-3.218268,0.669028,-5.329035,-1,2
68475,577227,885.102308,36562.930788,36563.040622,1, 0, 0, 1,-7.191543,-3.935164,5.727368,-1,2
68475,577228,885.203130,36563.031610,36563.141444,1, 0, 0, 1,3.128803,-9.097804,11.553822,-1,2
68475,577229,885.208524,36563.037003,36563.146837,1, 0, 0, 1,-1.497599,-4.161613,18.308379,-1,2
68475,577230,885.236592,36563.065072,36563.174906,1, 0, 0, 1,-5.134367,5.379942,9.060214,-1,2
68475,577231,885.431230,36563.259708,36563.369543,1, 0, 0, 1,7.706616,1.238046,-15.771794,-1,2
68475,577232,885.547404,36563.375882,36563.485717,1, 0, 0, 1,3.129727,1.372960,-8.468418,-1,2
68475,577233,885.778760,36563.607238,36563.717073,1, 0, 0, 1,-1.948322,0.574322,-15.747959,-1,2
68475,577234,885.890280,36563.718758,36563.828593,0, 0, 0, 0,-99.000000,-99.000000,-99.000000,-1,1
68475,577235,885.995973,36563.824451,36563.934287,1, 0, 0, 1,8.815104,2.367882,-14.863568,-1,2
68475,577236,886.026791,36563.855268,36563.965104,1, 0, 0, 1,-5.577559,-4.852043,17.323796,-1,2
68475,577237,886.125643,36563.954120,36564.063956,0, 0, 0, 0,-99.000000,-99.000000,-99.000000,-1,0
68475,577238,886.143682,36563.972159,36564.081995,0, 0, 0, 0,-99.000000,-99.000000,-99.000000,-1,1
68475,577239,886.158930,36563.987407,36564.097243,1, 0, 0, 1,-5.835885,2.491529,10.018438,-1,2
68475,577240,886.172679,36564.001156,36564.110992,0, 0, 0, 0,-99.000000,-99.000000,-99.000000,-1,0
68475,577241,886.288249,36564.116726,36564.226562,1, 0, 0, 1,-0.482661,-8.326264,-18.206313,-1,3
68475,577242,886.396377,36564.224855,36564.334691,0, 0, 0, 0,-99.000000,-99.000000,-99.000000,-1,1
68475,577243,886.434692,36564.263169,36564.373005,1, 1, 0, 1,-1.761707,-0.480319,8.160020,-1,2
68475,577244,886.643389,36564.471865,36564.581702,1, 0, 0, 1,-3.675735,-5.721737,-11.173427,-1,2
68475,577245,886.690958,36564.519434,36564.629271,0, 0, 0, 0,-99.000000,-99.000000,-99.000000,-1,1
68475,577246,886.940132,36564.768608,36564.878445,0, 0, 0, 0,-99.000000,-99.000000,-99.000000,-1,1
68475,577247,886.963503,36564.791979,36564.901817,1, 0, 0, 1,-7.094574,-5.559328,-3.502026,-1,2
68475,577248,887.022088,36564.850563,36564.960401,0, 0, 0, 0,-99.000000,-99.000000,-99.000000,-1,0
68475,577249,887.103411,36564.931887,36565.041725,0, 0, 0, 0,-99.000000,-99.000000,-99.000000,-1,1
68475,577250,887.160406,36564.988882,36565.098720,0, 0, 0, 0,-99.000000,-99.000000,-99.000000,-1,1
68475,577251,887.429868,36565.258343,36565.368182,1, 0, 0, 1,4.882398,3.397690,-20.839839,-1,2
68475,577252,887.524164,36565.352638,36565.462477,1, 0, 0, 1,-6.286312,11.967069,20.481684,-1,2
68475,577253,887.530947,36565.359421,36565.469260,1, 0, 0, 1,-3.600195,9.037416,14.956096,-1,2
68475,577254,887.632333,36565.460808,36565.570647,1, 0, 0, 1,5.906292,1.789957,-8.357101,-1,2
68475,577255,887.686505,36565.514979,36565.624818,0, 0, 0, 0,-99.000000,-99.000000,-99.000000,-1,1
68475,577256,887.763633,36565.592107,36565.701946,1, 0, 0, 1,2.154964,10.357151,0.606468,-1,2
68475,577257,887.916254,36565.744728,36565.854567,0, 0, 0, 0,-99.000000,-99.000000,-99.000000,-1,1
68475,577258,887.955096,36565.783570,36565.893409,0, 0, 0, 0,-99.000000,-99.000000,-99.000000,-1,0
68475,577259,887.973327,36565.801800,36565.911640,1, 0, 0, 1,5.644921,0.935606,7.365248,-1,2
68475,577260,887.999673,36565.828147,36565.937987,1, 0, 0, 1,5.844596,-2.035829,-8.198257,-1,2
68475,577261,888.014562,36565.843036,36565.952876,0, 0, 0, 0,-99.000000,-99.000000,-99.000000,-1,1
68475,577262,888.079268,36565.907742,36566.017582,1, 0, 0, 1,4.318436,-3.868320,13.850629,-1,2
68475,577263,888.101940,36565.930414,36566.040254,0, 0, 0, 0,-99.000000,-99.000000,-99.000000,-1,1
68475,577264,888.187784,36566.016257,36566.126097,0, 0, 0, 0,-99.000000,-99.000000,-99.000000,-1,1
68475,577265,888.262580,36566.091053,36566.200894,1, 0, 0, 1,2.688691,0.949535,-6.183366,-1,2
68475,577266,888.298079,36566.126552,36566.236393,1, 0, 0, 1,-8.952350,-0.646470,-4.254121,-1,4
68475,577267,888.428823,36566.257296,36566.367136,0, 0, 0, 0,-99.000000,-99.000000,-99.000000,-1,1
68475,577268,888.674740,36566.503212,36566.613053,0, 0, 0, 0,-99.000000,-99.000000,-99.000000,-1,1
68475,577269,888.845915,36566.674387,36566.784228,1, 0, 0, 1,-3.635297,-7.041296,0.114834,-1,2
68475,577270,888.879769,36566.708241,36566.818082,1, 0, 0, 1,8.286734,-4.361467,14.711675,-1,2
68475,577271,888.976496,36566.804968,36566.914809,1, 0, 0, 1,-4.821161,3.503024,12.256623,-1,2
68475,577272,889.026586,36566.855057,36566.964899,1, 0, 0, 1,-4.217314,-1.690674,7.146917,-1,2
68475,577273,889.207722,36567.036194,36567.146036,1, 0, 0, 1,2.270303,-6.361682,7.801768,-1,2
68475,577274,889.677297,36567.505768,36567.615611,1, 0, 0, 1,0.297029,-6.524510,5.496277,-1,3
68475,577275,889.753011,36567.581481,36567.691324,1, 0, 0, 1,0.443863,5.702112,-17.120737,-1,2
68475,577276,889.861452,36567.689922,36567.799766,1, 1, 0, 1,-1.091246,1.863825,-17.367771,-1,3
68475,577277,890.086906,36567.915376,36568.025220,1, 0, 0, 1,5.536007,1.827585,-14.723198,-1,2
68475,577278,890.105499,36567.933968,36568.043812,0, 0, 0, 0,-99.000000,-99.000000,-99.000000,-1,0
68475,577279,890.287285,36568.115754,36568.225598,0, 0, 0, 0,-99.000000,-99.000000,-99.000000,-1,1
68475,577280,890.575239,36568.403707,36568.513552,0, 0, 0, 0,-99.000000,-99.000000,-99.000000,-1,1
68475,577281,890.611584,36568.440052,36568.549897,1, 0, 0, 1,-7.568536,-5.640327,11.264863,-1,2
68475,577282,890.820583,36568.649051,36568.758896,0, 0, 0, 0,-99.000000,-99.000000,-99.000000,-1,0
68475,577283,890.835099,36568.663567,36568.773412,1, 0, 0, 1,1.461453,-3.266451,6.864994,-1,2
68475,577284,890.961132,36568.789600,36568.899446,0, 0, 0, 0,-99.000000,-99.000000,-99.000000,-1,1
68475,577285,890.998743,36568.827211,36568.937057,1, 0, 0, 1,2.122492,-9.668467,20.438459,-1,2
68475,577286,891.095381,36568.923848,36569.033694,0, 0, 0, 0,-99.000000,-99.000000,-99.000000,-1,0
68475,577287,891.135533,36568.964001,36569.073847,1, 0, 0, 1,6.911464,-7.498201,10.822546,-1,2
68475,577288,891.197518,36569.025986,36569.135832,0, 0, 0, 0,-99.000000,-99.000000,-99.000000,-1,0
68475,577289,891.205980,36569.034448,36569.144294,0, 0, 0, 0,-99.000000,-99.000000,-99.000000,-1,0
68475,577290,891.247284,36569.075751,36569.185597,1, 0, 0, 1,-4.615313,-2.699479,-17.077976,-1,2
68475,577291,891.376162,36569.204629,36569.314475,1, 0, 0, 1,5.062217,-0.982003,-1.460857,-1,2
68475,577292,891.390155,36569.218622,36569.328469,0, 0, 0, 0,-99.000000,-99.000000,-99.000000,-1,1
68475,577293,891.402323,36569.230790,36569.340636,0, 0, 0, 0,-99.000000,-99.000000,-99.000000,-1,1
68475,577294,891.625861,36569.454328,36569.564175,1, 0, 0, 1,3.837968,5.818316,16.269572,-1,2
68475,577295,891.689428,36569.517894,36569.627742,1, 0, 0, 1,3.765838,-4.956448,8.502569,-1,2
68475,577296,891.738805,36569.567272,36569.677119,0, 0, 0, 0,-99.000000,-99.000000,-99.000000,-1,1
68475,577297,891.750931,36569.579398,36569.689245,1, 0, 0, 1,-1.729583,-0.049652,3.158091,-1,2
68475,577298,891.782787,36569.611254,36569.721101,1, 0, 0, 1,-1.611409,-1.775272,20.657148,-1,2
68475,577299,891.800594,36569.629060,36569.738908,1, 0, 0, 1,-3.022949,4.148882,5.445825,-1,2
68475,577300,891.909264,36569.737730,36569.847578,1, 0, 0, 1,3.538208,6.382406,-6.410913,-1,3
68475,577301,892.227576,36570.056041,36570.165889,0, 0, 0, 0,-99.000000,-99.000000,-99.000000,-1,1
68475,577302,892.521607,36570.350071,36570.459920,1, 0, 0, 1,-6.773838,-2.968011,-11.643523,-1,2
68475,577303,892.619798,36570.448262,36570.558111,1, 0, 0, 1,-4.063727,5.013120,12.053984,-1,2
68475,577304,892.796455,36570.624919,36570.734769,1, 0, 0, 1,4.931411,-4.644749,16.638444,-1,2
68475,577305,892.838125,36570.666589,36570.776438,1, 0, 0, 1,-2.354708,6.576442,-6.351661,-1,2
68475,577306,892.883945,36570.712409,36570.822258,1, 0, 0, 1,-1.359220,-4.746150,-3.007223,-1,2
68475,577307,892.994892,36570.823355,36570.933205,0, 0, 0, 0,-99.000000,-99.000000,-99.000000,-1,1
68475,577308,893.016617,36570.845081,36570.954930,0, 0, 0, 0,-99.000000,-99.000000,-99.000000,-1,1
68475,577309,893.042055,36570.870519,36570.980369,1, 0, 0, 1,0.159813,3.235147,11.021712,-1,2
68475,577310,893.099166,36570.927629,36571.037479,0, 0, 0, 0,-99.000000,-99.000000,-99.000000,-1,1
68475,577311,893.153327,36570.981790,36571.091641,0, 0, 0, 0,-99.000000,-99.000000,-99.000000,-1,1
68475,577312,893.181294,36571.009757,36571.119607,0, 0, 0, 0,-99.000000,-99.000000,-99.000000,-1,0
68475,577313,893.210416,36571.038879,36571.148730,1, 0, 0, 1,-5.048727,-0.869371,9.306698,-1,5
68475,577314,893.454138,36571.282600,36571.392451,0, 0, 0, 0,-99.000000,-99.000000,-99.000000,-1,0
68475,577315,893.557237,36571.385699,36571.495550,1, 0, 0, 1,-1.947223,-5.447956,16.301102,-1,2
68475,577316,893.702501,36571.530964,36571.640815,1, 0, 0, 1,2.237862,-1.915239,-14.344512,-1,2
68475,577317,893.729298,36571.557760,36571.667611,0, 0, 0, 0,-99.000000,-99.000000,-99.000000,-1,1
68475,577318,894.119424,36571.947886,36572.057738,1, 0, 0, 1,8.675035,0.890978,-11.468413,-1,2
68475,577319,894.192915,36572.021377,36572.131229,1, 0, 0, 1,0.247738,1.082491,-9.286279,-1,2
68475,577320,894.249956,36572.078417,36572.188269,1, 0, 0, 1,1.856549,6.509434,7.259642,-1,2
68475,577321,894.271632,36572.100093,36572.209946,1, 0, 0, 1,-8.737918,2.007160,4.992087,-1,2
68475,577322,894.388330,36572.216791,36572.326644,1, 0, 0, 1,-8.775281,0.219817,5.948586,-1,2
68475,577323,894.397000,36572.225461,36572.335313,0, 0, 0, 0,-99.000000,-99.000000,-99.000000,-1,1
68475,577324,894.437209,36572.265670,36572.375523,1, 0, 0, 1,-1.832808,6.350771,10.005283,-1,4
68475,577325,894.475836,36572.304296,36572.414149,1, 0, 0, 1,3.260283,-4.472272,-7.482248,-1,2
68475,577326,894.602255,36572.430716,36572.540569,0, 0, 0, 0,-99.000000,-99.000000,-99.000000,-1,1
68475,577327,894.618101,36572.446561,36572.556415,1, 0, 0, 1,7.019360,5.292591,8.043244,-1,2
68475,577328,894.745811,36572.574271,36572.684124,0, 0, 0, 0,-99.000000,-99.000000,-99.000000,-1,1
68475,577329,894.774632,36572.603092,36572.712945,1, 0, 0, 1,2.916188,0.518505,-12.248409,-1,2
68475,577330,894.781049,36572.609509,36572.719362,0, 0, 0, 0,-99.000000,-99.000000,-99.000000,-1,0
68475,577331,894.823508,36572.651968,36572.761822,0, 0, 0, 0,-99.000000,-99.000000,-99.000000,-1,1
68475,577332,894.856155,36572.684615,36572.794468,0, 0, 0, 0,-99.000000,-99.000000,-99.000000,-1,1
68475,577333,894.961902,36572.790362,36572.900215,1, 1, 0, 1,1.730990,2.932352,-22.394574,-1,2
68475,577334,895.051934,36572.880394,36572.990248,0, 0, 0, 0,-99.000000,-99.000000,-99.000000,-1,0
68475,577335,895.098633,36572.927092,36573.036946,0, 0, 0, 0,-99.000000,-99.000000,-99.000000,-1,1
68475,577336,895.151925,36572.980385,36573.090239,1, 0, 0, 1,3.437605,10.039428,15.935472,-1,2
68475,577337,895.302387,36573.130846,36573.240701,1, 0, 0, 1,-8.441779,-0.420639,-4.103127,-1,2
68475,577338,895.335742,36573.164201,36573.274055,0, 0, 0, 0,-99.000000,-99.000000,-99.000000,-1,0
68475,577339,895.368736,36573.197195,36573.307050,0, 0, 0, 0,-99.000000,-99.000000,-99.000000,-1,1
68475,577340,895.480324,36573.308782,36573.418637,0, 0, 0, 0,-99.000000,-99.000000,-99.000000,-1,1
68475,577341,895.562473,36573.390932,36573.500787,1, 0, 0, 1,-4.785528,-5.418189,-7.684877,-1,2
68475,577342,895.850012,36573.678470,36573.788326,0, 0, 0, 0,-99.000000,-99.000000,-99.000000,-1,1
68475,577343,895.883596,36573.712053,36573.821909,0, 0, 0, 0,-99.000000,-99.000000,-99.000000,-1,1
68475,577344,895.907026,36573.735484,36573.845340,0, 0, 0, 0,-99.000000,-99.000000,-99.000000,-1,0
68475,577345,895.975140,36573.803597,36573.913453,1, 0, 0, 1,0.684493,5.131555,9.179892,-1,2
68475,577346,896.494127,36574.322584,36574.432441,0, 0, 0, 0,-99.000000,-99.000000,-99.000000,-1,1
68475,577347,896.605748,36574.434205,36574.544062,0, 0, 0, 0,-99.000000,-99.000000,-99.000000,-1,1
68475,577348,896.696400,36574.524856,36574.634713,1, 0, 0, 1,-1.186861,1.003245,-9.723014,-1,2
68475,577349,896.714000,36574.542456,36574.652314,1, 0, 0, 1,3.786479,8.641607,-19.182570,-1,4
68475,577350,896.820379,36574.648835,36574.758692,0, 0, 0, 0,-99.000000,-99.000000,-99.000000,-1,1
68475,577351,896.856381,36574.684837,36574.794694,1, 0, 0, 1,0.047054,0.081524,11.612251,-1,2
68475,577352,896.920719,36574.749175,36574.859033,1, 0, 0, 1,9.210044,-0.004217,-21.591301,-1,2
68475,577353,896.961293,36574.789748,36574.899606,0, 0, 0, 0,-99.000000,-99.000000,-99.000000,-1,0
68475,577354,897.023981,36574.852436,36574.962295,1, 0, 0, 1,1.526217,1.017525,13.664213,-1,2
68475,577355,897.105693,36574.934148,36575.044006,1, 0, 0, 1,-3.257754,-2.085049,-1.653459,-1,2
68475,577356,897.200334,36575.028789,36575.138647,0, 0, 0, 0,-99.000000,-99.000000,-99.000000,-1,1
68475,577357,897.368217,36575.196672,36575.306531,1, 0, 0, 1,-5.952190,1.241424,-12.984443,-1,2
68475,577358,897.440162,36575.268617,36575.378476,0, 0, 0, 0,-99.000000,-99.000000,-99.000000,-1,0
68475,577359,897.446074,36575.274528,36575.384387,1, 0, 0, 1,-2.100675,-5.630325,-2.359972,-1,2
68475,577360,897.454008,36575.282463,36575.392322,0, 0, 0, 0,-99.000000,-99.000000,-99.000000,-1,1
68475,577361,897.463441,36575.291895,36575.401754,1, 0, 0, 1,0.892767,7.716362,-11.751542,-1,2
68475,577362,897.475856,36575.304311,36575.414170,1, 0, 0, 1,5.654839,2.724794,-13.510796,-1,2
68475,577363,897.708877,36575.537331,36575.647190,0, 0, 0, 0,-99.000000,-99.000000,-99.000000,-1,1
68475,577364,897.903697,36575.732151,36575.842011,0, 0, 0, 0,-99.000000,-99.000000,-99.000000,-1,0
68475,577365,897.937848,36575.766302,36575.876161,0, 0, 0, 0,-99.000000,-99.000000,-99.000000,-1,0
68475,577366,897.945143,36575.773596,36575.883456,1, 0, 0, 1,-5.683946,6.430994,-11.591627,-1,2
68475,577367,898.032833,36575.861286,36575.971146,0, 0, 0, 0,-99.000000,-99.000000,-99.000000,-1,0
68475,577368,898.417457,36576.245910,36576.355771,1, 0, 0, 1,-2.954321,2.325920,11.957257,-1,2
68475,577369,898.447978,36576.276430,36576.386291,1, 0, 0, 1,1.130050,0.961898,-7.680216,-1,2
68475,577370,898.648547,36576.476999,36576.586861,1, 0, 0, 1,7.467328,1.909306,-12.852466,-1,2
68475,577371,898.673678,36576.502130,36576.611991,1, 0, 0, 1,0.430724,-1.082908,0.972647,-1,2
68475,577372,899.079205,36576.907656,36577.017518,1, 0, 0, 1,-4.271244,-7.540093,19.949545,-1,2
68475,577373,899.166500,36576.994951,36577.104813,0, 0, 0, 0,-99.000000,-99.000000,-99.000000,-1,1
68475,577374,899.231232,36577.059683,36577.169546,1, 0, 0, 1,-0.626049,-6.474103,-5.459173,-1,2
68475,577375,899.404238,36577.232689,36577.342552,1, 0, 0, 1,0.816352,4.740629,10.681061,-1,2
68475,577376,899.521371,36577.349822,36577.459685,1, 0, 0, 1,-4.237269,2.154620,4.364980,-1,2
68475,577377,899.656394,36577.484844,36577.594708,0, 0, 0, 0,-99.000000,-99.000000,-99.000000,-1,1
68475,577378,899.685489,36577.513939,36577.623802,0, 0, 0, 0,-99.000000,-99.000000,-99.000000,-1,1
68475,577379,899.692938,36577.521388,36577.631252,1, 0, 0, 1,-3.196672,-1.591790,-9.062135,-1,2
68475,577380,899.779739,36577.608189,36577.718053,1, 0, 0, 1,-2.267818,-7.449052,3.943532,-1,2
68475,577381,899.796645,36577.625095,36577.734959,0, 0, 0, 0,-99.000000,-99.000000,-99.000000,-1,1
68475,577382,899.931023,36577.759473,36577.869337,0, 0, 0, 0,-99.000000,-99.000000,-99.000000,-1,1
68475,577383,900.255322,36578.083771,36578.193636,1, 0, 0, 1,-2.629920,2.655698,-6.403767,-1,2
68475,577384,900.395539,36578.223988,36578.333852,1, 0, 0, 1,2.242122,-4.417657,-0.718794,-1,2
68475,577385,900.551281,36578.379729,36578.489594,1, 0, 0, 1,3.017795,7.226791,1.137331,-1,2
68475,577386,900.603992,36578.432440,36578.542305,0, 0, 0, 0,-99.000000,-99.000000,-99.000000,-1,1
68475,577387,900.670670,36578.499118,36578.608984,1, 0, 0, 1,-3.832787,1.434550,-19.057102,-1,2
68475,577388,900.690570,36578.519018,36578.628884,1, 0, 0, 1,-0.861258,8.968816,21.028124,-1,2
68475,577389,900.729133,36578.557581,36578.667446,0, 0, 0, 0,-99.000000,-99.000000,-99.000000,-1,0
68475,577390,900.778123,36578.606571,36578.716436,1, 0, 0, 1,0.335697,-0.417232,-13.409173,-1,2
68475,577391,900.821357,36578.649805,36578.759670,0, 0, 0, 0,-99.000000,-99.000000,-99.000000,-1,1
68475,577392,901.101664,36578.930111,36579.039977,0, 0, 0, 0,-99.000000,-99.000000,-99.000000,-1,1
68475,577393,901.107098,36578.935545,36579.045412,0, 0, 0, 0,-99.000000,-99.000000,-99.000000,-1,1
68475,577394,901.734874,36579.563320,36579.673187,1, 0, 0, 1,2.442033,2.459509,17.863196,-1,2
68475,577395,901.754841,36579.583287,36579.693154,1, 0, 0, 1,4.972421,0.971968,5.863485,-1,2
68475,577396,901.861706,36579.690152,36579.800020,1, 0, 0, 1,-0.361356,-4.654032,8.607041,-1,2
68475,577397,901.964926,36579.793372,36579.903240,1, 0, 0, 1,7.226190,2.095164,7.784364,-1,2
68475,577398,902.068011,36579.896456,36580.006324,1, 0, 0, 1,7.729163,1.231683,16.129511,-1,2
68475,577399,902.270159,36580.098604,36580.208473,0, 0, 0, 0,-99.000000,-99.000000,-99.000000,-1,1
68475,577400,902.367931,36580.196375,36580.306244,1, 0, 0, 1,4.342534,-5.144529,10.095953,-1,2
68475,577401,902.380458,36580.208903,36580.318772,1, 0, 0, 1,-2.381170,-4.059903,13.888855,-1,2
68475,577402,902.390360,36580.218804,36580.328673,1, 0, 0, 1,0.581126,2.044468,-21.124903,-1,2
68475,577403,902.413489,36580.241934,36580.351803,1, 0, 0, 1,9.756238,-4.884341,19.157895,-1,3
68475,577404,902.440186,36580.268631,36580.378500,1, 0, 0, 1,-1.030031,-3.244004,15.599362,-1,2
68475,577405,902.633166,36580.461611,36580.571480,1, 0, 0, 1,-0.255293,0.607486,18.329658,-1,2
68475,577406,902.680302,36580.508746,36580.618615,1, 0, 0, 1,-4.813892,-6.758978,2.433970,-1,2
68475,577407,902.826133,36580.654577,36580.764447,0, 0, 0, 0,-99.000000,-99.000000,-99.000000,-1,0
68475,577408,902.830564,36580.659008,36580.768877,0, 0, 0, 0,-99.000000,-99.000000,-99.000000,-1,1
68475,577409,902.919218,36580.747661,36580.857531,1, 0, 0, 1,-6.112877,-1.638462,-0.653742,-1,2
68475,577410,903.186566,36581.015009,36581.124879,1, 0, 0, 1,-6.401176,1.753338,-9.925068,-1,2
68475,577411,903.338545,36581.166988,36581.276859,1, 0, 0, 1,3.373845,3.475681,5.173875,-1,2
68475,577412,903.343084,36581.171527,36581.281398,0, 0, 0, 0,-99.000000,-99.000000,-99.000000,-1,0
68475,577413,903.540548,36581.368991,36581.478862,1, 0, 0, 1,2.436769,0.192463,7.270323,-1,2
68475,577414,903.661203,36581.489645,36581.599517,1, 0, 0, 1,-2.771391,-2.060890,11.891381,-1,2
68475,577415,903.893969,36581.722411,36581.832283,1, 0, 0, 1,-1.602428,4.750040,7.333177,-1,2
68475,577416,903.903764,36581.732205,36581.842077,1, 0, 0, 1,-7.363333,-0.831360,17.224991,-1,2
68475,577417,903.913305,36581.741746,36581.851618,0, 0, 0, 0,-99.000000,-99.000000,-99.000000,-1,1
68475,577418,904.082183,36581.910624,36582.020497,0, 0, 0, 0,-99.000000,-99.000000,-99.000000,-1,1
68475,577419,904.324431,36582.152872,36582.262745,0, 0, 0, 0,-99.000000,-99.000000,-99.000000,-1,1
68475,577420,904.438973,36582.267413,36582.377286,1, 0, 0, 1,-1.929409,-3.717687,7.470887,-1,2
68475,577421,904.687153,36582.515593,36582.625466,1, 0, 0, 1,-5.417428,6.529694,8.995397,-1,2
68475,577422,904.765723,36582.594163,36582.704037,1, 0, 0, 1,10.247322,-7.489213,-1.400752,-1,2
68475,577423,904.768881,36582.597320,36582.707194,1, 0, 0, 1,2.750224,9.366891,17.642432,-1,2
68475,577424,904.862281,36582.690720,36582.800594,1, 0, 0, 1,-4.575709,-1.074302,-6.739012,-1,2
68475,577425,905.004646,36582.833085,36582.942959,1, 0, 0, 1,-5.677843,5.655296,-7.822225,-1,2
68475,577426,905.244333,36583.072772,36583.182647,0, 0, 0, 0,-99.000000,-99.000000,-99.000000,-1,1
68475,577427,905.301327,36583.129766,36583.239641,0, 0, 0, 0,-99.000000,-99.000000,-99.000000,-1,0
68475,577428,905.322201,36583.150640,36583.260515,1, 0, 0, 1,-7.837784,-1.886010,1.802595,-1,2
68475,577429,905.328174,36583.156613,36583.266488,1, 0, 0, 1,-3.059831,4.195721,-17.988017,-1,2
68475,577430,905.333234,36583.161673,36583.271547,1, 0, 0, 1,-0.199890,9.349777,-14.745673,-1,2
68475,577431,905.517567,36583.346006,36583.455881,1, 0, 0, 1,9.999981,-1.893215,-13.029168,-1,3
68475,577432,905.529081,36583.357519,36583.467394,1, 1, 1, 1,-0.034339,-0.568542,-4.003542,-1,5
68475,577433,905.581345,36583.409784,36583.519659,0, 0, 0, 0,-99.000000,-99.000000,-99.000000,-1,1
68475,577434,905.656203,36583.484641,36583.594517,1, 0, 0, 1,3.250584,13.077314,-12.058063,-1,2
68475,577435,905.723230,36583.551668,36583.661544,1, 0, 0, 1,1.133095,2.617276,-8.931970,-1,2
68475,577436,905.835430,36583.663868,36583.773744,1, 0, 0, 1,-4.951223,-2.912293,2.846458,-1,2
68475,577437,905.988649,36583.817087,36583.926963,1, 0, 0, 1,1.088519,0.163979,14.755406,-1,2
68475,577438,906.095931,36583.924369,36584.034245,1, 0, 0, 1,0.566050,4.245268,-7.971153,-1,2
68475,577439,906.119746,36583.948183,36584.058060,1, 0, 0, 1,-0.562505,2.142264,14.698329,-1,2
68475,577440,906.348701,36584.177137,36584.287014,1, 0, 0, 1,5.236211,8.630759,-18.976824,-1,2
68475,577441,906.351217,36584.179654,36584.289531,1, 0, 0, 1,6.325217,1.739405,5.431503,-1,2
68475,577442,906.875029,36584.703465,36584.813343,1, 0, 0, 1,-5.373242,2.643026,8.504663,-1,2
68475,577443,906.893895,36584.722330,36584.832208,1, 0, 0, 1,0.238794,9.461380,-17.894231,-1,2
68475,577444,906.993849,36584.822284,36584.932163,0, 0, 0, 0,-99.000000,-99.000000,-99.000000,-1,1
68475,577445,907.056761,36584.885197,36584.995075,1, 0, 0, 1,5.314373,2.992847,7.608860,-1,2
68475,577446,907.093366,36584.921801,36585.031679,1, 0, 0, 1,-7.494848,-0.792468,11.489344,-1,2
68475,577447,907.306410,36585.134845,36585.244724,1, 0, 0, 1,4.941989,-1.069036,18.410047,-1,2
68475,577448,907.339207,36585.167641,36585.277520,0, 0, 0, 0,-99.000000,-99.000000,-99.000000,-1,0
68475,577449,907.452124,36585.280559,36585.390438,0, 0, 0, 0,-99.000000,-99.000000,-99.000000,-1,1
68475,577450,907.556492,36585.384926,36585.494806,0, 0, 0, 0,-99.000000,-99.000000,-99.000000,-1,1
68475,577451,907.606309,36585.434744,36585.544623,1, 0, 0, 1,-7.256214,0.411456,12.750944,-1,2
68475,577452,907.688792,36585.517226,36585.627105,1, 0, 0, 1,5.412820,-6.164945,-10.417932,-1,2
68475,577453,907.707591,36585.536025,36585.645904,0, 0, 0, 0,-99.000000,-99.000000,-99.000000,-1,1
68475,577454,907.867745,36585.696179,36585.806058,0, 0, 0, 0,-99.000000,-99.000000,-99.000000,-1,0
68475,577455,908.021434,36585.849868,36585.959748,0, 0, 0, 0,-99.000000,-99.000000,-99.000000,-1,0
68475,577456,908.212700,36586.041133,36586.151013,1, 0, 0, 1,4.255491,-2.198309,4.192036,-1,2
68475,577457,908.392926,36586.221358,36586.331239,1, 0, 0, 1,6.176552,2.085750,13.500288,-1,2
68475,577458,908.521189,36586.349621,36586.459502,1, 0, 0, 1,-2.282085,10.352951,20.560369,-1,2
68475,577459,908.542077,36586.370509,36586.480391,1, 0, 0, 1,-6.857444,1.713459,18.778326,-1,2
68475,577460,908.577476,36586.405908,36586.515790,1, 0, 0, 1,3.290288,4.370781,2.567212,-1,2
68475,577461,908.639216,36586.467648,36586.577530,1, 0, 0, 1,2.621621,2.582951,-21.907049,-1,2
68475,577462,908.798470,36586.626902,36586.736784,0, 0, 0, 0,-99.000000,-99.000000,-99.000000,-1,1
68475,577463,909.352302,36587.180733,36587.290616,1, 0, 0, 1,-3.559069,0.395930,-20.670215,-1,2
68475,577464,909.369430,36587.197861,36587.307744,1, 0, 0, 1,7.828333,-3.468011,-9.245750,-1,2
68475,577465,909.484868,36587.313298,36587.423182,0, 0, 0, 0,-99.000000,-99.000000,-99.000000,-1,1
68475,577466,909.686884,36587.515313,36587.625197,1, 0, 0, 1,1.900800,3.978182,-6.016321,-1,5
68475,577467,909.997713,36587.826142,36587.936027,0, 0, 0, 0,-99.000000,-99.000000,-99.000000,-1,1
68475,577468,910.001693,36587.830122,36587.940007,0, 0, 0, 0,-99.000000,-99.000000,-99.000000,-1,1
68475,577469,910.006936,36587.835365,36587.945250,1, 0, 0, 1,3.120287,0.287970,-17.935479,-1,2
68475,577470,910.025827,36587.854256,36587.964140,1, 0, 0, 1,-0.972236,9.845799,-4.730782,-1,2
68475,577471,910.301613,36588.130042,36588.239927,1, 0, 0, 1,2.692310,0.730460,8.285358,-1,2
68475,577472,910.387192,36588.215620,36588.325505,0, 0, 0, 0,-99.000000,-99.000000,-99.000000,-1,0
68475,577473,910.408255,36588.236684,36588.346569,1, 0, 0, 1,-3.599355,4.805558,16.831192,-1,5
68475,577474,910.530744,36588.359172,36588.469057,1, 0, 0, 1,7.476145,-10.349291,17.862930,-1,2
68475,577475,910.572020,36588.400448,36588.510334,1, 0, 0, 1,-2.539685,-10.794455,-20.061721,-1,2
68475,577476,910.677785,36588.506213,36588.616099,0, 0, 0, 0,-99.000000,-99.000000,-99.000000,-1,0
68475,577477,910.950317,36588.778745,36588.888631,1, 0, 0, 1,-2.312900,5.378593,12.454059,-1,2
68475,577478,910.994809,36588.823236,36588.933123,0, 0, 0, 0,-99.000000,-99.000000,-99.000000,-1,1
68475,577479,911.263754,36589.092180,36589.202067,0, 0, 0, 0,-99.000000,-99.000000,-99.000000,-1,1
68475,577480,911.412556,36589.240982,36589.350869,0, 0, 0, 0,-99.000000,-99.000000,-99.000000,-1,1
68475,577481,911.560888,36589.389314,36589.499202,1, 0, 0, 1,12.525116,2.527427,-7.756117,-1,2
68475,577482,911.662226,36589.490652,36589.600540,0, 0, 0, 0,-99.000000,-99.000000,-99.000000,-1,0
68475,577483,911.954542,36589.782967,36589.892855,1, 0, 0, 1,-0.633993,0.009751,0.534103,-1,2
68475,577484,912.014831,36589.843256,36589.953144,0, 0, 0, 0,-99.000000,-99.000000,-99.000000,-1,0
68475,577485,912.061307,36589.889732,36589.999621,0, 0, 0, 0,-99.000000,-99.000000,-99.000000,-1,1
68475,577486,912.090246,36589.918671,36590.028560,1, 0, 0, 1,-1.176099,0.546967,0.699613,-1,2
68475,577487,912.207251,36590.035675,36590.145564,0, 0, 0, 0,-99.000000,-99.000000,-99.000000,-1,0
68475,577488,912.239338,36590.067763,36590.177651,1, 0, 0, 1,2.182593,1.441475,2.822073,-1,2
68475,577489,912.286835,36590.115260,36590.225149,1, 0, 0, 1,-2.964361,2.465843,16.728339,-1,2
68475,577490,912.292187,36590.120612,36590.230501,0, 0, 0, 0,-99.000000,-99.000000,-99.000000,-1,1
68475,577491,912.301481,36590.129906,36590.239795,1, 0, 0, 1,-4.156107,2.522287,4.469243,-1,2
68475,577492,912.534005,36590.362429,36590.472319,0, 0, 0, 0,-99.000000,-99.000000,-99.000000,-1,1
68475,577493,912.601984,36590.430407,36590.540297,1, 0, 0, 1,7.744207,-0.352763,-4.011535,-1,2
68475,577494,912.648962,36590.477386,36590.587276,0, 0, 0, 0,-99.000000,-99.000000,-99.000000,-1,1
68475,577495,912.673610,36590.502034,36590.611924,1, 0, 0, 1,-2.053778,5.216310,10.219755,-1,2
68475,577496,912.679930,36590.508354,36590.618244,1, 0, 0, 1,5.985123,-2.823824,10.316228,-1,2
68475,577497,912.680896,36590.509320,36590.619210,0, 0, 0, 0,-99.000000,-99.000000,-99.000000,-1,1
68475,577498,912.751734,36590.580158,36590.690048,0, 0, 0, 0,-99.000000,-99.000000,-99.000000,-1,0
68475,577499,912.797545,36590.625968,36590.735858,0, 0, 0, 0,-99.000000,-99.000000,-99.000000,-1,1
68475,577500,912.848704,36590.677127,36590.787017,0, 0, 0, 0,-99.000000,-99.000000,-99.000000,-1,1
68475,577501,912.988885,36590.817308,36590.927198,0, 0, 0, 0,-99.000000,-99.000000,-99.000000,-1,1
68475,577502,913.214306,36591.042729,36591.152620,1, 0, 0, 1,-8.008571,2.913810,-13.855813,-1,2
68475,577503,913.251685,36591.080108,36591.189999,1, 0, 0, 1,-4.531709,-6.098942,6.289183,-1,3
68475,577504,913.265569,36591.093992,36591.203882,1, 0, 0, 1,1.413332,-7.148003,7.833155,-1,2
68475,577505,913.299193,36591.127615,36591.237506,1, 0, 0, 1,-0.771648,-9.225178,5.303883,-1,2
68475,577506,913.498747,36591.327169,36591.437061,1, 0, 0, 1,-0.171005,2.189123,-11.706723,-1,2
68475,577507,913.534502,36591.362924,36591.472815,0, 0, 0, 0,-99.000000,-99.000000,-99.000000,-1,1
68475,577508,913.653377,36591.481799,36591.591691,1, 0, 0, 1,-7.191670,1.177568,-16.775573,-1,2
68475,577509,913.723884,36591.552306,36591.662198,1, 0, 0, 1,-2.215744,5.318048,-12.710069,-1,2
68475,577510,913.757160,36591.585582,36591.695473,1, 0, 0, 1,1.806585,0.284699,-5.539181,-1,2
68475,577511,913.983673,36591.812094,36591.921987,0, 0, 0, 0,-99.000000,-99.000000,-99.000000,-1,1
68475,577512,913.984398,36591.812819,36591.922712,1, 0, 0, 1,5.170166,0.894237,-17.356589,-1,2
68475,577513,914.119333,36591.947754,36592.057646,0, 0, 0, 0,-99.000000,-99.000000,-99.000000,-1,1
68475,577514,914.283043,36592.111464,36592.221357,1, 0, 0, 1,7.413240,2.501900,17.675105,-1,2
68475,577515,914.290546,36592.118966,36592.228859,1, 0, 0, 1,-3.700582,0.279395,19.106990,-1,2
68475,577516,914.345439,36592.173859,36592.283752,0, 0, 0, 0,-99.000000,-99.000000,-99.000000,-1,1
68475,577517,914.496926,36592.325346,36592.435240,1, 0, 0, 1,7.366059,3.774485,11.749895,-1,2
68475,577518,914.543169,36592.371589,36592.481483,0, 0, 0, 0,-99.000000,-99.000000,-99.000000,-1,0
68475,577519,914.563538,36592.391958,36592.501851,0, 0, 0, 0,-99.000000,-99.000000,-99.000000,-1,1
68475,577520,914.812885,36592.641304,36592.751198,0, 0, 0, 0,-99.000000,-99.000000,-99.000000,-1,1
68475,577521,914.973053,36592.801473,36592.911367,0, 0, 0, 0,-99.000000,-99.000000,-99.000000,-1,1
68475,577522,915.278874,36593.107293,36593.217188,0, 0, 0, 0,-99.000000,-99.000000,-99.000000,-1,0
68475,577523,915.291894,36593.120312,36593.230207,0, 0, 0, 0,-99.000000,-99.000000,-99.000000,-1,0
68475,577524,915.401641,36593.230059,36593.339955,1, 0, 0, 1,0.397855,-0.506495,14.736655,-1,2
68475,577525,915.431285,36593.259704,36593.369599,1, 0, 0, 1,3.636541,-3.318000,14.420495,-1,2
68475,577526,915.653588,36593.482006,36593.591902,0, 0, 0, 0,-99.000000,-99.000000,-99.000000,-1,1
68475,577527,916.100296,36593.928712,36594.038609,1, 0, 0, 1,-4.491825,-6.027798,14.483676,-1,2
68475,577528,916.147082,36593.975499,36594.085396,1, 0, 0, 1,-0.479705,2.985576,-19.193316,-1,2
68475,577529,916.173062,36594.001479,36594.111375,0, 0, 0, 0,-99.000000,-99.000000,-99.000000,-1,1
68475,577530,916.296291,36594.124707,36594.234604,1, 0, 0, 1,6.863531,-1.608127,0.130836,-1,2
68475,577531,916.495760,36594.324176,36594.434073,0, 0, 0, 0,-99.000000,-99.000000,-99.000000,-1,1
68475,577532,916.574903,36594.403319,36594.513217,1, 0, 0, 1,1.618795,6.188228,-17.781465,-1,2
68475,577533,916.614821,36594.443236,36594.553134,0, 0, 0, 0,-99.000000,-99.000000,-99.000000,-1,0
68475,577534,916.640389,36594.468804,36594.578702,1, 0, 0, 1,6.381172,2.982441,-18.536361,-1,3
68475,577535,916.815922,36594.644337,36594.754235,0, 0, 0, 0,-99.000000,-99.000000,-99.000000,-1,1
68475,577536,917.046847,36594.875262,36594.985160,0, 0, 0, 0,-99.000000,-99.000000,-99.000000,-1,1
68475,577537,917.105758,36594.934172,36595.044071,0, 0, 0, 0,-99.000000,-99.000000,-99.000000,-1,1
68475,577538,917.212466,36595.040881,36595.150780,0, 0, 0, 0,-99.000000,-99.000000,-99.000000,-1,1
68475,577539,917.268159,36595.096573,36595.206472,1, 0, 0, 1,7.662245,-0.121983,-11.704561,-1,2
68475,577540,917.545798,36595.374212,36595.484111,0, 0, 0, 0,-99.000000,-99.000000,-99.000000,-1,1
68475,577541,917.715574,36595.543987,36595.653887,1, 0, 0, 1,4.132382,3.776367,13.379468,-1,2
68475,577542,917.799812,36595.628225,36595.738125,0, 0, 0, 0,-99.000000,-99.000000,-99.000000,-1,1
68475,577543,917.851760,36595.680174,36595.790074,0, 0, 0, 0,-99.000000,-99.000000,-99.000000,-1,0
68475,577544,917.930058,36595.758471,36595.868371,1, 0, 0, 1,9.016419,1.420794,-8.125765,-1,2
68475,577545,917.998057,36595.826470,36595.936371,1, 0, 0, 1,1.364209,-1.769829,-1.669467,-1,2
68475,577546,918.286278,36596.114690,36596.224591,1, 0, 0, 1,-2.119418,-3.842066,-5.435119,-1,2
68475,577547,918.349506,36596.177918,36596.287819,0, 0, 0, 0,-99.000000,-99.000000,-99.000000,-1,1
68475,577548,918.355314,36596.183726,36596.293627,1, 0, 0, 1,-2.854089,6.013918,9.024541,-1,2
68475,577549,918.407084,36596.235496,36596.345397,1, 0, 0, 1,6.918177,0.270130,14.680623,-1,2
68475,577550,918.435345,36596.263757,36596.373659,0, 0, 0, 0,-99.000000,-99.000000,-99.000000,-1,0
68475,577551,918.455081,36596.283493,36596.393394,1, 0, 0, 1,-1.035623,-5.695771,-7.512099,-1,2
68475,577552,918.516528,36596.344940,36596.454842,0, 0, 0, 0,-99.000000,-99.000000,-99.000000,-1,1
68475,577553,918.845600,36596.674012,36596.783914,0, 0, 0, 0,-99.000000,-99.000000,-99.000000,-1,1
68475,577554,918.931143,36596.759554,36596.869456,1, 0, 0, 1,0.785689,5.395936,14.674193,-1,2
68475,577555,919.014657,36596.843068,36596.952970,1, 0, 0, 1,0.975456,-0.376138,-10.409206,-1,2
68475,577556,919.031117,36596.859528,36596.969431,0, 0, 0, 0,-99.000000,-99.000000,-99.000000,-1,1
68475,577557,919.103582,36596.931993,36597.041895,1, 0, 0, 1,-2.547103,-1.801247,4.395929,-1,4
68475,577558,919.113039,36596.941450,36597.051353,1, 0, 0, 1,2.216701,2.239516,16.642649,-1,2
68475,577559,919.261323,36597.089734,36597.199637,1, 0, 0, 1,5.400680,8.497745,-14.530059,-1,2
68475,577560,919.588535,36597.416945,36597.526849,1, 0, 0, 1,-3.000632,-4.992069,-18.964738,-1,3
68475,577561,919.591876,36597.420286,36597.530190,1, 0, 0, 1,7.150845,-3.916375,8.601777,-1,2
68475,577562,919.640959,36597.469368,36597.579272,0, 0, 0, 0,-99.000000,-99.000000,-99.000000,-1,1
68475,577563,919.739590,36597.568000,36597.677904,1, 0, 0, 1,-10.897286,-8.824361,19.713049,-1,2
68475,577564,919.748306,36597.576716,36597.686620,1, 0, 0, 1,1.727904,0.079382,19.911157,-1,2
68475,577565,920.006399,36597.834808,36597.944713,1, 0, 0, 1,-6.245633,-4.691311,5.901139,-1,2
68475,577566,920.046253,36597.874662,36597.984567,0, 0, 0, 0,-99.000000,-99.000000,-99.000000,-1,1
68475,577567,920.131689,36597.960097,36598.070002,1, 0, 0, 1,-3.674007,4.557899,-12.543298,-1,2
68475,577568,920.166110,36597.994519,36598.104424,1, 0, 0, 1,-3.667062,-4.162990,-1.712374,-1,2
68475,577569,920.298917,36598.127325,36598.237231,1, 0, 0, 1,-2.382419,-4.623677,13.130757,-1,2
68475,577570,920.512208,36598.340616,36598.450521,1, 0, 0, 1,2.824027,-4.681789,10.457457,-1,2
68475,577571,920.622512,36598.450920,36598.560825,0, 0, 0, 0,-99.000000,-99.000000,-99.000000,-1,1
68475,577572,920.753752,36598.582159,36598.692065,0, 0, 0, 0,-99.000000,-99.000000,-99.000000,-1,1
68475,577573,920.835629,36598.664036,36598.773943,0, 0, 0, 0,-99.000000,-99.000000,-99.000000,-1,1
68475,577574,920.856681,36598.685088,36598.794994,1, 0, 0, 1,-1.490985,-7.763756,18.900697,-1,2
68475,577575,920.951450,36598.779857,36598.889764,1, 0, 0, 1,-4.196443,-3.332220,-9.863576,-1,2
68475,577576,921.211245,36599.039651,36599.149558,1, 0, 0, 1,7.894722,1.527361,-15.337560,-1,2
68475,577577,921.243882,36599.072289,36599.182196,1, 0, 0, 1,-4.164643,-1.131969,0.757891,-1,2
68475,577578,921.799374,36599.627780,36599.737688,1, 0, 0, 1,-5.248461,-0.485734,-10.831891,-1,3
68475,577579,921.807369,36599.635774,36599.745682,1, 0, 0, 1,-3.652378,0.139096,-0.105109,-1,2
68475,577580,921.842454,36599.670860,36599.780768,0, 0, 0, 0,-99.000000,-99.000000,-99.000000,-1,0
68475,577581,921.967369,36599.795774,36599.905683,1, 0, 0, 1,-2.777734,0.879309,16.197111,-1,2
68475,577582,922.211155,36600.039559,36600.149468,0, 0, 0, 0,-99.000000,-99.000000,-99.000000,-1,0
68475,577583,922.211216,36600.039620,36600.149529,0, 0, 0, 0,-99.000000,-99.000000,-99.000000,-1,0
68475,577584,922.211304,36600.039709,36600.149618,0, 0, 0, 0,-99.000000,-99.000000,-99.000000,-1,0
68475,577585,922.231646,36600.060050,36600.169959,1, 0, 0, 1,0.478880,-6.066277,-7.001588,-1,3
68475,577586,922.258661,36600.087066,36600.196975,0, 0, 0, 0,-99.000000,-99.000000,-99.000000,-1,1
68475,577587,922.453451,36600.281855,36600.391765,1, 0, 0, 1,-1.200994,-0.404744,-17.951474,-1,2
68475,577588,922.484228,36600.312632,36600.422542,1, 0, 0, 1,-0.087305,-0.233616,-1.572513,-1,2
68475,577589,922.487669,36600.316073,36600.425982,1, 0, 0, 1,-3.092106,5.192852,-2.630784,-1,2
68475,577590,922.563318,36600.391722,36600.501631,1, 0, 0, 1,2.800931,-5.308430,16.314088,-1,2
68475,577591,922.593276,36600.421680,36600.531590,1, 0, 0, 1,-0.035302,-8.475137,-13.701652,-1,2
68475,577592,922.683911,36600.512315,36600.622225,0, 0, 0, 0,-99.000000,-99.000000,-99.000000,-1,1
68475,577593,922.726699,36600.555102,36600.665012,1, 0, 0, 1,-7.219676,-2.089140,15.223957,-1,2
68475,577594,922.812687,36600.641090,36600.751000,1, 0, 0, 1,-3.565839,8.070864,16.913254,-1,2
68475,577595,922.893755,36600.722158,36600.832068,1, 0, 0, 1,6.928646,-0.426916,-14.193407,-1,2
68475,577596,922.934413,36600.762816,36600.872727,1, 0, 0, 1,1.985664,8.064408,-5.806257,-1,2
68475,577597,923.024285,36600.852688,36600.962599,1, 0, 0, 1,-2.479309,5.419981,-21.438029,-1,2
68475,577598,923.125177,36600.953580,36601.063491,1, 0, 0, 1,-2.609083,-4.968306,8.035788,-1,3
68475,577599,923.168281,36600.996684,36601.106595,1, 0, 0, 1,3.101517,-3.370593,2.610279,-1,2
68475,577600,923.336538,36601.164940,36601.274851,1, 0, 0, 1,1.986343,-3.978536,-15.710662,-1,2
68475,577601,923.421720,36601.250122,36601.360034,1, 0, 0, 1,2.113377,-3.045306,-13.837807,-1,2
68475,577602,923.524718,36601.353120,36601.463031,1, 0, 0, 1,0.562037,-1.516749,6.684519,-1,2
68475,577603,923.543475,36601.371877,36601.481788,1, 0, 0, 1,-8.453113,-0.348751,14.605341,-1,10
68475,577604,923.647305,36601.475706,36601.585618,1, 0, 0, 1,-5.802860,-6.234792,-9.151676,-1,3
68475,577605,923.692618,36601.521019,36601.630931,0, 0, 0, 0,-99.000000,-99.000000,-99.000000,-1,1
68475,577606,923.712869,36601.541270,36601.651182,1, 0, 0, 1,-4.321412,2.444564,-21.829842,-1,2
68475,577607,923.758808,36601.587209,36601.697121,1, 0, 0, 1,-0.056709,0.403991,-19.580123,-1,2
68475,577608,924.043866,36601.872267,36601.982180,0, 0, 0, 0,-99.000000,-99.000000,-99.000000,-1,0
68475,577609,924.049189,36601.877590,36601.987502,0, 0, 0, 0,-99.000000,-99.000000,-99.000000,-1,0
68475,577610,924.059274,36601.887674,36601.997587,0, 0, 0, 0,-99.000000,-99.000000,-99.000000,-1,1
68475,577611,924.126757,36601.955158,36602.065071,0, 0, 0, 0,-99.000000,-99.000000,-99.000000,-1,0
68475,577612,924.269744,36602.098144,36602.208058,1, 0, 0, 1,3.596876,3.617795,-0.348610,-1,2
68475,577613,924.326668,36602.155068,36602.264981,0, 0, 0, 0,-99.000000,-99.000000,-99.000000,-1,0
68475,577614,924.351913,36602.180313,36602.290226,0, 0, 0, 0,-99.000000,-99.000000,-99.000000,-1,1
68475,577615,924.684478,36602.512877,36602.622791,0, 0, 0, 0,-99.000000,-99.000000,-99.000000,-1,0
68475,577616,924.689614,36602.518014,36602.627928,0, 0, 0, 0,-99.000000,-99.000000,-99.000000,-1,1
68475,577617,924.732356,36602.560755,36602.670670,0, 0, 0, 0,-99.000000,-99.000000,-99.000000,-1,1
68475,577618,924.837294,36602.665693,36602.775607,0, 0, 0, 0,-99.000000,-99.000000,-99.000000,-1,1
68475,577619,925.053183,36602.881581,36602.991496,1, 0, 0, 1,6.723788,-7.774093,-13.824941,-1,4
68475,577620,925.082532,36602.910931,36603.020846,1, 0, 0, 1,6.864331,-2.136751,10.101828,-1,2
68475,577621,925.095703,36602.924101,36603.034016,1, 0, 0, 1,1.746879,-3.771534,-18.034350,-1,2
68475,577622,925.178309,36603.006708,36603.116623,0, 0, 0, 0,-99.000000,-99.000000,-99.000000,-1,0
68475,577623,925.187116,36603.015514,36603.125429,1, 0, 0, 1,-2.883027,-1.733912,-3.122759,-1,2
68475,577624,925.502935,36603.331333,36603.441248,1, 0, 0, 1,5.992508,0.085304,18.734648,-1,2
68475,577625,925.625865,36603.454263,36603.564179,0, 0, 0, 0,-99.000000,-99.000000,-99.000000,-1,0
68475,577626,925.653022,36603.481420,36603.591336,0, 0, 0, 0,-99.000000,-99.000000,-99.000000,-1,1
68475,577627,925.658374,36603.486772,36603.596688,0, 0, 0, 0,-99.000000,-99.000000,-99.000000,-1,1
68475,577628,926.113956,36603.942352,36604.052269,0, 0, 0, 0,-99.000000,-99.000000,-99.000000,-1,1
68475,577629,926.488771,36604.317167,36604.427084,1, 0, 0, 1,-3.627035,8.701229,9.343791,-1,3
68475,577630,926.515328,36604.343724,36604.453642,0, 0, 0, 0,-99.000000,-99.000000,-99.000000,-1,0
68475,577631,926.628969,36604.457364,36604.567282,0, 0, 0, 0,-99.000000,-99.000000,-99.000000,-1,1
68475,577632,926.768160,36604.596555,36604.706474,1, 0, 0, 1,6.702499,-3.960516,-2.486149,-1,2
68475,577633,926.806379,36604.634775,36604.744693,1, 0, 0, 1,-0.828441,-3.552638,14.632216,-1,2
68475,577634,926.888945,36604.717340,36604.827259,1, 0, 0, 1,-0.100705,-14.083462,22.098569,-1,2
68475,577635,927.024956,36604.853351,36604.963270,1, 0, 0, 1,2.604700,-3.094641,-13.634838,-1,2
68475,577636,927.173605,36605.001999,36605.111919,0, 0, 0, 0,-99.000000,-99.000000,-99.000000,-1,0
68475,577637,927.212039,36605.040434,36605.150353,1, 0, 0, 1,6.941168,0.031947,18.691177,-1,2
68475,577638,927.697393,36605.525787,36605.635707,1, 0, 0, 1,1.189329,-0.533475,10.089051,-1,2
68475,577639,927.758243,36605.586636,36605.696556,0, 0, 0, 0,-99.000000,-99.000000,-99.000000,-1,1
68475,577640,927.867879,36605.696272,36605.806193,1, 0, 0, 1,9.574669,7.732316,-8.548480,-1,2
68475,577641,928.194070,36606.022462,36606.132383,0, 0, 0, 0,-99.000000,-99.000000,-99.000000,-1,1
68475,577642,928.338706,36606.167098,36606.277020,1, 0, 0, 1,-3.537176,-1.953725,-5.211891,-1,2
68475,577643,928.398596,36606.226988,36606.336910,1, 0, 0, 1,-2.269456,-2.363850,6.788096,-1,2
68475,577644,928.520666,36606.349058,36606.458980,0, 0, 0, 0,-99.000000,-99.000000,-99.000000,-1,0
68475,577645,928.904282,36606.732673,36606.842596,0, 0, 0, 0,-99.000000,-99.000000,-99.000000,-1,0
68475,577646,928.917902,36606.746293,36606.856215,1, 0, 0, 1,-9.754032,3.956797,5.568660,-1,2
68475,577647,929.002760,36606.831150,36606.941073,0, 0, 0, 0,-99.000000,-99.000000,-99.000000,-1,1
68475,577648,929.038893,36606.867284,36606.977207,0, 0, 0, 0,-99.000000,-99.000000,-99.000000,-1,1
68475,577649,929.180740,36607.009130,36607.119053,1, 0, 0, 1,3.753433,-0.202458,-5.175332,-1,2
68475,577650,929.238515,36607.066905,36607.176828,0, 0, 0, 0,-99.000000,-99.000000,-99.000000,-1,1
68475,577651,929.435769,36607.264159,36607.374083,1, 0, 0, 1,0.244241,-2.868383,5.415912,-1,2
68475,577652,929.528676,36607.357066,36607.466990,1, 0, 0, 1,-6.150668,-2.568479,-8.671993,-1,2
68475,577653,929.741905,36607.570294,36607.680218,0, 0, 0, 0,-99.000000,-99.000000,-99.000000,-1,0
68475,577654,929.779002,36607.607391,36607.717315,1, 0, 0, 1,4.526038,-1.952602,14.203660,-1,4
68475,577655,929.780142,36607.608531,36607.718455,1, 0, 0, 1,-3.005203,3.460063,-19.133952,-1,2
68475,577656,929.833109,36607.661498,36607.771422,0, 0, 0, 0,-99.000000,-99.000000,-99.000000,-1,1
68475,577657,929.931074,36607.759463,36607.869388,1, 0, 0, 1,-4.572540,-2.824719,-17.971339,-1,2
68475,577658,929.933826,36607.762215,36607.872140,1, 0, 0, 1,-8.774991,1.029914,-0.769297,-1,2
68475,577659,930.089961,36607.918350,36608.028275,1, 0, 0, 1,2.801923,-4.474006,2.428605,-1,3
68475,577660,930.167829,36607.996218,36608.106143,1, 0, 0, 1,-5.923071,-2.301095,-0.693997,-1,2
68475,577661,930.246778,36608.075166,36608.185092,0, 0, 0, 0,-99.000000,-99.000000,-99.000000,-1,1
68475,577662,930.417617,36608.246005,36608.355931,1, 0, 0, 1,0.855163,-3.618500,-2.437200,-1,2
68475,577663,930.465163,36608.293551,36608.403477,1, 0, 0, 1,2.461281,15.006181,18.425862,-1,2
68475,577664,930.713053,36608.541440,36608.651366,1, 0, 0, 1,7.443816,-30.007171,-2.497870,-1,2
68475,577665,930.848345,36608.676732,36608.786659,0, 0, 0, 0,-99.000000,-99.000000,-99.000000,-1,1
68475,577666,930.964918,36608.793305,36608.903232,1, 0, 0, 1,6.563635,-6.248110,-3.107847,-1,2
68475,577667,931.384657,36609.213043,36609.322970,0, 0, 0, 0,-99.000000,-99.000000,-99.000000,-1,1
68475,577668,931.546825,36609.375211,36609.485139,1, 0, 0, 1,4.660178,-2.743755,2.434090,-1,2
68475,577669,931.556852,36609.385237,36609.495165,0, 0, 0, 0,-99.000000,-99.000000,-99.000000,-1,0
68475,577670,931.650280,36609.478665,36609.588594,1, 0, 0, 1,5.769658,6.084889,6.412708,-1,2
68475,577671,931.689877,36609.518263,36609.628191,1, 0, 0, 1,8.369718,0.738034,10.042850,-1,2
68475,577672,931.716590,36609.544976,36609.654904,1, 0, 0, 1,0.676411,1.408989,16.887682,-1,2
68475,577673,931.952515,36609.780900,36609.890829,1, 0, 0, 1,1.590928,-3.301726,15.087976,-1,2
68475,577674,932.167664,36609.996049,36610.105978,1, 0, 0, 1,2.145942,5.708883,15.977260,-1,2
68475,577675,932.307103,36610.135487,36610.245417,0, 0, 0, 0,-99.000000,-99.000000,-99.000000,-1,1
68475,577676,932.315792,36610.144176,36610.254106,0, 0, 0, 0,-99.000000,-99.000000,-99.000000,-1,0
68475,577677,932.332049,36610.160432,36610.270362,0, 0, 0, 0,-99.000000,-99.000000,-99.000000,-1,1
68475,577678,932.388532,36610.216916,36610.326846,0, 0, 0, 0,-99.000000,-99.000000,-99.000000,-1,1
68475,577679,932.485649,36610.314032,36610.423962,1, 0, 0, 1,-4.180667,5.192422,-10.698300,-1,2
68475,577680,932.821796,36610.650179,36610.760109,1, 0, 0, 1,-2.765852,-3.172424,4.646304,-1,2
68475,577681,932.828946,36610.657329,36610.767259,0, 0, 0, 0,-99.000000,-99.000000,-99.000000,-1,0
68475,577682,933.121384,36610.949767,36611.059698,0, 0, 0, 0,-99.000000,-99.000000,-99.000000,-1,0
68475,577683,933.173903,36611.002286,36611.112217,1, 0, 0, 1,3.882567,-2.322502,18.871461,-1,2
68475,577684,933.187599,36611.015981,36611.125913,1, 0, 0, 1,-0.813449,-8.163846,16.600354,-1,2
68475,577685,933.235696,36611.064078,36611.174009,0, 0, 0, 0,-99.000000,-99.000000,-99.000000,-1,1
68475,577686,933.405740,36611.234122,36611.344054,1, 0, 0, 1,-1.690234,-5.418801,17.780244,-1,2
68475,577687,933.409039,36611.237421,36611.347353,1, 0, 0, 1,8.451613,3.929008,-9.439059,-1,3
68475,577688,933.564283,36611.392665,36611.502597,0, 0, 0, 0,-99.000000,-99.000000,-99.000000,-1,1
68475,577689,933.570056,36611.398438,36611.508370,0, 0, 0, 0,-99.000000,-99.000000,-99.000000,-1,0
68475,577690,933.575004,36611.403386,36611.513318,0, 0, 0, 0,-99.000000,-99.000000,-99.000000,-1,0
68475,577691,933.718038,36611.546419,36611.656352,1, 0, 0, 1,4.128423,5.786929,-15.483490,-1,2
68475,577692,933.914449,36611.742830,36611.852763,0, 0, 0, 0,-99.000000,-99.000000,-99.000000,-1,1
68475,577693,933.982980,36611.811361,36611.921294,0, 0, 0, 0,-99.000000,-99.000000,-99.000000,-1,1
68475,577694,933.986772,36611.815153,36611.925085,1, 0, 0, 1,3.023899,-0.637229,-15.700587,-1,2
68475,577695,934.041778,36611.870159,36611.980092,1, 0, 0, 1,1.748095,-3.709571,-1.341852,-1,2
68475,577696,934.068418,36611.896798,36612.006731,0, 0, 0, 0,-99.000000,-99.000000,-99.000000,-1,1
68475,577697,934.196427,36612.024807,36612.134741,1, 0, 0, 1,-2.182829,-6.200860,-21.093400,-1,2
68475,577698,934.320990,36612.149370,36612.259303,1, 0, 0, 1,-3.017350,0.453775,18.973390,-1,2
68475,577699,934.329862,36612.158242,36612.268176,1, 0, 0, 1,1.118064,6.565493,-5.826574,-1,2
68475,577700,934.370737,36612.199117,36612.309050,1, 0, 0, 1,0.420647,-0.745401,-20.340587,-1,2
68475,577701,934.549932,36612.378311,36612.488245,1, 0, 0, 1,-2.689237,2.902780,-18.768898,-1,2
68475,577702,934.630208,36612.458587,36612.568521,1, 0, 0, 1,-0.610202,-9.999981,8.140534,-1,9
68475,577703,934.725768,36612.554147,36612.664082,1, 0, 0, 1,-1.288985,1.313621,-0.975442,-1,2
68475,577704,934.781272,36612.609651,36612.719586,1, 0, 0, 1,-4.176705,0.272443,7.271378,-1,2
68475,577705,934.852282,36612.680660,36612.790595,1, 0, 0, 1,-3.478062,4.117699,-20.983686,-1,2
68475,577706,934.885661,36612.714040,36612.823974,0, 0, 0, 0,-99.000000,-99.000000,-99.000000,-1,1
68475,577707,934.932790,36612.761169,36612.871103,1, 0, 0, 1,5.019000,-1.702985,12.882763,-1,2
68475,577708,934.940989,36612.769368,36612.879303,1, 0, 0, 1,6.410139,-2.112013,-8.673743,-1,2
68475,577709,935.065914,36612.894292,36613.004227,1, 0, 0, 1,-2.313448,5.647926,15.985387,-1,2
68475,577710,935.172820,36613.001199,36613.111134,0, 0, 0, 0,-99.000000,-99.000000,-99.000000,-1,1
68475,577711,935.298642,36613.127020,36613.236955,1, 0, 0, 1,-4.266900,-6.956598,12.694187,-1,2
68475,577712,935.424816,36613.253194,36613.363130,0, 0, 0, 0,-99.000000,-99.000000,-99.000000,-1,0
68475,577713,935.686944,36613.515321,36613.625258,0, 0, 0, 0,-99.000000,-99.000000,-99.000000,-1,1
68475,577714,935.777787,36613.606164,36613.716100,0, 0, 0, 0,-99.000000,-99.000000,-99.000000,-1,1
68475,577715,936.006519,36613.834895,36613.944832,1, 0, 0, 1,0.960379,-10.443397,-16.164788,-1,2
68475,577716,936.173169,36614.001545,36614.111482,1, 0, 0, 1,-4.757383,-5.809296,-14.019663,-1,2
68475,577717,936.380764,36614.209140,36614.319078,1, 0, 0, 1,3.656074,-6.889908,-11.635655,-1,2
68475,577718,936.581326,36614.409701,36614.519639,1, 0, 0, 1,5.961980,3.685588,6.713228,-1,2
68475,577719,936.601543,36614.429918,36614.539856,0, 0, 0, 0,-99.000000,-99.000000,-99.000000,-1,0
68475,577720,936.604397,36614.432773,36614.542711,0, 0, 0, 0,-99.000000,-99.000000,-99.000000,-1,1
68475,577721,936.681112,36614.509487,36614.619425,1, 0, 0, 1,3.330118,-5.743605,-6.040459,-1,2
68475,577722,937.031935,36614.860309,36614.970248,0, 0, 0, 0,-99.000000,-99.000000,-99.000000,-1,0
68475,577723,937.077834,36614.906208,36615.016147,1, 0, 0, 1,1.036457,-8.022845,1.627475,-1,2
68475,577724,937.079300,36614.907674,36615.017613,0, 0, 0, 0,-99.000000,-99.000000,-99.000000,-1,0
68475,577725,937.256781,36615.085155,36615.195094,1, 0, 0, 1,0.824941,-1.103834,-19.075228,-1,2
68475,577726,937.278793,36615.107167,36615.217107,1, 0, 0, 1,-2.332807,-1.281494,-7.357260,-1,2
68475,577727,937.743698,36615.572071,36615.682012,0, 0, 0, 0,-99.000000,-99.000000,-99.000000,-1,0
68475,577728,937.767141,36615.595514,36615.705454,1, 0, 0, 1,3.714286,7.516333,5.159758,-1,2
68475,577729,937.772510,36615.600883,36615.710824,0, 0, 0, 0,-99.000000,-99.000000,-99.000000,-1,1
68475,577730,937.784546,36615.612919,36615.722859,0, 0, 0, 0,-99.000000,-99.000000,-99.000000,-1,1
68475,577731,937.846375,36615.674748,36615.784689,1, 0, 0, 1,3.718332,3.880346,-16.524509,-1,2
68475,577732,938.028536,36615.856908,36615.966849,0, 0, 0, 0,-99.000000,-99.000000,-99.000000,-1,0
68475,577733,938.053627,36615.882000,36615.991941,0, 0, 0, 0,-99.000000,-99.000000,-99.000000,-1,0
68475,577734,938.176093,36616.004465,36616.114407,0, 0, 0, 0,-99.000000,-99.000000,-99.000000,-1,1
68475,577735,938.222747,36616.051119,36616.161061,0, 0, 0, 0,-99.000000,-99.000000,-99.000000,-1,0
68475,577736,938.387325,36616.215697,36616.325639,1, 0, 0, 1,-8.522082,0.179838,-4.644090,-1,2
68475,577737,938.435032,36616.263403,36616.373345,0, 0, 0, 0,-99.000000,-99.000000,-99.000000,-1,1
68475,577738,938.515420,36616.343792,36616.453734,1, 0, 0, 1,-8.326122,0.924052,8.255808,-1,2
68475,577739,938.821010,36616.649381,36616.759324,1, 0, 0, 1,4.641128,0.768254,-2.750380,-1,2
68475,577740,938.832511,36616.660881,36616.770824,1, 0, 0, 1,0.852255,6.556319,9.956957,-1,2
68475,577741,938.881113,36616.709484,36616.819427,0, 0, 0, 0,-99.000000,-99.000000,-99.000000,-1,0
68475,577742,938.985087,36616.813457,36616.923400,1, 0, 0, 1,7.495927,1.039026,-14.817969,-1,2
68475,577743,939.027056,36616.855426,36616.965369,0, 0, 0, 0,-99.000000,-99.000000,-99.000000,-1,1
68475,577744,939.051998,36616.880368,36616.990311,0, 0, 0, 0,-99.000000,-99.000000,-99.000000,-1,1
68475,577745,939.178444,36617.006814,36617.116758,0, 0, 0, 0,-99.000000,-99.000000,-99.000000,-1,1
68475,577746,939.234823,36617.063193,36617.173136,1, 0, 0, 1,-2.283271,8.270951,11.238624,-1,2
68475,577747,939.407060,36617.235430,36617.345374,1, 0, 0, 1,-1.593906,8.501749,-2.550765,-1,2
68475,577748,939.536456,36617.364826,36617.474770,0, 0, 0, 0,-99.000000,-99.000000,-99.000000,-1,0
68475,577749,939.625776,36617.454145,36617.564090,1, 0, 0, 1,3.023446,-0.152742,-2.180521,-1,2
68475,577750,939.641261,36617.469631,36617.579575,1, 0, 0, 1,-3.315967,4.768656,-5.780625,-1,2
68475,577751,939.665553,36617.493922,36617.603866,1, 0, 0, 1,6.892617,-2.530587,-4.112992,-1,2
68475,577752,939.824919,36617.653287,36617.763232,1, 0, 0, 1,4.930453,8.374150,5.193703,-1,2
68475,577753,939.856444,36617.684812,36617.794757,0, 0, 0, 0,-99.000000,-99.000000,-99.000000,-1,1
68475,577754,940.006373,36617.834741,36617.944686,1, 0, 0, 1,1.836241,4.384722,-13.699720,-1,2
68475,577755,940.016997,36617.845366,36617.955311,1, 0, 0, 1,3.684813,-5.397025,-10.595790,-1,2
68475,577756,940.027966,36617.856335,36617.966280,1, 0, 0, 1,0.381229,3.970969,-15.261514,-1,2
68475,577757,940.033789,36617.862157,36617.972102,1, 0, 0, 1,-7.790241,3.879962,-5.876143,-1,2
68475,577758,940.046808,36617.875176,36617.985121,0, 0, 0, 0,-99.000000,-99.000000,-99.000000,-1,1
68475,577759,940.068844,36617.897212,36618.007157,1, 0, 0, 1,2.625036,-8.774789,5.600758,-1,2
68475,577760,940.257764,36618.086132,36618.196077,1, 0, 0, 1,6.301306,-1.743821,-13.868128,-1,2
68475,577761,940.318909,36618.147276,36618.257222,0, 0, 0, 0,-99.000000,-99.000000,-99.000000,-1,1
68475,577762,940.319998,36618.148365,36618.258311,0, 0, 0, 0,-99.000000,-99.000000,-99.000000,-1,0
68475,577763,940.397855,36618.226222,36618.336168,0, 0, 0, 0,-99.000000,-99.000000,-99.000000,-1,0
68475,577764,940.514116,36618.342483,36618.452430,1, 0, 0, 1,-0.551460,0.734407,5.816656,-1,2
68475,577765,940.656468,36618.484835,36618.594782,1, 0, 0, 1,-2.784858,-6.909811,-16.316052,-1,7
68475,577766,940.690424,36618.518791,36618.628737,0, 0, 0, 0,-99.000000,-99.000000,-99.000000,-1,1
68475,577767,940.786900,36618.615267,36618.725213,1, 0, 0, 1,-7.580484,-3.125954,4.158261,-1,2
68475,577768,941.349152,36619.177518,36619.287466,0, 0, 0, 0,-99.000000,-99.000000,-99.000000,-1,0
68475,577769,941.372524,36619.200890,36619.310838,0, 0, 0, 0,-99.000000,-99.000000,-99.000000,-1,0
68475,577770,941.432254,36619.260620,36619.370568,0, 0, 0, 0,-99.000000,-99.000000,-99.000000,-1,1
68475,577771,941.572505,36619.400870,36619.510819,1, 0, 0, 1,4.313625,6.947886,-4.245284,-1,11
68475,577772,941.654736,36619.483101,36619.593050,0, 0, 0, 0,-99.000000,-99.000000,-99.000000,-1,1
68475,577773,941.671729,36619.500094,36619.610043,1, 0, 0, 1,7.979641,-1.975065,-12.468594,-1,2
68475,577774,941.848246,36619.676610,36619.786559,1, 0, 0, 1,-2.089231,-1.889564,-11.571678,-1,2
68475,577775,941.873514,36619.701879,36619.811827,1, 0, 0, 1,2.222671,4.867798,-1.591915,-1,2
68475,577776,942.057815,36619.886179,36619.996129,1, 0, 0, 1,-6.507797,2.897117,5.427896,-1,2
68475,577777,942.315008,36620.143372,36620.253322,1, 0, 0, 1,6.861824,-0.668645,-8.125642,-1,2
68475,577778,942.331599,36620.159962,36620.269912,1, 0, 0, 1,-1.335307,4.685310,8.490081,-1,2
68475,577779,942.392369,36620.220733,36620.330683,0, 0, 0, 0,-99.000000,-99.000000,-99.000000,-1,1
68475,577780,942.527156,36620.355519,36620.465469,1, 0, 0, 1,-3.082506,8.326722,5.042845,-1,2
68475,577781,942.538523,36620.366886,36620.476836,1, 0, 0, 1,-6.636588,3.439641,0.837436,-1,2
68475,577782,942.721175,36620.549537,36620.659488,1, 0, 0, 1,-4.073610,1.429243,2.692084,-1,2
68475,577783,942.771670,36620.600033,36620.709983,1, 0, 0, 1,-0.466085,-7.799595,10.613282,-1,2
68475,577784,943.020725,36620.849087,36620.959038,1, 0, 0, 1,-8.364519,2.468775,-4.153441,-1,2
68475,577785,943.114512,36620.942874,36621.052825,0, 0, 0, 0,-99.000000,-99.000000,-99.000000,-1,0
68475,577786,943.253391,36621.081752,36621.191704,0, 0, 0, 0,-99.000000,-99.000000,-99.000000,-1,1
68475,577787,943.259677,36621.088039,36621.197991,1, 0, 0, 1,3.830358,1.914089,-18.108348,-1,2
68475,577788,943.286235,36621.114596,36621.224548,0, 0, 0, 0,-99.000000,-99.000000,-99.000000,-1,1
68475,577789,943.319224,36621.147585,36621.257537,1, 0, 0, 1,5.196770,3.229036,7.290134,-1,2
68475,577790,943.352438,36621.180800,36621.290752,1, 0, 0, 1,2.911613,1.449445,-19.215844,-1,2
68475,577791,943.391647,36621.220009,36621.329961,0, 0, 0, 0,-99.000000,-99.000000,-99.000000,-1,0
68475,577792,943.406018,36621.234379,36621.344331,1, 0, 0, 1,-4.321337,-0.703667,11.063761,-1,2
68475,577793,943.408490,36621.236852,36621.346804,1, 0, 0, 1,-7.237784,9.754713,-10.119636,-1,3
68475,577794,943.538261,36621.366622,36621.476575,0, 0, 0, 0,-99.000000,-99.000000,-99.000000,-1,1
68475,577795,943.687586,36621.515946,36621.625899,0, 0, 0, 0,-99.000000,-99.000000,-99.000000,-1,1
68475,577796,943.860288,36621.688649,36621.798602,0, 0, 0, 0,-99.000000,-99.000000,-99.000000,-1,1
68475,577797,943.937426,36621.765787,36621.875740,0, 0, 0, 0,-99.000000,-99.000000,-99.000000,-1,0
68475,577798,944.082725,36621.911085,36622.021039,0, 0, 0, 0,-99.000000,-99.000000,-99.000000,-1,1
68475,577799,944.131576,36621.959936,36622.069890,1, 1, 0, 1,2.461013,-1.515082,-4.887902,-1,4
68475,577800,944.142566,36621.970926,36622.080880,1, 0, 0, 1,0.092323,-0.781698,-2.836067,-1,2
68475,577801,944.282928,36622.111288,36622.221241,0, 0, 0, 0,-99.000000,-99.000000,-99.000000,-1,0
68475,577802,944.346761,36622.175120,36622.285074,1, 0, 0, 1,-1.516626,3.117421,-8.229288,-1,2
68475,577803,944.387759,36622.216119,36622.326073,1, 0, 0, 1,-0.214557,-9.010520,-12.885658,-1,2
68475,577804,944.497813,36622.326173,36622.436127,0, 0, 0, 0,-99.000000,-99.000000,-99.000000,-1,1
68475,577805,944.504007,36622.332366,36622.442321,0, 0, 0, 0,-99.000000,-99.000000,-99.000000,-1,1
68475,577806,944.535140,36622.363499,36622.473454,1, 0, 0, 1,7.749510,-1.416831,-1.132805,-1,2
68475,577807,944.683598,36622.511957,36622.621911,0, 0, 0, 0,-99.000000,-99.000000,-99.000000,-1,1
68475,577808,944.710143,36622.538502,36622.648457,1, 0, 0, 1,8.427062,3.160282,-4.895653,-1,4
68475,577809,944.792398,36622.620756,36622.730711,0, 0, 0, 0,-99.000000,-99.000000,-99.000000,-1,0
68475,577810,944.956863,36622.785221,36622.895176,1, 0, 0, 1,-5.434400,-0.593533,3.569855,-1,2
68475,577811,945.158288,36622.986645,36623.096601,1, 0, 0, 1,-3.352851,5.789900,-19.476152,-1,2
68475,577812,945.218018,36623.046376,36623.156332,1, 0, 0, 1,3.186875,-1.696479,14.641617,-1,2
68475,577813,945.355486,36623.183844,36623.293800,1, 0, 0, 1,-1.075885,-7.876654,1.464783,-1,2
68475,577814,945.489659,36623.318016,36623.427972,1, 0, 0, 1,1.710883,0.618700,2.942993,-1,2
68475,577815,945.751754,36623.580111,36623.690068,1, 0, 0, 1,-2.569185,-8.722550,-12.690048,-1,3
68475,577816,946.213205,36624.041560,36624.151518,1, 0, 0, 1,2.484357,0.747927,4.004271,-1,2
68475,577817,946.257737,36624.086092,36624.196050,1, 0, 0, 1,2.902624,4.262613,-5.300695,-1,2
68475,577818,946.343377,36624.171733,36624.281691,1, 0, 0, 1,7.305094,3.911762,11.831406,-1,2
68475,577819,946.446241,36624.274596,36624.384554,0, 0, 0, 0,-99.000000,-99.000000,-99.000000,-1,0
68475,577820,946.501758,36624.330113,36624.440072,1, 0, 0, 1,-8.289625,-1.558836,3.481637,-1,2
68475,577821,946.516094,36624.344449,36624.454408,1, 0, 0, 1,5.748668,1.698249,10.976678,-1,2
68475,577822,946.743554,36624.571909,36624.681868,0, 0, 0, 0,-99.000000,-99.000000,-99.000000,-1,1
68475,577823,946.963135,36624.791489,36624.901448,0, 0, 0, 0,-99.000000,-99.000000,-99.000000,-1,1
68475,577824,947.006500,36624.834854,36624.944813,0, 0, 0, 0,-99.000000,-99.000000,-99.000000,-1,1
68475,577825,947.029602,36624.857956,36624.967916,0, 0, 0, 0,-99.000000,-99.000000,-99.000000,-1,1
68475,577826,947.093570,36624.921924,36625.031884,0, 0, 0, 0,-99.000000,-99.000000,-99.000000,-1,0
68475,577827,947.176628,36625.004982,36625.114942,0, 0, 0, 0,-99.000000,-99.000000,-99.000000,-1,1
68475,577828,947.368947,36625.197301,36625.307261,0, 0, 0, 0,-99.000000,-99.000000,-99.000000,-1,0
68475,577829,947.396416,36625.224769,36625.334729,1, 0, 0, 1,3.564455,2.497589,9.915507,-1,2
68475,577830,947.722051,36625.550404,36625.660364,0, 0, 0, 0,-99.000000,-99.000000,-99.000000,-1,1
68475,577831,947.854079,36625.682431,36625.792393,0, 0, 0, 0,-99.000000,-99.000000,-99.000000,-1,0
68475,577832,948.116726,36625.945078,36626.055040,1, 0, 0, 1,1.074552,2.649638,16.457553,-1,2
68475,577833,948.297317,36626.125669,36626.235631,1, 0, 0, 1,-1.214743,-1.478324,-0.568804,-1,2
68475,577834,948.326816,36626.155168,36626.265130,1, 0, 0, 1,0.557684,6.506261,4.924548,-1,2
68475,577835,948.336153,36626.164504,36626.274466,1, 0, 0, 1,-8.339001,0.006211,-8.188039,-1,2
68475,577836,948.539182,36626.367533,36626.477495,1, 0, 0, 1,3.206140,-4.784522,10.979490,-1,2
68475,577837,948.660905,36626.489256,36626.599218,1, 0, 0, 1,-2.030009,5.845070,-17.841319,-1,2
68475,577838,948.665591,36626.493942,36626.603905,0, 0, 0, 0,-99.000000,-99.000000,-99.000000,-1,1
68475,577839,948.701013,36626.529363,36626.639326,1, 0, 0, 1,2.236266,-6.548833,7.504648,-1,2
68475,577840,948.727324,36626.555675,36626.665638,0, 0, 0, 0,-99.000000,-99.000000,-99.000000,-1,0
68475,577841,948.736924,36626.565274,36626.675237,1, 0, 0, 1,5.121558,2.601887,-4.757449,-1,2
68475,577842,948.777590,36626.605941,36626.715904,0, 0, 0, 0,-99.000000,-99.000000,-99.000000,-1,1
68475,577843,948.964794,36626.793144,36626.903107,0, 0, 0, 0,-99.000000,-99.000000,-99.000000,-1,0
68475,577844,948.990484,36626.818834,36626.928797,1, 0, 0, 1,-8.267177,2.368707,15.600505,-1,2
68475,577845,949.298923,36627.127272,36627.237236,1, 0, 0, 1,-1.001873,2.682935,13.613683,-1,2
68475,577846,949.314219,36627.142569,36627.252533,0, 0, 0, 0,-99.000000,-99.000000,-99.000000,-1,1
68475,577847,949.408320,36627.236669,36627.346634,1, 0, 0, 1,-0.489627,-1.147849,-0.867362,-1,2
68475,577848,949.432872,36627.261222,36627.371186,1, 0, 0, 1,1.508395,4.060163,2.906507,-1,2
68475,577849,949.536119,36627.364468,36627.474432,1, 0, 0, 1,5.166221,-0.912413,-8.185902,-1,2
68475,577850,949.654289,36627.482638,36627.592603,1, 0, 0, 1,2.373954,-9.270560,-7.563835,-1,2
68475,577851,949.875669,36627.704018,36627.813983,1, 0, 0, 1,-3.737435,2.112643,-16.681949,-1,2
68475,577852,949.968110,36627.796458,36627.906424,0, 0, 0, 0,-99.000000,-99.000000,-99.000000,-1,1
68475,577853,950.050831,36627.879179,36627.989145,0, 0, 0, 0,-99.000000,-99.000000,-99.000000,-1,1
68475,577854,950.064799,36627.893147,36628.003112,1, 0, 0, 1,5.602741,-9.824210,-6.412222,-1,2
68475,577855,950.180263,36628.008611,36628.118577,1, 0, 0, 1,-1.708916,8.730044,-16.677595,-1,2
68475,577856,950.288478,36628.116826,36628.226792,0, 0, 0, 0,-99.000000,-99.000000,-99.000000,-1,0
68475,577857,950.568070,36628.396417,36628.506384,1, 0, 0, 1,-7.243752,-0.452299,18.569154,-1,2
68475,577858,950.576002,36628.404349,36628.514316,1, 0, 0, 1,8.123177,1.172817,1.302420,-1,2
68475,577859,950.695398,36628.523745,36628.633712,1, 0, 0, 1,6.024980,-0.305506,1.658878,-1,2
68475,577860,950.789810,36628.618156,36628.728123,1, 0, 0, 1,3.980905,6.450277,16.024696,-1,2
68475,577861,950.847774,36628.676121,36628.786088,1, 0, 0, 1,0.835093,6.175877,-14.182710,-1,2
68475,577862,950.903017,36628.731363,36628.841330,1, 0, 0, 1,-3.770244,8.890655,-9.917348,-1,2
68475,577863,950.920941,36628.749287,36628.859254,1, 0, 0, 1,-0.124546,0.693361,1.281154,-1,2
68475,577864,951.017303,36628.845649,36628.955616,1, 0, 0, 1,-1.651987,-11.337696,-13.418063,-1,2
68475,577865,951.207874,36629.036219,36629.146187,0, 0, 0, 0,-99.000000,-99.000000,-99.000000,-1,1
68475,577866,951.389291,36629.217637,36629.327605,1, 0, 0, 1,5.306954,-1.239302,8.947163,-1,2
68475,577867,951.698937,36629.527281,36629.637250,1, 0, 0, 1,9.999981,-0.718443,13.301636,-1,3
68475,577868,952.010471,36629.838815,36629.948785,0, 0, 0, 0,-99.000000,-99.000000,-99.000000,-1,0
68475,577869,952.147114,36629.975458,36630.085428,0, 0, 0, 0,-99.000000,-99.000000,-99.000000,-1,1
68475,577870,952.148526,36629.976870,36630.086840,0, 0, 0, 0,-99.000000,-99.000000,-99.000000,-1,1
68475,577871,952.185413,36630.013757,36630.123726,1, 0, 0, 1,-8.974964,1.952972,-9.372612,-1,2
68475,577872,952.344137,36630.172480,36630.282451,0, 0, 0, 0,-99.000000,-99.000000,-99.000000,-1,0
68475,577873,952.356220,36630.184563,36630.294533,0, 0, 0, 0,-99.000000,-99.000000,-99.000000,-1,0
68475,577874,952.557675,36630.386018,36630.495989,1, 0, 0, 1,-3.284279,3.012761,-19.720433,-1,2
68475,577875,952.630052,36630.458395,36630.568366,1, 0, 0, 1,6.019561,3.543493,-8.364285,-1,2
68475,577876,952.653609,36630.481951,36630.591922,1, 0, 0, 1,9.702591,-3.685055,-18.863465,-1,2
68475,577877,952.755304,36630.583647,36630.693618,1, 0, 0, 1,-3.920498,-1.462493,14.854391,-1,2
68475,577878,953.165270,36630.993611,36631.103583,0, 0, 0, 0,-99.000000,-99.000000,-99.000000,-1,0
68475,577879,953.217431,36631.045772,36631.155744,1, 0, 0, 1,1.744912,6.316527,8.643382,-1,2
68475,577880,953.303900,36631.132242,36631.242214,1, 0, 0, 1,-3.325730,-0.118835,-7.571305,-1,2
68475,577881,953.392835,36631.221176,36631.331148,1, 0, 0, 1,0.297130,2.099215,-15.747942,-1,2
68475,577882,953.395491,36631.223832,36631.333805,1, 0, 0, 1,3.237323,2.796818,18.863170,-1,2
68475,577883,953.512298,36631.340639,36631.450611,0, 0, 0, 0,-99.000000,-99.000000,-99.000000,-1,1
68475,577884,953.514943,36631.343284,36631.453257,0, 0, 0, 0,-99.000000,-99.000000,-99.000000,-1,0
68475,577885,953.521510,36631.349851,36631.459823,1, 0, 0, 1,0.386438,1.768375,0.894931,-1,3
68475,577886,953.521765,36631.350106,36631.460078,1, 0, 0, 1,7.739204,2.143618,2.661394,-1,2
68475,577887,953.660045,36631.488385,36631.598358,1, 0, 0, 1,-6.368983,4.441582,-13.264487,-1,2
68475,577888,953.806422,36631.634762,36631.744735,1, 0, 0, 1,3.909044,8.524329,15.743665,-1,2
68475,577889,953.932153,36631.760493,36631.870467,1, 0, 0, 1,-0.243694,-12.010519,-45.567743,-1,2
68475,577890,954.208072,36632.036411,36632.146385,1, 0, 0, 1,6.584241,3.906271,1.473424,-1,2
68475,577891,954.251313,36632.079652,36632.189626,0, 0, 0, 0,-99.000000,-99.000000,-99.000000,-1,1
68475,577892,954.307783,36632.136122,36632.246097,0, 0, 0, 0,-99.000000,-99.000000,-99.000000,-1,0
68475,577893,954.309918,36632.138258,36632.248232,1, 1, 0, 1,0.188875,0.664574,12.403835,-1,3
68475,577894,954.365687,36632.194026,36632.304000,0, 0, 0, 0,-99.000000,-99.000000,-99.000000,-1,1
68475,577895,954.601490,36632.429828,36632.539803,1, 0, 0, 1,5.418712,2.401889,-21.201095,-1,2
68475,577896,954.640958,36632.469297,36632.579272,1, 0, 0, 1,4.084577,-0.923127,1.561005,-1,2
68475,577897,954.871638,36632.699976,36632.809952,0, 0, 0, 0,-99.000000,-99.000000,-99.000000,-1,1
68475,577898,955.036946,36632.865284,36632.975260,0, 0, 0, 0,-99.000000,-99.000000,-99.000000,-1,1
68475,577899,955.042210,36632.870548,36632.980523,1, 0, 0, 1,-0.265732,-3.477113,-3.998548,-1,2
68475,577900,955.302150,36633.130487,36633.240463,1, 0, 0, 1,4.463680,-3.789946,18.176007,-1,2
68475,577901,955.683109,36633.511445,36633.621422,0, 0, 0, 0,-99.000000,-99.000000,-99.000000,-1,0
68475,577902,955.696348,36633.524685,36633.634662,0, 0, 0, 0,-99.000000,-99.000000,-99.000000,-1,0
68475,577903,955.710709,36633.539045,36633.649022,1, 0, 0, 1,-3.294285,8.565029,-14.562305,-1,2
68475,577904,955.982721,36633.811057,36633.921034,0, 0, 0, 0,-99.000000,-99.000000,-99.000000,-1,1
68475,577905,956.052597,36633.880933,36633.990911,1, 0, 0, 1,3.479380,-5.564174,-13.101580,-1,2
68475,577906,956.130347,36633.958683,36634.068661,0, 0, 0, 0,-99.000000,-99.000000,-99.000000,-1,1
68475,577907,956.227391,36634.055726,36634.165704,1, 0, 0, 1,-6.064047,-3.414700,-8.027748,-1,2
68475,577908,956.232493,36634.060828,36634.170806,1, 0, 0, 1,4.778186,-3.452313,16.029838,-1,2
68475,577909,956.237268,36634.065603,36634.175581,1, 0, 0, 1,-4.126978,-2.523282,7.679215,-1,2
68475,577910,956.344653,36634.172988,36634.282967,1, 0, 0, 1,1.087794,4.097983,-13.575922,-1,2
68475,577911,956.539055,36634.367389,36634.477368,1, 0, 0, 1,3.289023,5.266697,-0.469403,-1,2
68475,577912,956.600948,36634.429283,36634.539262,0, 0, 0, 0,-99.000000,-99.000000,-99.000000,-1,1
68475,577913,956.941375,36634.769709,36634.879688,1, 0, 0, 1,6.365094,-2.032347,-3.691838,-1,2
68475,577914,957.011531,36634.839865,36634.949845,1, 0, 0, 1,-3.662037,9.572100,-2.247391,-1,2
68475,577915,957.012348,36634.840681,36634.950661,0, 0, 0, 0,-99.000000,-99.000000,-99.000000,-1,1
68475,577916,957.037637,36634.865971,36634.975951,1, 0, 0, 1,-5.682021,3.998539,-12.244706,-1,2
68475,577917,957.177169,36635.005503,36635.115483,1, 0, 0, 1,5.148654,4.316249,15.868630,-1,2
68475,577918,957.224324,36635.052657,36635.162637,1, 0, 0, 1,7.909270,1.957599,9.845679,-1,2
68475,577919,957.475903,36635.304236,36635.414216,1, 0, 0, 1,-10.120698,-1.208904,8.385108,-1,2
68475,577920,957.581937,36635.410270,36635.520251,1, 0, 0, 1,-4.117583,-8.547204,-5.309422,-1,2
68475,577921,957.908013,36635.736345,36635.846326,0, 0, 0, 0,-99.000000,-99.000000,-99.000000,-1,1
68475,577922,958.057962,36635.886294,36635.996276,1, 0, 0, 1,2.215233,-5.196471,-4.250039,-1,2
68475,577923,958.204412,36636.032744,36636.142726,1, 0, 0, 1,-5.914455,3.109569,7.865095,-1,2
68475,577924,958.274660,36636.102992,36636.212974,0, 0, 0, 0,-99.000000,-99.000000,-99.000000,-1,1
68475,577925,958.292369,36636.120701,36636.230683,1, 0, 0, 1,6.863936,5.344448,9.365629,-1,2
68475,577926,958.462904,36636.291234,36636.401217,1, 0, 0, 1,-5.657382,1.712098,13.234394,-1,2
68475,577927,958.488677,36636.317008,36636.426991,0, 0, 0, 0,-99.000000,-99.000000,-99.000000,-1,1
68475,577928,958.551007,36636.379338,36636.489321,0, 0, 0, 0,-99.000000,-99.000000,-99.000000,-1,1
68475,577929,958.780900,36636.609230,36636.719213,0, 0, 0, 0,-99.000000,-99.000000,-99.000000,-1,1
68475,577930,958.783207,36636.611537,36636.721520,1, 0, 0, 1,7.533450,-1.206149,18.647092,-1,2
68475,577931,958.971369,36636.799699,36636.909682,1, 0, 0, 1,3.493654,1.054622,11.235909,-1,2
68475,577932,959.370232,36637.198561,36637.308545,1, 0, 0, 1,0.847184,-3.086773,3.688727,-1,3
68475,577933,959.616963,36637.445292,36637.555277,1, 0, 0, 1,9.769937,-1.904365,-8.844915,-1,2
68475,577934,959.619194,36637.447523,36637.557508,1, 0, 0, 1,5.228857,-2.735828,-4.876271,-1,2
68475,577935,959.670000,36637.498328,36637.608313,0, 0, 0, 0,-99.000000,-99.000000,-99.000000,-1,1
68475,577936,959.718658,36637.546986,36637.656971,0, 0, 0, 0,-99.000000,-99.000000,-99.000000,-1,0
68475,577937,959.834209,36637.662537,36637.772522,1, 0, 0, 1,7.014230,4.181081,14.641353,-1,2
68475,577938,960.088854,36637.917181,36638.027167,0, 0, 0, 0,-99.000000,-99.000000,-99.000000,-1,1
68475,577939,960.097658,36637.925985,36638.035971,0, 0, 0, 0,-99.000000,-99.000000,-99.000000,-1,1
68475,577940,960.239375,36638.067703,36638.177689,0, 0, 0, 0,-99.000000,-99.000000,-99.000000,-1,1
68475,577941,960.249618,36638.077945,36638.187931,0, 0, 0, 0,-99.000000,-99.000000,-99.000000,-1,0
68475,577942,960.538625,36638.366952,36638.476939,0, 0, 0, 0,-99.000000,-99.000000,-99.000000,-1,1
68475,577943,960.589299,36638.417625,36638.527612,1, 0, 0, 1,-9.302823,0.196424,17.977247,-1,2
68475,577944,960.590674,36638.419000,36638.528987,0, 0, 0, 0,-99.000000,-99.000000,-99.000000,-1,1
68475,577945,960.688984,36638.517310,36638.627297,0, 0, 0, 0,-99.000000,-99.000000,-99.000000,-1,1
68475,577946,960.929933,36638.758258,36638.868246,0, 0, 0, 0,-99.000000,-99.000000,-99.000000,-1,1
68475,577947,961.028610,36638.856936,36638.966923,0, 0, 0, 0,-99.000000,-99.000000,-99.000000,-1,1
68475,577948,961.044744,36638.873070,36638.983057,0, 0, 0, 0,-99.000000,-99.000000,-99.000000,-1,1
68475,577949,961.165096,36638.993421,36639.103409,1, 0, 0, 1,3.373863,-1.339590,-17.685464,-1,2
68475,577950,961.187592,36639.015918,36639.125906,0, 0, 0, 0,-99.000000,-99.000000,-99.000000,-1,1
68475,577951,961.546725,36639.375050,36639.485039,0, 0, 0, 0,-99.000000,-99.000000,-99.000000,-1,1
68475,577952,961.642488,36639.470812,36639.580801,1, 0, 0, 1,-2.012672,5.567613,-16.747353,-1,2
68475,577953,961.703953,36639.532277,36639.642266,0, 0, 0, 0,-99.000000,-99.000000,-99.000000,-1,1
68475,577954,961.800582,36639.628906,36639.738896,0, 0, 0, 0,-99.000000,-99.000000,-99.000000,-1,1
68475,577955,962.012675,36639.840998,36639.950988,1, 0, 0, 1,-8.051147,-1.739790,-12.258154,-1,2
68475,577956,962.047384,36639.875708,36639.985698,0, 0, 0, 0,-99.000000,-99.000000,-99.000000,-1,0
68475,577957,962.141040,36639.969363,36640.079353,1, 0, 0, 1,-2.732362,-0.635962,15.860844,-1,2
68475,577958,962.521570,36640.349893,36640.459884,1, 0, 0, 1,7.884507,1.859497,-18.293232,-1,2
68475,577959,962.536969,36640.365292,36640.475283,0, 0, 0, 0,-99.000000,-99.000000,-99.000000,-1,0
68475,577960,962.610620,36640.438943,36640.548934,1, 0, 0, 1,-6.688994,1.058971,-10.512490,-1,2
68475,577961,962.839051,36640.667373,36640.777364,0, 0, 0, 0,-99.000000,-99.000000,-99.000000,-1,1
68475,577962,962.978204,36640.806526,36640.916518,0, 0, 0, 0,-99.000000,-99.000000,-99.000000,-1,1
68475,577963,963.009966,36640.838287,36640.948279,1, 0, 0, 1,4.703502,-3.367507,15.909573,-1,2
68475,577964,963.388582,36641.216903,36641.326896,0, 0, 0, 0,-99.000000,-99.000000,-99.000000,-1,1
68475,577965,963.403342,36641.231662,36641.341655,0, 0, 0, 0,-99.000000,-99.000000,-99.000000,-1,0
68475,577966,963.405759,36641.234080,36641.344073,1, 0, 0, 1,7.846836,-2.720954,-17.254690,-1,2
68475,577967,963.627621,36641.455941,36641.565934,0, 0, 0, 0,-99.000000,-99.000000,-99.000000,-1,1
68475,577968,963.723667,36641.551987,36641.661980,1, 0, 0, 1,-1.520122,-0.949018,-7.537138,-1,2
68475,577969,964.107322,36641.935642,36642.045636,0, 0, 0, 0,-99.000000,-99.000000,-99.000000,-1,1
68475,577970,964.251624,36642.079943,36642.189938,0, 0, 0, 0,-99.000000,-99.000000,-99.000000,-1,1
68475,577971,964.440047,36642.268366,36642.378361,0, 0, 0, 0,-99.000000,-99.000000,-99.000000,-1,1
68475,577972,964.640472,36642.468790,36642.578785,1, 0, 0, 1,-1.519491,9.497057,7.101597,-1,2
68475,577973,964.649805,36642.478123,36642.588118,0, 0, 0, 0,-99.000000,-99.000000,-99.000000,-1,0
68475,577974,964.748194,36642.576512,36642.686508,1, 1, 0, 1,3.537147,-0.259364,-1.191200,-1,4
68475,577975,964.777197,36642.605515,36642.715511,0, 0, 0, 0,-99.000000,-99.000000,-99.000000,-1,0
68475,577976,964.815513,36642.643831,36642.753827,1, 0, 0, 1,-5.730505,-0.469286,-4.593139,-1,2
68475,577977,964.991481,36642.819798,36642.929794,0, 0, 0, 0,-99.000000,-99.000000,-99.000000,-1,1
68475,577978,965.183589,36643.011906,36643.121902,1, 0, 0, 1,5.926491,-4.251431,11.826930,-1,2
68475,577979,965.228837,36643.057154,36643.167151,1, 0, 0, 1,-5.530877,-4.818599,10.776590,-1,2
68475,577980,965.311513,36643.139830,36643.249826,0, 0, 0, 0,-99.000000,-99.000000,-99.000000,-1,1
68475,577981,965.523250,36643.351566,36643.461563,1, 0, 0, 1,8.518991,0.003855,2.233284,-1,2
68475,577982,965.531219,36643.359536,36643.469533,1, 0, 0, 1,-2.065932,1.307944,-8.789380,-1,2
68475,577983,965.639265,36643.467581,36643.577578,0, 0, 0, 0,-99.000000,-99.000000,-99.000000,-1,1
68475,577984,965.692631,36643.520947,36643.630945,1, 0, 0, 1,7.852771,3.144067,-0.734825,-1,2
68475,577985,965.713001,36643.541317,36643.651314,1, 0, 0, 1,5.740256,-5.028762,-19.789049,-1,2
68475,577986,965.747068,36643.575384,36643.685381,1, 0, 0, 1,-2.550147,4.972963,-11.775445,-1,2
68475,577987,965.859954,36643.688270,36643.798268,0, 0, 0, 0,-99.000000,-99.000000,-99.000000,-1,1
68475,577988,966.072424,36643.900739,36644.010737,0, 0, 0, 0,-99.000000,-99.000000,-99.000000,-1,1
68475,577989,966.506926,36644.335240,36644.445239,1, 0, 0, 1,-5.288103,-4.115228,11.038267,-1,2
68475,577990,966.784533,36644.612847,36644.722846,1, 0, 0, 1,1.759307,6.026578,-15.455275,-1,2
68475,577991,966.900680,36644.728993,36644.838993,1, 0, 0, 1,1.669811,4.615582,-9.533952,-1,2
68475,577992,966.903611,36644.731925,36644.841925,1, 0, 0, 1,0.778536,2.416496,11.268455,-1,2
68475,577993,967.038110,36644.866423,36644.976424,0, 0, 0, 0,-99.000000,-99.000000,-99.000000,-1,1
68475,577994,967.163342,36644.991656,36645.101656,0, 0, 0, 0,-99.000000,-99.000000,-99.000000,-1,1
68475,577995,967.168994,36644.997307,36645.107308,1, 1, 0, 1,1.788420,-1.791780,-8.896790,-1,2
68475,577996,967.458717,36645.287029,36645.397030,0, 0, 0, 0,-99.000000,-99.000000,-99.000000,-1,0
68475,577997,967.472470,36645.300782,36645.410783,0, 0, 0, 0,-99.000000,-99.000000,-99.000000,-1,1
68475,577998,967.886742,36645.715054,36645.825056,1, 0, 0, 1,-4.504030,2.899469,-4.064525,-1,2
68475,577999,967.981481,36645.809793,36645.919795,0, 0, 0, 0,-99.000000,-99.000000,-99.000000,-1,1
68475,578000,968.140860,36645.969171,36646.079174,1, 0, 0, 1,3.362563,1.213495,-16.672462,-1,2
68475,578001,968.149101,36645.977413,36646.087415,1, 0, 0, 1,0.415790,9.983087,8.382266,-1,2
68475,578002,968.174109,36646.002420,36646.112423,1, 1, 0, 1,-3.060740,-2.340724,-6.895110,-1,4
68475,578003,968.217145,36646.045456,36646.155458,0, 0, 0, 0,-99.000000,-99.000000,-99.000000,-1,1
68475,578004,968.225148,36646.053459,36646.163462,1, 0, 0, 1,-1.556097,3.421982,-14.615561,-1,2
68475,578005,968.678689,36646.506999,36646.617003,1, 0, 0, 1,5.226781,-1.136220,16.199435,-1,2
68475,578006,968.710530,36646.538840,36646.648843,1, 0, 0, 1,2.158246,1.780833,-7.027824,-1,2
68475,578007,968.798700,36646.627010,36646.737014,1, 0, 0, 1,-7.581903,1.103077,-5.400610,-1,2
68475,578008,968.863576,36646.691885,36646.801889,1, 0, 0, 1,0.747489,-1.860367,-9.333331,-1,2
68475,578009,968.886023,36646.714332,36646.824336,1, 0, 0, 1,0.584453,1.141995,2.825404,-1,2
68475,578010,968.911537,36646.739847,36646.849851,0, 0, 0, 0,-99.000000,-99.000000,-99.000000,-1,0
68475,578011,969.041064,36646.869373,36646.979377,1, 0, 0, 1,-0.019810,-3.980809,1.517941,-1,2
68475,578012,969.059591,36646.887901,36646.997905,0, 0, 0, 0,-99.000000,-99.000000,-99.000000,-1,0
68475,578013,969.199436,36647.027745,36647.137749,0, 0, 0, 0,-99.000000,-99.000000,-99.000000,-1,1
68475,578014,969.425287,36647.253595,36647.363600,1, 0, 0, 1,7.876080,0.183687,8.114075,-1,2
68475,578015,969.428211,36647.256520,36647.366524,1, 0, 0, 1,-4.963622,-7.047954,-2.144137,-1,4
68475,578016,969.541375,36647.369684,36647.479689,1, 0, 0, 1,3.249269,-4.514245,-2.678045,-1,2
68475,578017,969.603187,36647.431495,36647.541501,0, 0, 0, 0,-99.000000,-99.000000,-99.000000,-1,0
68475,578018,969.705604,36647.533912,36647.643918,0, 0, 0, 0,-99.000000,-99.000000,-99.000000,-1,1
68475,578019,969.737679,36647.565987,36647.675992,1, 0, 0, 1,-0.031787,2.359941,-1.655066,-1,2
68475,578020,969.754953,36647.583261,36647.693267,1, 0, 0, 1,8.433281,1.791458,-11.840415,-1,2
68475,578021,969.974769,36647.803077,36647.913083,1, 0, 0, 1,-3.693686,5.587893,-0.231277,-1,2
68475,578022,970.045444,36647.873752,36647.983758,1, 0, 0, 1,-3.416240,-8.453443,-10.223009,-1,2
68475,578023,970.220538,36648.048845,36648.158851,0, 0, 0, 0,-99.000000,-99.000000,-99.000000,-1,1
68475,578024,970.862050,36648.690356,36648.800364,1, 0, 0, 1,2.266079,-0.901344,16.727506,-1,2
68475,578025,971.127744,36648.956049,36649.066058,1, 0, 0, 1,1.389321,-7.809385,16.192531,-1,2
68475,578026,971.224025,36649.052330,36649.162339,1, 0, 0, 1,3.036435,-3.987371,-5.953601,-1,2
68475,578027,971.263604,36649.091908,36649.201917,0, 0, 0, 0,-99.000000,-99.000000,-99.000000,-1,0
68475,578028,971.373394,36649.201698,36649.311707,0, 0, 0, 0,-99.000000,-99.000000,-99.000000,-1,1
68475,578029,971.539072,36649.367377,36649.477386,0, 0, 0, 0,-99.000000,-99.000000,-99.000000,-1,1
68475,578030,971.563731,36649.392035,36649.502044,1, 0, 0, 1,-7.320764,-2.560618,-15.484533,-1,2
68475,578031,971.695393,36649.523697,36649.633707,0, 0, 0, 0,-99.000000,-99.000000,-99.000000,-1,0
68475,578032,971.867121,36649.695425,36649.805435,1, 0, 0, 1,-6.847945,-0.606021,-8.109889,-1,2
68475,578033,971.914593,36649.742897,36649.852906,0, 0, 0, 0,-99.000000,-99.000000,-99.000000,-1,1
68475,578034,972.005928,36649.834232,36649.944242,0, 0, 0, 0,-99.000000,-99.000000,-99.000000,-1,1
68475,578035,972.070665,36649.898968,36650.008978,1, 0, 0, 1,2.315415,7.465785,13.289156,-1,4
68475,578036,972.481041,36650.309343,36650.419354,1, 0, 0, 1,-3.351567,3.756124,9.396917,-1,2
68475,578037,972.605139,36650.433441,36650.543453,0, 0, 0, 0,-99.000000,-99.000000,-99.000000,-1,1
68475,578038,972.672571,36650.500873,36650.610884,0, 0, 0, 0,-99.000000,-99.000000,-99.000000,-1,0
68475,578039,972.720335,36650.548637,36650.658648,0, 0, 0, 0,-99.000000,-99.000000,-99.000000,-1,0
68475,578040,972.806609,36650.634910,36650.744922,1, 0, 0, 1,-2.346475,0.518859,-8.527324,-1,2
68475,578041,972.863486,36650.691788,36650.801800,1, 0, 0, 1,-1.304519,-5.519155,-17.144372,-1,2
68475,578042,972.919745,36650.748047,36650.858059,0, 0, 0, 0,-99.000000,-99.000000,-99.000000,-1,1
68475,578043,973.043911,36650.872212,36650.982224,0, 0, 0, 0,-99.000000,-99.000000,-99.000000,-1,0
68475,578044,973.162910,36650.991211,36651.101223,0, 0, 0, 0,-99.000000,-99.000000,-99.000000,-1,1
68475,578045,973.172516,36651.000817,36651.110830,0, 0, 0, 0,-99.000000,-99.000000,-99.000000,-1,0
68475,578046,973.181110,36651.009411,36651.119424,1, 0, 0, 1,-5.400591,2.295843,-18.868908,-1,2
68475,578047,973.247607,36651.075908,36651.185921,1, 0, 0, 1,3.035724,7.023608,-16.377570,-1,2
68475,578048,973.567993,36651.396293,36651.506307,1, 0, 0, 1,-0.714646,-0.438228,10.723739,-1,2
68475,578049,973.571296,36651.399596,36651.509609,0, 0, 0, 0,-99.000000,-99.000000,-99.000000,-1,1
68475,578050,973.591590,36651.419891,36651.529904,0, 0, 0, 0,-99.000000,-99.000000,-99.000000,-1,0
68475,578051,973.635038,36651.463338,36651.573351,1, 0, 0, 1,1.422632,9.927976,-18.325881,-1,2
68475,578052,973.825389,36651.653689,36651.763703,0, 0, 0, 0,-99.000000,-99.000000,-99.000000,-1,0
68475,578053,973.886846,36651.715146,36651.825159,1, 0, 0, 1,-2.787979,-6.045495,-4.670688,-1,2
68475,578054,974.105132,36651.933431,36652.043445,1, 0, 0, 1,-5.339587,3.759697,16.405065,-1,2
68475,578055,974.138435,36651.966734,36652.076749,1, 0, 0, 1,7.810262,1.055354,20.633811,-1,2
68475,578056,974.242205,36652.070504,36652.180519,0, 0, 0, 0,-99.000000,-99.000000,-99.000000,-1,0
68475,578057,974.345566,36652.173865,36652.283879,1, 0, 0, 1,1.703069,10.353516,-11.574825,-1,2
68475,578058,974.467886,36652.296185,36652.406200,1, 0, 0, 1,-5.275357,0.127819,3.212791,-1,2
68475,578059,974.483848,36652.312146,36652.422161,1, 0, 0, 1,6.053762,-4.382841,0.000387,-1,2
68475,578060,974.535724,36652.364023,36652.474038,1, 0, 0, 1,-2.210624,5.242970,13.185639,-1,2
68475,578061,974.577319,36652.405617,36652.515632,1, 0, 0, 1,3.252043,2.535697,6.597707,-1,2
68475,578062,974.630493,36652.458791,36652.568806,1, 0, 0, 1,2.389299,-2.319614,17.371879,-1,2
68475,578063,974.749390,36652.577688,36652.687704,0, 0, 0, 0,-99.000000,-99.000000,-99.000000,-1,1
68475,578064,974.790305,36652.618603,36652.728619,1, 0, 0, 1,-5.966981,0.384430,-9.000230,-1,2
68475,578065,974.844424,36652.672721,36652.782737,0, 0, 0, 0,-99.000000,-99.000000,-99.000000,-1,0
68475,578066,974.966827,36652.795124,36652.905140,1, 0, 0, 1,-6.593620,-0.700312,-6.052761,-1,2
68475,578067,975.033949,36652.862246,36652.972262,1, 0, 0, 1,5.131442,-3.346878,10.242425,-1,2
68475,578068,975.088212,36652.916510,36653.026526,0, 0, 0, 0,-99.000000,-99.000000,-99.000000,-1,1
68475,578069,975.091828,36652.920125,36653.030141,1, 0, 0, 1,1.390800,-5.116448,17.516554,-1,2
68475,578070,975.169990,36652.998287,36653.108303,0, 0, 0, 0,-99.000000,-99.000000,-99.000000,-1,1
68475,578071,975.195597,36653.023894,36653.133910,0, 0, 0, 0,-99.000000,-99.000000,-99.000000,-1,1
68475,578072,975.288554,36653.116851,36653.226868,1, 0, 0, 1,3.486087,3.137084,1.443156,-1,2
68475,578073,975.406598,36653.234894,36653.344911,1, 0, 0, 1,7.754252,3.048378,8.157270,-1,2
68475,578074,975.564122,36653.392418,36653.502436,0, 0, 0, 0,-99.000000,-99.000000,-99.000000,-1,1
68475,578075,975.637054,36653.465350,36653.575367,0, 0, 0, 0,-99.000000,-99.000000,-99.000000,-1,1
68475,578076,975.653688,36653.481984,36653.592002,0, 0, 0, 0,-99.000000,-99.000000,-99.000000,-1,1
68475,578077,975.828839,36653.657135,36653.767152,0, 0, 0, 0,-99.000000,-99.000000,-99.000000,-1,0
68475,578078,975.871383,36653.699679,36653.809697,0, 0, 0, 0,-99.000000,-99.000000,-99.000000,-1,0
68475,578079,975.934904,36653.763199,36653.873217,1, 0, 0, 1,-7.437232,2.745521,10.053232,-1,2
68475,578080,975.975240,36653.803535,36653.913554,1, 0, 0, 1,6.306831,1.573991,11.770753,-1,2
68475,578081,976.200315,36654.028610,36654.138629,1, 0, 0, 1,-0.638084,11.510727,17.958340,-1,2
68475,578082,976.220623,36654.048918,36654.158936,0, 0, 0, 0,-99.000000,-99.000000,-99.000000,-1,1
68475,578083,976.307313,36654.135608,36654.245626,1, 0, 0, 1,0.827742,-4.123399,15.217362,-1,2
68475,578084,976.488110,36654.316404,36654.426424,1, 0, 0, 1,-0.896664,-2.548146,15.863375,-1,2
68475,578085,976.504565,36654.332859,36654.442879,1, 0, 0, 1,-5.754218,1.101248,-11.029697,-1,2
68475,578086,976.675377,36654.503671,36654.613690,0, 0, 0, 0,-99.000000,-99.000000,-99.000000,-1,1
68475,578087,976.769526,36654.597820,36654.707839,1, 0, 0, 1,-4.752105,4.198087,3.659931,-1,2
68475,578088,976.847640,36654.675933,36654.785953,1, 0, 0, 1,1.320428,-6.120113,3.614566,-1,2
68475,578089,976.938070,36654.766364,36654.876384,1, 0, 0, 1,-2.984980,7.672487,-13.370235,-1,2
68475,578090,977.367198,36655.195490,36655.305511,1, 0, 0, 1,-7.192410,1.235668,-15.072760,-1,2
68475,578091,977.706327,36655.534619,36655.644640,1, 0, 0, 1,-1.328779,-6.102024,9.229024,-1,2
68475,578092,977.745279,36655.573570,36655.683592,1, 0, 0, 1,-3.026522,2.424302,6.750089,-1,2
68475,578093,977.810377,36655.638668,36655.748690,1, 0, 0, 1,1.622043,-8.744154,-21.062961,-1,2
68475,578094,977.845018,36655.673309,36655.783331,0, 0, 0, 0,-99.000000,-99.000000,-99.000000,-1,1
68475,578095,978.061991,36655.890282,36656.000304,1, 0, 0, 1,6.805738,-2.928826,-12.294635,-1,2
68475,578096,978.126869,36655.955160,36656.065183,1, 0, 0, 1,-1.547666,-1.021622,-10.400627,-1,2
68475,578097,978.152884,36655.981174,36656.091197,1, 0, 0, 1,7.054521,1.536936,8.943538,-1,2
68475,578098,978.358070,36656.186360,36656.296383,0, 0, 0, 0,-99.000000,-99.000000,-99.000000,-1,1
68475,578099,978.503194,36656.331484,36656.441507,0, 0, 0, 0,-99.000000,-99.000000,-99.000000,-1,0
68475,578100,978.574364,36656.402654,36656.512677,1, 0, 0, 1,-5.859823,3.398080,0.204586,-1,2
68475,578101,978.690758,36656.519048,36656.629072,0, 0, 0, 0,-99.000000,-99.000000,-99.000000,-1,1
68475,578102,978.736533,36656.564822,36656.674846,0, 0, 0, 0,-99.000000,-99.000000,-99.000000,-1,1
68475,578103,978.778377,36656.606666,36656.716690,1, 0, 0, 1,5.845565,-4.909516,-6.026602,-1,2
68475,578104,978.935896,36656.764185,36656.874209,1, 0, 0, 1,-7.356241,-0.209752,11.465792,-1,2
68475,578105,979.059129,36656.887418,36656.997442,1, 0, 0, 1,-3.603207,2.279617,-15.812874,-1,2
68475,578106,979.071197,36656.899486,36657.009510,0, 0, 0, 0,-99.000000,-99.000000,-99.000000,-1,1
68475,578107,979.244047,36657.072335,36657.182360,0, 0, 0, 0,-99.000000,-99.000000,-99.000000,-1,1
68475,578108,979.263290,36657.091579,36657.201603,0, 0, 0, 0,-99.000000,-99.000000,-99.000000,-1,0
68475,578109,979.377351,36657.205639,36657.315664,0, 0, 0, 0,-99.000000,-99.000000,-99.000000,-1,1
68475,578110,979.431883,36657.260171,36657.370196,1, 0, 0, 1,3.419957,5.013258,-12.429055,-1,2
68475,578111,979.463008,36657.291296,36657.401321,0, 0, 0, 0,-99.000000,-99.000000,-99.000000,-1,1
68475,578112,979.506338,36657.334626,36657.444652,1, 0, 0, 1,-4.093455,-3.375364,-8.361521,-1,2
68475,578113,979.682673,36657.510961,36657.620987,0, 0, 0, 0,-99.000000,-99.000000,-99.000000,-1,0
68475,578114,979.703349,36657.531637,36657.641662,0, 0, 0, 0,-99.000000,-99.000000,-99.000000,-1,0
68475,578115,979.740965,36657.569253,36657.679278,0, 0, 0, 0,-99.000000,-99.000000,-99.000000,-1,1
68475,578116,979.926094,36657.754381,36657.864407,1, 0, 0, 1,-2.359254,5.448048,-1.467074,-1,2
68475,578117,980.111270,36657.939557,36658.049583,1, 0, 0, 1,-5.830184,-7.074895,-1.084492,-1,3
68475,578118,980.206822,36658.035109,36658.145136,0, 0, 0, 0,-99.000000,-99.000000,-99.000000,-1,1
68475,578119,980.251464,36658.079751,36658.189778,1, 0, 0, 1,-6.756783,1.289737,-0.211222,-1,2
68475,578120,980.346620,36658.174906,36658.284933,0, 0, 0, 0,-99.000000,-99.000000,-99.000000,-1,1
68475,578121,980.420487,36658.248773,36658.358801,1, 0, 0, 1,3.696153,0.282413,-1.660545,-1,2
68475,578122,980.518206,36658.346492,36658.456520,1, 0, 0, 1,2.941084,-0.851401,3.772875,-1,2
68475,578123,980.819115,36658.647400,36658.757428,0, 0, 0, 0,-99.000000,-99.000000,-99.000000,-1,1
68475,578124,980.896241,36658.724526,36658.834555,1, 0, 0, 1,0.031295,4.869366,10.790301,-1,2
68475,578125,980.975850,36658.804136,36658.914164,0, 0, 0, 0,-99.000000,-99.000000,-99.000000,-1,0
68475,578126,981.010803,36658.839088,36658.949117,0, 0, 0, 0,-99.000000,-99.000000,-99.000000,-1,1
68475,578127,981.028772,36658.857057,36658.967086,0, 0, 0, 0,-99.000000,-99.000000,-99.000000,-1,0
68475,578128,981.187217,36659.015501,36659.125530,1, 0, 0, 1,-7.931158,4.725576,-0.876505,-1,2
68475,578129,981.189875,36659.018160,36659.128189,1, 0, 0, 1,-0.891535,2.828597,15.824761,-1,2
68475,578130,981.217223,36659.045508,36659.155537,1, 0, 0, 1,-1.065943,-5.081129,7.293950,-1,2
68475,578131,981.269040,36659.097324,36659.207353,0, 0, 0, 0,-99.000000,-99.000000,-99.000000,-1,1
68475,578132,981.316883,36659.145167,36659.255196,1, 0, 0, 1,2.617435,4.446829,-16.229113,-1,2
68475,578133,981.433377,36659.261661,36659.371691,1, 0, 0, 1,0.906849,-3.051298,-20.345798,-1,2
68475,578134,981.437490,36659.265774,36659.375803,1, 0, 0, 1,-4.845655,-5.255374,9.354751,-1,2
68475,578135,981.472556,36659.300841,36659.410870,1, 0, 0, 1,2.776556,8.815875,-16.276980,-1,2
68475,578136,981.638177,36659.466460,36659.576490,1, 0, 0, 1,-1.740408,6.206759,-0.025941,-1,2
68475,578137,981.694967,36659.523250,36659.633280,1, 0, 0, 1,3.757820,4.534493,5.857581,-1,2
68475,578138,981.710438,36659.538722,36659.648752,1, 1, 0, 1,-0.115315,0.918521,-20.472012,-1,3
68475,578139,981.744991,36659.573274,36659.683304,1, 0, 0, 1,-7.819792,-1.803882,2.530147,-1,2
68475,578140,981.970284,36659.798567,36659.908597,0, 0, 0, 0,-99.000000,-99.000000,-99.000000,-1,1
68475,578141,981.988436,36659.816719,36659.926749,0, 0, 0, 0,-99.000000,-99.000000,-99.000000,-1,1
68475,578142,982.003258,36659.831541,36659.941572,1, 0, 0, 1,8.006476,0.797286,1.750081,-1,2
68475,578143,982.076701,36659.904984,36660.015015,1, 0, 0, 1,9.052408,-6.358308,-15.767328,-1,2
68475,578144,982.611047,36660.439328,36660.549360,0, 0, 0, 0,-99.000000,-99.000000,-99.000000,-1,1
68475,578145,982.700954,36660.529236,36660.639268,0, 0, 0, 0,-99.000000,-99.000000,-99.000000,-1,0
68475,578146,982.712833,36660.541114,36660.651146,0, 0, 0, 0,-99.000000,-99.000000,-99.000000,-1,1
68475,578147,982.854414,36660.682696,36660.792728,1, 0, 0, 1,8.143622,0.608852,-12.064484,-1,2
68475,578148,982.876788,36660.705069,36660.815101,1, 0, 0, 1,7.164050,1.052707,3.876470,-1,2
68475,578149,983.076059,36660.904340,36661.014372,1, 0, 0, 1,5.891715,4.286552,8.391104,-1,2
68475,578150,983.104054,36660.932335,36661.042367,0, 0, 0, 0,-99.000000,-99.000000,-99.000000,-1,0
68475,578151,983.167038,36660.995318,36661.105351,0, 0, 0, 0,-99.000000,-99.000000,-99.000000,-1,1
68475,578152,983.172220,36661.000501,36661.110533,1, 0, 0, 1,-1.619113,-8.332135,-3.408136,-1,2
68475,578153,983.215008,36661.043288,36661.153321,0, 0, 0, 0,-99.000000,-99.000000,-99.000000,-1,1
68475,578154,983.543442,36661.371722,36661.481755,0, 0, 0, 0,-99.000000,-99.000000,-99.000000,-1,0
68475,578155,983.649749,36661.478028,36661.588062,1, 0, 0, 1,3.582717,-3.165281,-1.244093,-1,2
68475,578156,983.813052,36661.641331,36661.751365,1, 0, 0, 1,5.774835,-3.336862,-4.858572,-1,2
68475,578157,983.947819,36661.776098,36661.886132,1, 0, 0, 1,3.078565,1.609126,-4.079884,-1,2
68475,578158,983.989247,36661.817526,36661.927560,1, 0, 0, 1,-5.363233,-5.707648,17.991282,-1,2
68475,578159,984.123758,36661.952037,36662.062071,0, 0, 0, 0,-99.000000,-99.000000,-99.000000,-1,1
68475,578160,984.126785,36661.955063,36662.065098,1, 0, 0, 1,7.258919,5.884628,12.702881,-1,2
68475,578161,984.311936,36662.140214,36662.250249,1, 0, 0, 1,-1.413324,-3.649784,-9.558626,-1,2
68475,578162,984.561033,36662.389311,36662.499346,1, 0, 0, 1,-3.884354,-2.397038,13.536343,-1,2
68475,578163,984.595872,36662.424150,36662.534185,1, 0, 0, 1,-2.332287,-1.752702,-17.275968,-1,2
68475,578164,984.716799,36662.545077,36662.655113,1, 0, 0, 1,2.342779,-8.552458,-8.356234,-1,2
68475,578165,984.801705,36662.629983,36662.740019,1, 0, 0, 1,-4.639946,8.627151,1.987711,-1,2
68475,578166,984.831440,36662.659718,36662.769754,0, 0, 0, 0,-99.000000,-99.000000,-99.000000,-1,1
68475,578167,985.049916,36662.878193,36662.988230,1, 0, 0, 1,1.035416,7.110915,-13.541664,-1,2
68475,578168,985.221212,36663.049489,36663.159526,1, 0, 0, 1,-5.599642,-4.116133,9.888463,-1,2
68475,578169,985.267195,36663.095472,36663.205509,0, 0, 0, 0,-99.000000,-99.000000,-99.000000,-1,1
68475,578170,985.429908,36663.258184,36663.368221,1, 0, 0, 1,3.343882,-7.481877,7.604656,-1,2
68475,578171,985.513584,36663.341860,36663.451898,0, 0, 0, 0,-99.000000,-99.000000,-99.000000,-1,1
68475,578172,985.628054,36663.456330,36663.566367,1, 1, 0, 1,-1.090774,-3.159160,4.396435,-1,3
68475,578173,985.656786,36663.485062,36663.595100,0, 0, 0, 0,-99.000000,-99.000000,-99.000000,-1,0
68475,578174,985.684746,36663.513022,36663.623060,1, 0, 0, 1,4.732365,7.016537,4.794920,-1,2
68475,578175,985.944909,36663.773184,36663.883223,0, 0, 0, 0,-99.000000,-99.000000,-99.000000,-1,1
68475,578176,986.256559,36664.084833,36664.194872,1, 0, 0, 1,-8.233454,2.203239,1.438412,-1,2
68475,578177,986.379993,36664.208267,36664.318306,0, 0, 0, 0,-99.000000,-99.000000,-99.000000,-1,1
68475,578178,986.462140,36664.290414,36664.400454,1, 0, 0, 1,0.634513,-2.265700,-9.181057,-1,2
68475,578179,986.649314,36664.477587,36664.587627,0, 0, 0, 0,-99.000000,-99.000000,-99.000000,-1,1
68475,578180,986.663428,36664.491702,36664.601742,1, 0, 0, 1,6.905731,11.968017,-12.300324,-1,2
68475,578181,986.707243,36664.535517,36664.645557,1, 0, 0, 1,5.310048,-1.200409,-11.489538,-1,2
68475,578182,986.773449,36664.601722,36664.711762,1, 0, 0, 1,-0.585977,-7.676130,12.506900,-1,2
68475,578183,986.886940,36664.715213,36664.825253,0, 0, 0, 0,-99.000000,-99.000000,-99.000000,-1,1
68475,578184,986.936153,36664.764426,36664.874466,1, 0, 0, 1,2.945624,7.452731,-3.519610,-1,2
68475,578185,987.106207,36664.934480,36665.044521,1, 0, 0, 1,-1.707994,2.238987,7.670971,-1,2
68475,578186,987.423879,36665.252152,36665.362193,0, 0, 0, 0,-99.000000,-99.000000,-99.000000,-1,0
68475,578187,987.613042,36665.441314,36665.551356,0, 0, 0, 0,-99.000000,-99.000000,-99.000000,-1,1
68475,578188,987.705721,36665.533992,36665.644034,1, 0, 0, 1,2.361930,7.321532,11.168702,-1,2
68475,578189,988.562098,36666.390368,36666.500412,1, 0, 0, 1,2.921191,2.599803,-12.398914,-1,2
68475,578190,988.749548,36666.577817,36666.687861,0, 0, 0, 0,-99.000000,-99.000000,-99.000000,-1,1
68475,578191,988.925712,36666.753981,36666.864026,1, 0, 0, 1,-1.974389,0.849466,18.735165,-1,2
68475,578192,988.988535,36666.816804,36666.926849,1, 0, 0, 1,-1.961584,10.653410,20.951027,-1,2
68475,578193,989.446387,36667.274655,36667.384700,0, 0, 0, 0,-99.000000,-99.000000,-99.000000,-1,0
68475,578194,989.600199,36667.428467,36667.538513,1, 0, 0, 1,6.803159,-0.451927,16.123413,-1,2
68475,578195,989.660019,36667.488286,36667.598332,0, 0, 0, 0,-99.000000,-99.000000,-99.000000,-1,1
68475,578196,989.876807,36667.705074,36667.815120,0, 0, 0, 0,-99.000000,-99.000000,-99.000000,-1,1
68475,578197,990.041872,36667.870138,36667.980185,1, 0, 0, 1,-4.892404,1.615170,-11.975402,-1,2
68475,578198,990.050067,36667.878333,36667.988380,1, 0, 0, 1,-2.343340,8.199954,-9.402290,-1,2
68475,578199,990.164175,36667.992441,36668.102488,1, 0, 0, 1,5.458007,3.076098,16.373373,-1,2
68475,578200,990.167248,36667.995514,36668.105561,0, 0, 0, 0,-99.000000,-99.000000,-99.000000,-1,0
68475,578201,990.318519,36668.146785,36668.256832,0, 0, 0, 0,-99.000000,-99.000000,-99.000000,-1,1
68475,578202,990.342573,36668.170839,36668.280887,0, 0, 0, 0,-99.000000,-99.000000,-99.000000,-1,1
68475,578203,990.377078,36668.205344,36668.315391,1, 0, 0, 1,3.758392,7.100599,1.901180,-1,2
68475,578204,990.412689,36668.240955,36668.351002,1, 0, 0, 1,-9.027244,0.611340,10.509280,-1,2
68475,578205,990.510341,36668.338606,36668.448654,0, 0, 0, 0,-99.000000,-99.000000,-99.000000,-1,1
68475,578206,990.521429,36668.349695,36668.459742,1, 0, 0, 1,1.127987,-4.829039,3.186607,-1,2
68475,578207,990.563539,36668.391805,36668.501853,1, 0, 0, 1,1.380718,-6.521252,-17.427847,-1,3
68475,578208,990.589468,36668.417733,36668.527781,1, 0, 0, 1,4.966929,5.770375,16.514912,-1,2
68475,578209,990.692708,36668.520973,36668.631021,0, 0, 0, 0,-99.000000,-99.000000,-99.000000,-1,1
68475,578210,990.766105,36668.594370,36668.704418,1, 0, 0, 1,-5.356899,-5.548978,10.343098,-1,2
68475,578211,990.945326,36668.773591,36668.883640,1, 0, 0, 1,3.457483,-4.274389,-5.308743,-1,2
68475,578212,991.115998,36668.944263,36669.054312,0, 0, 0, 0,-99.000000,-99.000000,-99.000000,-1,1
68475,578213,991.290101,36669.118365,36669.228415,1, 0, 0, 1,0.784215,-5.330415,-2.371700,-1,2
68475,578214,991.297594,36669.125858,36669.235908,0, 0, 0, 0,-99.000000,-99.000000,-99.000000,-1,0
68475,578215,991.416613,36669.244877,36669.354926,0, 0, 0, 0,-99.000000,-99.000000,-99.000000,-1,1
68475,578216,991.657245,36669.485509,36669.595559,1, 0, 0, 1,-0.136010,-7.287779,-16.370572,-1,2
68475,578217,991.658756,36669.487020,36669.597070,0, 0, 0, 0,-99.000000,-99.000000,-99.000000,-1,0
68475,578218,991.691996,36669.520260,36669.630310,1, 0, 0, 1,2.614941,-3.649715,16.671957,-1,2
68475,578219,991.692415,36669.520678,36669.630729,1, 0, 0, 1,3.977903,-0.190518,-9.991866,-1,2
68475,578220,991.730897,36669.559160,36669.669210,1, 0, 0, 1,-7.647379,1.245247,-7.541656,-1,2
68475,578221,991.743166,36669.571430,36669.681480,0, 0, 0, 0,-99.000000,-99.000000,-99.000000,-1,1
68475,578222,991.788175,36669.616438,36669.726489,1, 0, 0, 1,-7.387409,-3.015297,17.111855,-1,2
68475,578223,991.826335,36669.654599,36669.764649,0, 0, 0, 0,-99.000000,-99.000000,-99.000000,-1,1
68475,578224,991.964409,36669.792672,36669.902722,0, 0, 0, 0,-99.000000,-99.000000,-99.000000,-1,1
68475,578225,992.152617,36669.980879,36670.090930,0, 0, 0, 0,-99.000000,-99.000000,-99.000000,-1,1
68475,578226,992.316414,36670.144676,36670.254727,0, 0, 0, 0,-99.000000,-99.000000,-99.000000,-1,1
68475,578227,992.429057,36670.257319,36670.367371,1, 0, 0, 1,1.752987,0.424669,-18.415689,-1,2
68475,578228,992.456454,36670.284716,36670.394768,0, 0, 0, 0,-99.000000,-99.000000,-99.000000,-1,0
68475,578229,992.466425,36670.294686,36670.404738,1, 0, 0, 1,0.243190,6.689105,-14.203856,-1,2
68475,578230,992.779151,36670.607412,36670.717464,0, 0, 0, 0,-99.000000,-99.000000,-99.000000,-1,1
68475,578231,992.798653,36670.626914,36670.736966,1, 0, 0, 1,-7.831582,-1.017082,-22.209058,-1,2
68475,578232,992.809482,36670.637743,36670.747795,1, 0, 0, 1,-6.812704,8.334710,13.914219,-1,2
68475,578233,993.042449,36670.870710,36670.980763,1, 0, 0, 1,-4.180118,3.991646,7.225803,-1,2
68475,578234,993.119061,36670.947322,36671.057375,1, 0, 0, 1,-5.613473,0.766478,-7.408322,-1,2
68475,578235,993.155964,36670.984225,36671.094278,0, 0, 0, 0,-99.000000,-99.000000,-99.000000,-1,0
68475,578236,993.179749,36671.008010,36671.118063,1, 0, 0, 1,5.765856,7.400489,7.925148,-1,2
68475,578237,993.432616,36671.260876,36671.370930,1, 0, 0, 1,6.169110,-1.078440,-5.005094,-1,2
68475,578238,993.809321,36671.637580,36671.747635,0, 0, 0, 0,-99.000000,-99.000000,-99.000000,-1,0
68475,578239,993.818101,36671.646360,36671.756414,1, 0, 0, 1,0.459648,9.999981,-19.684601,-1,3
68475,578240,993.861628,36671.689887,36671.799941,1, 0, 0, 1,-5.902567,2.008579,1.152775,-1,2
68475,578241,994.092642,36671.920900,36672.030955,0, 0, 0, 0,-99.000000,-99.000000,-99.000000,-1,1
68475,578242,994.102541,36671.930799,36672.040854,1, 0, 0, 1,-8.008401,4.295700,-15.368664,-1,3
68475,578243,994.256597,36672.084855,36672.194911,0, 0, 0, 0,-99.000000,-99.000000,-99.000000,-1,1
68475,578244,994.487471,36672.315729,36672.425785,1, 0, 0, 1,-2.076665,2.557887,1.034340,-1,2
68475,578245,994.655631,36672.483888,36672.593944,1, 0, 0, 1,7.601342,0.338090,-9.695539,-1,2
68475,578246,995.024493,36672.852750,36672.962807,0, 0, 0, 0,-99.000000,-99.000000,-99.000000,-1,0
68475,578247,995.079482,36672.907738,36673.017795,0, 0, 0, 0,-99.000000,-99.000000,-99.000000,-1,1
68475,578248,995.236376,36673.064632,36673.174690,1, 0, 0, 1,-5.994050,6.345260,7.654219,-1,2
68475,578249,995.478815,36673.307071,36673.417128,1, 0, 0, 1,-6.532320,0.127298,-7.790591,-1,2
68475,578250,995.516657,36673.344913,36673.454971,1, 0, 0, 1,7.227863,-3.138041,-5.365738,-1,2
68475,578251,995.543296,36673.371552,36673.481609,1, 0, 0, 1,-6.945718,0.988046,-5.793359,-1,2
68475,578252,995.750133,36673.578388,36673.688446,1, 0, 0, 1,2.495311,-8.403418,-20.857764,-1,2
68475,578253,995.802537,36673.630792,36673.740851,1, 0, 0, 1,0.842265,1.749220,-15.950961,-1,2
68475,578254,995.946790,36673.775045,36673.885104,0, 0, 0, 0,-99.000000,-99.000000,-99.000000,-1,0
68475,578255,995.971556,36673.799811,36673.909870,1, 0, 0, 1,4.843305,9.116646,-7.323470,-1,2
68475,578256,996.134055,36673.962309,36674.072368,1, 0, 0, 1,-0.186915,0.510328,14.235456,-1,2
68475,578257,996.356547,36674.184801,36674.294861,0, 0, 0, 0,-99.000000,-99.000000,-99.000000,-1,1
68475,578258,996.556359,36674.384612,36674.494672,1, 0, 0, 1,-0.603169,-7.681312,7.349364,-1,2
68475,578259,996.659592,36674.487846,36674.597906,1, 0, 0, 1,-3.766124,8.682268,-17.860022,-1,2
68475,578260,996.844518,36674.672771,36674.782831,1, 0, 0, 1,-1.148646,4.576795,-3.502683,-1,3
68475,578261,996.886058,36674.714311,36674.824372,1, 0, 0, 1,0.464741,4.276570,-8.838382,-1,2
68475,578262,996.990025,36674.818278,36674.928338,1, 0, 0, 1,-4.322794,1.140116,14.945323,-1,2
68475,578263,997.139748,36674.968001,36675.078062,1, 0, 0, 1,-0.232615,-5.454468,-7.617527,-1,2
68475,578264,997.153515,36674.981767,36675.091828,1, 0, 0, 1,6.552745,-0.475595,-8.106662,-1,2
68475,578265,997.307696,36675.135948,36675.246009,1, 0, 0, 1,1.923106,-7.230036,18.111738,-1,2
68475,578266,997.372641,36675.200893,36675.310955,1, 0, 0, 1,1.901404,2.153589,13.654723,-1,2
68475,578267,997.444427,36675.272679,36675.382741,1, 0, 0, 1,1.585430,-0.048792,7.367969,-1,2
68475,578268,997.515170,36675.343422,36675.453484,1, 0, 0, 1,-4.521631,-0.123668,18.799182,-1,2
68475,578269,997.600605,36675.428857,36675.538919,1, 0, 0, 1,-4.608983,8.809722,10.087074,-1,2
68475,578270,997.669348,36675.497599,36675.607661,0, 0, 0, 0,-99.000000,-99.000000,-99.000000,-1,0
68475,578271,997.712117,36675.540368,36675.650430,0, 0, 0, 0,-99.000000,-99.000000,-99.000000,-1,1
68475,578272,997.794950,36675.623201,36675.733263,1, 0, 0, 1,4.809116,3.851703,5.068062,-1,2
68475,578273,998.025794,36675.854045,36675.964108,0, 0, 0, 0,-99.000000,-99.000000,-99.000000,-1,1
68475,578274,998.256299,36676.084549,36676.194613,0, 0, 0, 0,-99.000000,-99.000000,-99.000000,-1,1
68475,578275,998.269874,36676.098124,36676.208188,1, 0, 0, 1,7.130793,1.965839,2.736915,-1,2
68475,578276,998.394424,36676.222674,36676.332737,1, 0, 0, 1,-2.429182,-3.497747,-2.193952,-1,2
68475,578277,998.398296,36676.226546,36676.336609,1, 0, 0, 1,3.996643,-1.122681,-8.286052,-1,2
68475,578278,998.548633,36676.376882,36676.486946,0, 0, 0, 0,-99.000000,-99.000000,-99.000000,-1,1
68475,578279,998.553957,36676.382206,36676.492270,1, 0, 0, 1,-3.162871,2.519335,1.354616,-1,2
68475,578280,998.640323,36676.468572,36676.578637,0, 0, 0, 0,-99.000000,-99.000000,-99.000000,-1,1
68475,578281,998.704397,36676.532646,36676.642710,0, 0, 0, 0,-99.000000,-99.000000,-99.000000,-1,0
68475,578282,998.704921,36676.533170,36676.643234,1, 0, 0, 1,-6.736440,4.722212,-13.340646,-1,2
68475,578283,998.726085,36676.554334,36676.664398,0, 0, 0, 0,-99.000000,-99.000000,-99.000000,-1,1
68475,578284,998.953717,36676.781966,36676.892030,1, 0, 0, 1,-1.281595,0.443345,9.289081,-1,2
68475,578285,999.176263,36677.004512,36677.114577,0, 0, 0, 0,-99.000000,-99.000000,-99.000000,-1,1
68475,578286,999.251121,36677.079369,36677.189435,1, 0, 0, 1,6.791578,-2.501987,1.878258,-1,2
68475,578287,999.282097,36677.110345,36677.220410,0, 0, 0, 0,-99.000000,-99.000000,-99.000000,-1,1
68475,578288,999.320854,36677.149102,36677.259168,0, 0, 0, 0,-99.000000,-99.000000,-99.000000,-1,0
68475,578289,999.414081,36677.242329,36677.352395,1, 0, 0, 1,-7.201103,1.665323,-8.104741,-1,2
68475,578290,999.485488,36677.313735,36677.423801,0, 0, 0, 0,-99.000000,-99.000000,-99.000000,-1,1
68475,578291,999.532570,36677.360817,36677.470883,0, 0, 0, 0,-99.000000,-99.000000,-99.000000,-1,0
68475,578292,999.634704,36677.462952,36677.573018,1, 0, 0, 1,-3.460125,6.845157,-11.970014,-1,2
68475,578293,999.708811,36677.537058,36677.647125,1, 0, 0, 1,6.526704,-2.458003,0.719471,-1,2
68475,578294,999.890803,36677.719050,36677.829117,0, 0, 0, 0,-99.000000,-99.000000,-99.000000,-1,1
68475,578295,999.893452,36677.721699,36677.831766,1, 0, 0, 1,-8.436286,2.025025,5.642171,-1,2
68475,578296,1000.065791,36677.894037,36678.004104,1, 0, 0, 1,-4.774252,6.983287,-6.932056,-1,2
68475,578297,1000.172270,36678.000516,36678.110584,0, 0, 0, 0,-99.000000,-99.000000,-99.000000,-1,1
68475,578298,1000.181177,36678.009423,36678.119491,0, 0, 0, 0,-99.000000,-99.000000,-99.000000,-1,0
68475,578299,1000.212622,36678.040868,36678.150936,1, 0, 0, 1,1.751461,-9.309796,-9.138934,-1,2
68475,578300,1000.359087,36678.187333,36678.297401,0, 0, 0, 0,-99.000000,-99.000000,-99.000000,-1,0
68475,578301,1000.510122,36678.338367,36678.448435,0, 0, 0, 0,-99.000000,-99.000000,-99.000000,-1,1
68475,578302,1000.700914,36678.529159,36678.639228,0, 0, 0, 0,-99.000000,-99.000000,-99.000000,-1,1
68475,578303,1000.710448,36678.538693,36678.648762,0, 0, 0, 0,-99.000000,-99.000000,-99.000000,-1,1
68475,578304,1000.908669,36678.736914,36678.846983,1, 0, 0, 1,-8.118432,-0.301583,-13.281159,-1,2
68475,578305,1001.185569,36679.013813,36679.123883,1, 0, 0, 1,-14.890633,0.970588,-3.733296,-1,2
68475,578306,1001.214320,36679.042564,36679.152634,0, 0, 0, 0,-99.000000,-99.000000,-99.000000,-1,1
68475,578307,1001.257361,36679.085605,36679.195675,1, 0, 0, 1,2.379790,-3.441438,9.347280,-1,2
68475,578308,1001.409452,36679.237695,36679.347765,0, 0, 0, 0,-99.000000,-99.000000,-99.000000,-1,1
68475,578309,1001.436417,36679.264661,36679.374731,1, 0, 0, 1,3.911735,3.454737,18.251254,-1,2
68475,578310,1001.558583,36679.386826,36679.496896,1, 0, 0, 1,-4.406074,-2.065782,-6.612192,-1,2
68475,578311,1001.604680,36679.432923,36679.542993,1, 0, 0, 1,9.164096,0.529463,-8.178469,-1,2
68475,578312,1001.759638,36679.587881,36679.697952,1, 0, 0, 1,-0.782506,-2.831909,-0.181984,-1,2
68475,578313,1001.816974,36679.645217,36679.755288,0, 0, 0, 0,-99.000000,-99.000000,-99.000000,-1,0
68475,578314,1001.949957,36679.778199,36679.888270,1, 0, 0, 1,4.615079,5.355658,12.632138,-1,2
68475,578315,1002.285811,36680.114053,36680.224125,1, 0, 0, 1,-1.510960,0.451688,-0.475035,-1,2
68475,578316,1002.362790,36680.191032,36680.301103,1, 0, 0, 1,-2.720098,-2.632450,-7.860753,-1,2
68475,578317,1002.619961,36680.448202,36680.558275,1, 0, 0, 1,-0.504685,7.373904,-4.918011,-1,2
68475,578318,1002.858121,36680.686362,36680.796434,1, 0, 0, 1,0.588559,1.572062,-17.122959,-1,2
68475,578319,1002.929759,36680.757999,36680.868072,1, 0, 0, 1,-0.669774,-6.724109,-17.517583,-1,2
68475,578320,1003.129390,36680.957630,36681.067704,1, 0, 0, 1,-5.533188,-1.500479,-0.963959,-1,2
68475,578321,1003.594769,36681.423008,36681.533083,1, 0, 0, 1,2.496309,6.779621,16.448486,-1,2
68475,578322,1003.612012,36681.440251,36681.550325,0, 0, 0, 0,-99.000000,-99.000000,-99.000000,-1,1
68475,578323,1003.909686,36681.737924,36681.847999,1, 0, 0, 1,-1.085695,-6.019004,-13.977061,-1,2
68475,578324,1004.000776,36681.829015,36681.939090,1, 0, 0, 1,-2.924390,-8.105125,-19.234703,-1,2
68475,578325,1004.032131,36681.860370,36681.970445,0, 0, 0, 0,-99.000000,-99.000000,-99.000000,-1,1
68475,578326,1004.049081,36681.877320,36681.987395,0, 0, 0, 0,-99.000000,-99.000000,-99.000000,-1,1
68475,578327,1004.100997,36681.929235,36682.039310,1, 0, 0, 1,3.294245,6.569148,13.603084,-1,2
68475,578328,1004.130833,36681.959071,36682.069146,0, 0, 0, 0,-99.000000,-99.000000,-99.000000,-1,1
68475,578329,1004.251628,36682.079866,36682.189941,0, 0, 0, 0,-99.000000,-99.000000,-99.000000,-1,1
68475,578330,1004.408894,36682.237132,36682.347208,1, 0, 0, 1,-4.747736,-3.160654,8.773082,-1,3
68475,578331,1004.617542,36682.445779,36682.555856,1, 0, 0, 1,0.850833,-1.636868,0.272057,-1,2
68475,578332,1004.694832,36682.523069,36682.633146,0, 0, 0, 0,-99.000000,-99.000000,-99.000000,-1,0
68475,578333,1004.727645,36682.555882,36682.665959,1, 0, 0, 1,-3.645128,0.992151,11.769874,-1,2
68475,578334,1004.811450,36682.639686,36682.749763,0, 0, 0, 0,-99.000000,-99.000000,-99.000000,-1,0
68475,578335,1005.165599,36682.993835,36683.103913,0, 0, 0, 0,-99.000000,-99.000000,-99.000000,-1,1
68475,578336,1005.225007,36683.053243,36683.163321,1, 0, 0, 1,-6.874141,-4.052733,12.891769,-1,2
68475,578337,1005.529776,36683.358011,36683.468089,0, 0, 0, 0,-99.000000,-99.000000,-99.000000,-1,1
68475,578338,1005.646043,36683.474278,36683.584356,0, 0, 0, 0,-99.000000,-99.000000,-99.000000,-1,0
68475,578339,1005.671323,36683.499558,36683.609637,1, 0, 0, 1,-6.059623,-1.033319,-18.837093,-1,2
68475,578340,1005.895577,36683.723812,36683.833891,0, 0, 0, 0,-99.000000,-99.000000,-99.000000,-1,1
68475,578341,1006.081153,36683.909387,36684.019467,1, 0, 0, 1,-2.866085,3.415601,9.745312,-1,2
68475,578342,1006.104165,36683.932399,36684.042479,0, 0, 0, 0,-99.000000,-99.000000,-99.000000,-1,1
68475,578343,1006.387086,36684.215320,36684.325400,0, 0, 0, 0,-99.000000,-99.000000,-99.000000,-1,1
68475,578344,1006.437826,36684.266059,36684.376139,0, 0, 0, 0,-99.000000,-99.000000,-99.000000,-1,0
68475,578345,1006.501340,36684.329573,36684.439653,1, 0, 0, 1,1.264137,-8.100017,14.866218,-1,2
68475,578346,1006.577522,36684.405755,36684.515835,0, 0, 0, 0,-99.000000,-99.000000,-99.000000,-1,0
68475,578347,1006.823881,36684.652114,36684.762195,1, 0, 0, 1,-2.860666,5.144521,-11.563502,-1,2
68475,578348,1006.961085,36684.789317,36684.899399,0, 0, 0, 0,-99.000000,-99.000000,-99.000000,-1,0
68475,578349,1007.226891,36685.055123,36685.165205,1, 0, 0, 1,3.130157,5.042200,-20.333140,-1,2
68475,578350,1007.340943,36685.169175,36685.279257,0, 0, 0, 0,-99.000000,-99.000000,-99.000000,-1,1
68475,578351,1007.381016,36685.209247,36685.319329,0, 0, 0, 0,-99.000000,-99.000000,-99.000000,-1,1
68475,578352,1007.531379,36685.359610,36685.469692,0, 0, 0, 0,-99.000000,-99.000000,-99.000000,-1,0
68475,578353,1007.600289,36685.428520,36685.538603,1, 0, 0, 1,6.471025,-4.683056,12.370708,-1,2
68475,578354,1007.714995,36685.543225,36685.653308,0, 0, 0, 0,-99.000000,-99.000000,-99.000000,-1,0
68475,578355,1007.828471,36685.656702,36685.766785,1, 0, 0, 1,6.958493,-2.392912,20.631902,-1,2
68475,578356,1007.836708,36685.664938,36685.775021,0, 0, 0, 0,-99.000000,-99.000000,-99.000000,-1,1
68475,578357,1007.852984,36685.681214,36685.791297,1, 0, 0, 1,6.049164,2.251309,-17.765653,-1,3
68475,578358,1007.886304,36685.714535,36685.824618,1, 0, 0, 1,-2.340816,-1.661689,-18.034776,-1,2
68475,578359,1007.905868,36685.734098,36685.844181,1, 0, 0, 1,4.248595,0.090534,-12.604071,-1,2
68475,578360,1007.911581,36685.739811,36685.849894,1, 0, 0, 1,-6.704321,1.903101,11.760091,-1,2
68475,578361,1007.984610,36685.812840,36685.922923,1, 0, 0, 1,-1.695426,-7.222394,15.776720,-1,2
68475,578362,1008.044288,36685.872518,36685.982601,1, 0, 0, 1,3.791835,-0.978600,-17.249118,-1,2
68475,578363,1008.210811,36686.039041,36686.149124,1, 0, 0, 1,-1.375216,0.756398,-7.854744,-1,2
68475,578364,1008.461213,36686.289442,36686.399526,0, 0, 0, 0,-99.000000,-99.000000,-99.000000,-1,1
68475,578365,1008.482066,36686.310295,36686.420379,0, 0, 0, 0,-99.000000,-99.000000,-99.000000,-1,1
68475,578366,1008.590015,36686.418245,36686.528329,1, 0, 0, 1,-0.577362,0.273153,-3.849032,-1,2
68475,578367,1008.710588,36686.538816,36686.648901,1, 0, 0, 1,-4.069630,-0.038074,-12.182634,-1,2
68475,578368,1008.841809,36686.670038,36686.780123,0, 0, 0, 0,-99.000000,-99.000000,-99.000000,-1,1
68475,578369,1008.852619,36686.680847,36686.790932,1, 0, 0, 1,-8.205585,-0.932405,-7.051566,-1,2
68475,578370,1008.856544,36686.684773,36686.794858,1, 0, 0, 1,2.409613,-0.310212,-10.808417,-1,2
68475,578371,1008.871756,36686.699984,36686.810069,1, 0, 0, 1,0.166779,1.391416,20.142729,-1,2
68475,578372,1008.939589,36686.767818,36686.877903,1, 0, 0, 1,4.365639,6.077318,-5.199999,-1,2
68475,578373,1008.970980,36686.799208,36686.909293,1, 0, 0, 1,-5.661374,-4.145171,11.843112,-1,2
68475,578374,1009.161552,36686.989780,36687.099866,0, 0, 0, 0,-99.000000,-99.000000,-99.000000,-1,1
68475,578375,1009.166295,36686.994523,36687.104609,1, 0, 0, 1,-0.375015,5.730627,-10.188813,-1,2
68475,578376,1009.173063,36687.001291,36687.111377,1, 0, 0, 1,-3.246438,8.988033,11.142008,-1,2
68475,578377,1009.223552,36687.051779,36687.161865,0, 0, 0, 0,-99.000000,-99.000000,-99.000000,-1,1
68475,578378,1009.236585,36687.064812,36687.174898,1, 0, 0, 1,-5.029929,2.199728,-17.655551,-1,2
68475,578379,1009.313342,36687.141570,36687.251656,1, 0, 0, 1,-3.363508,-7.769190,2.339014,-1,2
68475,578380,1009.372965,36687.201192,36687.311278,1, 0, 0, 1,3.543959,-0.506382,-9.187493,-1,2
68475,578381,1009.460668,36687.288896,36687.398982,0, 0, 0, 0,-99.000000,-99.000000,-99.000000,-1,1
68475,578382,1009.578994,36687.407221,36687.517307,1, 0, 0, 1,-1.060029,-1.657133,11.602651,-1,2
68475,578383,1009.735308,36687.563535,36687.673622,1, 0, 0, 1,1.270815,-7.878900,5.290234,-1,2
68475,578384,1009.825898,36687.654124,36687.764211,1, 0, 0, 1,7.378042,-2.197888,-14.554367,-1,2
68475,578385,1009.893137,36687.721363,36687.831450,1, 0, 0, 1,-0.013788,5.038140,-16.640137,-1,2
68475,578386,1009.958511,36687.786737,36687.896824,0, 0, 0, 0,-99.000000,-99.000000,-99.000000,-1,1
68475,578387,1009.965877,36687.794103,36687.904190,1, 0, 0, 1,6.658293,4.965751,16.170059,-1,2
68475,578388,1009.979495,36687.807721,36687.917809,0, 0, 0, 0,-99.000000,-99.000000,-99.000000,-1,0
68475,578389,1010.010204,36687.838430,36687.948517,0, 0, 0, 0,-99.000000,-99.000000,-99.000000,-1,0
68475,578390,1010.085431,36687.913657,36688.023745,0, 0, 0, 0,-99.000000,-99.000000,-99.000000,-1,1
68475,578391,1010.106349,36687.934575,36688.044662,0, 0, 0, 0,-99.000000,-99.000000,-99.000000,-1,1
68475,578392,1010.174428,36688.002654,36688.112741,1, 0, 0, 1,-2.240011,-2.965019,3.060497,-1,2
68475,578393,1010.214371,36688.042597,36688.152684,1, 0, 0, 1,-0.746046,7.744374,-13.211908,-1,2
68475,578394,1010.500837,36688.329062,36688.439151,1, 0, 0, 1,5.016220,2.094213,13.476054,-1,2
68475,578395,1010.598187,36688.426412,36688.536500,1, 0, 0, 1,-2.401113,8.108932,-6.584378,-1,2
68475,578396,1010.679609,36688.507834,36688.617922,0, 0, 0, 0,-99.000000,-99.000000,-99.000000,-1,1
68475,578397,1010.726531,36688.554755,36688.664844,0, 0, 0, 0,-99.000000,-99.000000,-99.000000,-1,0
68475,578398,1010.729977,36688.558202,36688.668291,1, 0, 0, 1,-1.833446,1.168779,4.732926,-1,2
68475,578399,1010.903160,36688.731385,36688.841474,1, 0, 0, 1,2.432819,0.891291,20.602725,-1,2
68475,578400,1011.294813,36689.123037,36689.233127,0, 0, 0, 0,-99.000000,-99.000000,-99.000000,-1,0
68475,578401,1011.457881,36689.286105,36689.396195,1, 0, 0, 1,6.034847,-2.004086,2.326201,-1,2
68475,578402,1011.490428,36689.318651,36689.428741,1, 0, 0, 1,5.396257,-4.825373,-19.161247,-1,2
68475,578403,1011.728631,36689.556854,36689.666945,0, 0, 0, 0,-99.000000,-99.000000,-99.000000,-1,1
68475,578404,1011.748166,36689.576388,36689.686479,0, 0, 0, 0,-99.000000,-99.000000,-99.000000,-1,1
68475,578405,1011.762007,36689.590229,36689.700320,0, 0, 0, 0,-99.000000,-99.000000,-99.000000,-1,1
68475,578406,1011.870783,36689.699006,36689.809097,0, 0, 0, 0,-99.000000,-99.000000,-99.000000,-1,1
68475,578407,1011.982566,36689.810788,36689.920880,1, 0, 0, 1,-6.266600,0.243861,-8.502305,-1,2
68475,578408,1012.031871,36689.860093,36689.970185,1, 0, 0, 1,2.626312,-3.942209,-13.273183,-1,2
68475,578409,1012.041016,36689.869238,36689.979329,0, 0, 0, 0,-99.000000,-99.000000,-99.000000,-1,0
68475,578410,1012.319161,36690.147382,36690.257474,0, 0, 0, 0,-99.000000,-99.000000,-99.000000,-1,1
68475,578411,1012.345763,36690.173984,36690.284076,1, 0, 0, 1,7.960408,5.506391,-5.617438,-1,2
68475,578412,1012.492635,36690.320857,36690.430949,1, 0, 0, 1,7.267408,1.406002,-2.062467,-1,2
68475,578413,1012.522180,36690.350401,36690.460493,1, 0, 0, 1,-1.120748,-2.289254,8.322032,-1,2
68475,578414,1012.522715,36690.350936,36690.461029,0, 0, 0, 0,-99.000000,-99.000000,-99.000000,-1,1
68475,578415,1012.596200,36690.424421,36690.534514,0, 0, 0, 0,-99.000000,-99.000000,-99.000000,-1,0
68475,578416,1012.698199,36690.526420,36690.636513,0, 0, 0, 0,-99.000000,-99.000000,-99.000000,-1,0
68475,578417,1012.816421,36690.644642,36690.754735,1, 0, 0, 1,-0.257525,8.102206,-6.864685,-1,2
68475,578418,1012.880595,36690.708815,36690.818908,1, 0, 0, 1,-7.039750,-4.700973,12.794525,-1,2
68475,578419,1012.900748,36690.728968,36690.839061,1, 0, 0, 1,-4.349979,0.184139,-5.307584,-1,2
68475,578420,1012.933086,36690.761306,36690.871399,1, 0, 0, 1,4.937024,4.504759,5.480713,-1,2
68475,578421,1013.099522,36690.927742,36691.037836,1, 0, 0, 1,8.354526,1.899303,-19.489929,-1,2
68475,578422,1013.240863,36691.069083,36691.179177,1, 0, 0, 1,3.810452,-1.792853,-12.430601,-1,2
68475,578423,1013.249371,36691.077591,36691.187685,1, 0, 0, 1,9.999981,2.629410,-7.378806,-1,3
68475,578424,1013.281679,36691.109898,36691.219992,1, 0, 0, 1,2.058562,-1.089105,-8.802805,-1,2
68475,578425,1013.323929,36691.152149,36691.262243,1, 0, 0, 1,-1.643252,2.424258,2.118945,-1,2
68475,578426,1013.437756,36691.265975,36691.376070,1, 0, 0, 1,-4.654910,7.113341,7.499892,-1,2
68475,578427,1013.593150,36691.421368,36691.531463,1, 0, 0, 1,5.210013,0.794704,-15.327305,-1,2
68475,578428,1013.655272,36691.483491,36691.593585,0, 0, 0, 0,-99.000000,-99.000000,-99.000000,-1,1
68475,578429,1013.671922,36691.500140,36691.610235,0, 0, 0, 0,-99.000000,-99.000000,-99.000000,-1,1
68475,578430,1013.743660,36691.571878,36691.681973,1, 0, 0, 1,-5.410841,3.681476,-18.106868,-1,2
68475,578431,1013.850563,36691.678781,36691.788876,1, 0, 0, 1,8.099130,-0.289825,10.445407,-1,2
68475,578432,1014.049476,36691.877693,36691.987789,0, 0, 0, 0,-99.000000,-99.000000,-99.000000,-1,1
68475,578433,1014.119655,36691.947872,36692.057968,1, 0, 0, 1,5.375271,-7.588878,2.211130,-1,2
68475,578434,1014.149722,36691.977940,36692.088036,1, 0, 0, 1,-1.259472,0.820773,-15.425882,-1,2
68475,578435,1014.239201,36692.067419,36692.177515,0, 0, 0, 0,-99.000000,-99.000000,-99.000000,-1,1
68475,578436,1014.357276,36692.185494,36692.295590,0, 0, 0, 0,-99.000000,-99.000000,-99.000000,-1,0
68475,578437,1014.485789,36692.314006,36692.424102,1, 0, 0, 1,2.846554,-0.246469,5.421480,-1,2
68475,578438,1014.520228,36692.348445,36692.458541,1, 0, 0, 1,3.774842,-9.951609,4.238669,-1,2
68475,578439,1014.942784,36692.771000,36692.881097,0, 0, 0, 0,-99.000000,-99.000000,-99.000000,-1,0
68475,578440,1015.117065,36692.945281,36693.055378,0, 0, 0, 0,-99.000000,-99.000000,-99.000000,-1,1
68475,578441,1015.122630,36692.950846,36693.060943,1, 0, 0, 1,8.288417,2.647393,-8.083460,-1,2
68475,578442,1015.210102,36693.038318,36693.148416,1, 0, 0, 1,1.832341,3.638633,9.713517,-1,2
68475,578443,1015.311982,36693.140197,36693.250295,1, 0, 0, 1,3.479782,-4.029755,15.379027,-1,2
68475,578444,1015.576816,36693.405031,36693.515129,0, 0, 0, 0,-99.000000,-99.000000,-99.000000,-1,1
68475,578445,1015.584631,36693.412846,36693.522944,0, 0, 0, 0,-99.000000,-99.000000,-99.000000,-1,0
68475,578446,1015.683393,36693.511608,36693.621707,0, 0, 0, 0,-99.000000,-99.000000,-99.000000,-1,0
68475,578447,1015.827213,36693.655427,36693.765526,1, 0, 0, 1,1.987896,2.047845,2.294311,-1,2
68475,578448,1015.971263,36693.799477,36693.909577,1, 0, 0, 1,-8.040867,3.981540,13.816142,-1,2
68475,578449,1016.057823,36693.886037,36693.996137,0, 0, 0, 0,-99.000000,-99.000000,-99.000000,-1,0
68475,578450,1016.082641,36693.910855,36694.020955,1, 0, 0, 1,-2.076235,7.703859,-14.869630,-1,2
68475,578451,1016.109510,36693.937724,36694.047824,0, 0, 0, 0,-99.000000,-99.000000,-99.000000,-1,0
68475,578452,1016.132348,36693.960562,36694.070661,1, 0, 0, 1,1.850668,0.339640,13.576444,-1,2
68475,578453,1016.199650,36694.027863,36694.137963,0, 0, 0, 0,-99.000000,-99.000000,-99.000000,-1,1
68475,578454,1016.470794,36694.299007,36694.409108,0, 0, 0, 0,-99.000000,-99.000000,-99.000000,-1,1
68475,578455,1016.756279,36694.584492,36694.694593,1, 0, 0, 1,-7.174433,3.656456,10.085753,-1,2
68475,578456,1016.859299,36694.687511,36694.797613,0, 0, 0, 0,-99.000000,-99.000000,-99.000000,-1,1
68475,578457,1016.931449,36694.759661,36694.869762,0, 0, 0, 0,-99.000000,-99.000000,-99.000000,-1,1
68475,578458,1016.943558,36694.771770,36694.881871,0, 0, 0, 0,-99.000000,-99.000000,-99.000000,-1,0
68475,578459,1017.033088,36694.861300,36694.971401,0, 0, 0, 0,-99.000000,-99.000000,-99.000000,-1,1
68475,578460,1017.057993,36694.886204,36694.996306,1, 0, 0, 1,6.752447,-9.605172,-2.937575,-1,9
68475,578461,1017.352378,36695.180589,36695.290691,1, 0, 0, 1,5.622570,3.289827,-12.086795,-1,2
68475,578462,1017.410321,36695.238532,36695.348635,0, 0, 0, 0,-99.000000,-99.000000,-99.000000,-1,1
68475,578463,1017.532521,36695.360732,36695.470835,1, 0, 0, 1,4.245474,-0.103750,-2.782592,-1,2
68475,578464,1017.547371,36695.375582,36695.485685,0, 0, 0, 0,-99.000000,-99.000000,-99.000000,-1,0
68475,578465,1017.560654,36695.388864,36695.498967,1, 0, 0, 1,1.824677,-0.891369,-15.246509,-1,2
68475,578466,1017.585304,36695.413515,36695.523618,1, 0, 0, 1,-4.858117,9.999981,1.239328,-1,4
68475,578467,1017.656619,36695.484830,36695.594933,0, 0, 0, 0,-99.000000,-99.000000,-99.000000,-1,1
68475,578468,1017.706381,36695.534592,36695.644695,1, 0, 0, 1,4.229245,-5.863768,-1.073882,-1,2
68475,578469,1017.718799,36695.547010,36695.657113,0, 0, 0, 0,-99.000000,-99.000000,-99.000000,-1,1
68475,578470,1017.748996,36695.577207,36695.687310,0, 0, 0, 0,-99.000000,-99.000000,-99.000000,-1,1
68475,578471,1017.997024,36695.825234,36695.935337,1, 0, 0, 1,0.145260,-3.565533,10.429431,-1,2
68475,578472,1018.026130,36695.854340,36695.964444,0, 0, 0, 0,-99.000000,-99.000000,-99.000000,-1,0
68475,578473,1018.032146,36695.860356,36695.970460,1, 0, 0, 1,3.162466,1.275619,-2.340371,-1,2
68475,578474,1018.174721,36696.002931,36696.113035,1, 0, 0, 1,-1.081356,-2.875081,-7.652668,-1,2
68475,578475,1018.272721,36696.100931,36696.211035,1, 0, 0, 1,-1.500413,0.332997,15.663308,-1,2
68475,578476,1018.336814,36696.165023,36696.275127,0, 0, 0, 0,-99.000000,-99.000000,-99.000000,-1,1
68475,578477,1018.374787,36696.202996,36696.313100,1, 0, 0, 1,5.677147,-1.723880,-9.103450,-1,2
68475,578478,1018.674072,36696.502281,36696.612386,0, 0, 0, 0,-99.000000,-99.000000,-99.000000,-1,1
68475,578479,1018.733484,36696.561692,36696.671797,1, 0, 0, 1,-0.404473,-3.016865,16.829519,-1,2
68475,578480,1018.750177,36696.578385,36696.688490,1, 0, 0, 1,-3.764910,-3.859197,3.790796,-1,2
68475,578481,1019.043081,36696.871289,36696.981395,1, 0, 0, 1,2.925016,0.827513,-6.683030,-1,4
68475,578482,1019.082368,36696.910576,36697.020682,1, 0, 0, 1,-1.530881,-1.973245,17.006745,-1,2
68475,578483,1019.144007,36696.972215,36697.082321,0, 0, 0, 0,-99.000000,-99.000000,-99.000000,-1,1
68475,578484,1019.155663,36696.983871,36697.093977,0, 0, 0, 0,-99.000000,-99.000000,-99.000000,-1,1
68475,578485,1019.501528,36697.329735,36697.439842,1, 0, 0, 1,1.088544,9.171459,6.039734,-1,3
68475,578486,1019.563133,36697.391340,36697.501446,1, 0, 0, 1,1.787429,-5.386271,17.435067,-1,2
68475,578487,1019.662535,36697.490741,36697.600848,0, 0, 0, 0,-99.000000,-99.000000,-99.000000,-1,1
68475,578488,1020.170855,36697.999060,36698.109168,1, 0, 0, 1,0.448661,4.833740,-13.341533,-1,2
68475,578489,1020.199313,36698.027519,36698.137627,1, 0, 0, 1,7.695977,-0.180756,-18.359912,-1,2
68475,578490,1020.214686,36698.042891,36698.152999,1, 0, 0, 1,-6.125104,-2.973477,-14.016024,-1,2
68475,578491,1020.252083,36698.080288,36698.190396,0, 0, 0, 0,-99.000000,-99.000000,-99.000000,-1,1
68475,578492,1020.326155,36698.154360,36698.264468,0, 0, 0, 0,-99.000000,-99.000000,-99.000000,-1,1
68475,578493,1020.626431,36698.454635,36698.564744,1, 0, 0, 1,-6.750790,6.826191,-5.026650,-1,2
68475,578494,1020.669803,36698.498007,36698.608116,1, 0, 0, 1,1.435757,1.650835,-18.769189,-1,2
68475,578495,1020.774014,36698.602218,36698.712328,0, 0, 0, 0,-99.000000,-99.000000,-99.000000,-1,1
68475,578496,1021.013432,36698.841636,36698.951745,0, 0, 0, 0,-99.000000,-99.000000,-99.000000,-1,1
68475,578497,1021.049656,36698.877860,36698.987969,1, 0, 0, 1,-8.318366,2.916950,15.447415,-1,4
68475,578498,1021.186029,36699.014232,36699.124342,1, 0, 0, 1,-7.060630,-1.006402,0.194783,-1,2
68475,578499,1021.232774,36699.060978,36699.171088,1, 0, 0, 1,-1.097117,-3.006287,0.753281,-1,2
68475,578500,1021.331923,36699.160127,36699.270237,1, 0, 0, 1,5.471075,2.249228,-8.686936,-1,2
68475,578501,1021.698370,36699.526573,36699.636684,0, 0, 0, 0,-99.000000,-99.000000,-99.000000,-1,1
68475,578502,1021.700239,36699.528441,36699.638552,0, 0, 0, 0,-99.000000,-99.000000,-99.000000,-1,1
68475,578503,1021.720700,36699.548902,36699.659013,1, 0, 0, 1,7.733397,-1.327063,16.122163,-1,2
68475,578504,1021.811007,36699.639209,36699.749321,0, 0, 0, 0,-99.000000,-99.000000,-99.000000,-1,1
68475,578505,1021.850215,36699.678417,36699.788528,1, 0, 0, 1,-1.744208,9.074045,15.804449,-1,2
68475,578506,1021.869116,36699.697318,36699.807429,0, 0, 0, 0,-99.000000,-99.000000,-99.000000,-1,1
68475,578507,1021.889655,36699.717857,36699.827968,0, 0, 0, 0,-99.000000,-99.000000,-99.000000,-1,0
68475,578508,1021.980926,36699.809128,36699.919239,1, 0, 0, 1,5.159853,3.331502,-7.480719,-1,2
68475,578509,1021.998206,36699.826408,36699.936520,0, 0, 0, 0,-99.000000,-99.000000,-99.000000,-1,0
68475,578510,1022.092423,36699.920624,36700.030736,1, 0, 0, 1,-1.973909,2.975431,-17.477488,-1,2
68475,578511,1022.128126,36699.956328,36700.066440,1, 0, 0, 1,3.055408,4.616902,20.547313,-1,2
68475,578512,1022.174794,36700.002996,36700.113108,0, 0, 0, 0,-99.000000,-99.000000,-99.000000,-1,0
68475,578513,1022.331853,36700.160054,36700.270167,1, 0, 0, 1,1.152337,-11.479451,-2.319937,-1,2
68475,578514,1022.443264,36700.271465,36700.381578,0, 0, 0, 0,-99.000000,-99.000000,-99.000000,-1,1
68475,578515,1022.501343,36700.329544,36700.439656,1, 0, 0, 1,4.035676,-3.519508,20.307694,-1,2
68475,578516,1022.532497,36700.360697,36700.470810,0, 0, 0, 0,-99.000000,-99.000000,-99.000000,-1,1
68475,578517,1022.685967,36700.514167,36700.624280,1, 0, 0, 1,5.034444,-2.153002,0.874869,-1,2
68475,578518,1022.806474,36700.634674,36700.744788,0, 0, 0, 0,-99.000000,-99.000000,-99.000000,-1,1
68475,578519,1022.817242,36700.645442,36700.755555,1, 0, 0, 1,10.172548,12.219152,0.935485,-1,2
68475,578520,1023.042128,36700.870327,36700.980441,0, 0, 0, 0,-99.000000,-99.000000,-99.000000,-1,1
68475,578521,1023.073801,36700.902000,36701.012114,0, 0, 0, 0,-99.000000,-99.000000,-99.000000,-1,1
68475,578522,1023.090740,36700.918940,36701.029054,1, 0, 0, 1,1.055688,6.793039,9.088479,-1,2
68475,578523,1023.113014,36700.941214,36701.051328,0, 0, 0, 0,-99.000000,-99.000000,-99.000000,-1,1
68475,578524,1023.177848,36701.006047,36701.116161,0, 0, 0, 0,-99.000000,-99.000000,-99.000000,-1,0
68475,578525,1023.379456,36701.207655,36701.317770,1, 0, 0, 1,1.496098,1.556063,5.915939,-1,2
68475,578526,1023.566745,36701.394944,36701.505059,1, 0, 0, 1,-2.455700,-3.262201,-19.499647,-1,2
68475,578527,1023.591121,36701.419320,36701.529435,1, 0, 0, 1,-2.570911,-2.359496,19.095463,-1,2
68475,578528,1023.647116,36701.475314,36701.585429,1, 0, 0, 1,5.156008,5.106481,-11.551832,-1,2
68475,578529,1023.679425,36701.507623,36701.617738,1, 0, 0, 1,-3.993728,-5.425002,-5.576916,-1,2
68475,578530,1023.708081,36701.536279,36701.646395,0, 0, 0, 0,-99.000000,-99.000000,-99.000000,-1,0
68475,578531,1023.787219,36701.615417,36701.725532,1, 0, 0, 1,-0.471474,-3.666139,-10.019171,-1,2
68475,578532,1023.838844,36701.667042,36701.777158,1, 0, 0, 1,-1.569592,-2.418901,5.274713,-1,2
68475,578533,1024.118805,36701.947003,36702.057119,0, 0, 0, 0,-99.000000,-99.000000,-99.000000,-1,0
68475,578534,1024.127321,36701.955519,36702.065635,1, 0, 0, 1,-0.745253,2.708272,-12.237181,-1,3
68475,578535,1024.199077,36702.027274,36702.137390,1, 0, 0, 1,3.065892,-5.581410,8.553480,-1,2
68475,578536,1024.315277,36702.143474,36702.253590,0, 0, 0, 0,-99.000000,-99.000000,-99.000000,-1,1
68475,578537,1024.379012,36702.207209,36702.317326,1, 0, 0, 1,-3.785073,9.851009,-17.400850,-1,2
68475,578538,1024.468412,36702.296609,36702.406726,1, 0, 0, 1,0.925056,4.546190,-15.541641,-1,2
68475,578539,1024.572414,36702.400610,36702.510727,1, 0, 0, 1,0.231002,-2.330935,-6.530618,-1,2
68475,578540,1024.703099,36702.531295,36702.641413,0, 0, 0, 0,-99.000000,-99.000000,-99.000000,-1,1
68475,578541,1024.741392,36702.569588,36702.679705,1, 0, 0, 1,0.816142,-7.102970,-9.609809,-1,2
68475,578542,1024.762279,36702.590475,36702.700592,0, 0, 0, 0,-99.000000,-99.000000,-99.000000,-1,1
68475,578543,1024.815471,36702.643668,36702.753785,1, 0, 0, 1,5.871064,-0.564720,-11.234699,-1,2
68475,578544,1024.820339,36702.648535,36702.758652,1, 0, 0, 1,-1.980979,-1.481855,-6.548553,-1,2
68475,578545,1024.890700,36702.718896,36702.829014,1, 0, 0, 1,4.260248,0.068560,-6.013828,-1,2
68475,578546,1024.975188,36702.803384,36702.913502,1, 0, 0, 1,-5.080342,-4.171275,12.160084,-1,2
68475,578547,1025.061059,36702.889255,36702.999373,0, 0, 0, 0,-99.000000,-99.000000,-99.000000,-1,1
68475,578548,1025.190139,36703.018335,36703.128453,0, 0, 0, 0,-99.000000,-99.000000,-99.000000,-1,0
68475,578549,1025.193068,36703.021264,36703.131382,1, 0, 0, 1,-3.301186,-6.812849,-4.109920,-1,2
68475,578550,1025.430548,36703.258743,36703.368862,1, 0, 0, 1,4.816488,-3.684522,15.138387,-1,2
68475,578551,1025.438650,36703.266845,36703.376964,1, 0, 0, 1,0.241527,-2.559254,-2.820787,-1,2
68475,578552,1025.491090,36703.319285,36703.429404,0, 0, 0, 0,-99.000000,-99.000000,-99.000000,-1,0
68475,578553,1025.560315,36703.388509,36703.498629,1, 0, 0, 1,-0.519761,-8.587964,15.979560,-1,2
68475,578554,1025.610744,36703.438938,36703.549057,0, 0, 0, 0,-99.000000,-99.000000,-99.000000,-1,0
68475,578555,1025.759243,36703.587437,36703.697556,0, 0, 0, 0,-99.000000,-99.000000,-99.000000,-1,1
68475,578556,1025.776042,36703.604236,36703.714356,1, 0, 0, 1,-1.792088,-2.601536,-3.085736,-1,2
68475,578557,1025.863235,36703.691429,36703.801549,1, 0, 0, 1,-7.579830,2.030714,1.214339,-1,2
68475,578558,1025.888889,36703.717083,36703.827203,1, 0, 0, 1,-1.561549,-6.001953,20.325318,-1,2
68475,578559,1025.902114,36703.730308,36703.840428,1, 0, 0, 1,-6.032162,0.346562,-5.729573,-1,2
68475,578560,1026.149190,36703.977384,36704.087504,0, 0, 0, 0,-99.000000,-99.000000,-99.000000,-1,1
68475,578561,1026.166723,36703.994916,36704.105036,0, 0, 0, 0,-99.000000,-99.000000,-99.000000,-1,0
68475,578562,1026.244062,36704.072255,36704.182375,0, 0, 0, 0,-99.000000,-99.000000,-99.000000,-1,0
68475,578563,1026.313633,36704.141826,36704.251947,1, 0, 0, 1,1.422936,-8.168891,14.071788,-1,2
68475,578564,1026.966467,36704.794659,36704.904781,1, 0, 0, 1,-0.087557,3.679617,15.768537,-1,2
68475,578565,1027.020346,36704.848538,36704.958660,1, 0, 0, 1,-3.533041,4.957376,15.775712,-1,2
68475,578566,1027.111531,36704.939722,36705.049844,0, 0, 0, 0,-99.000000,-99.000000,-99.000000,-1,1
68475,578567,1027.116036,36704.944228,36705.054350,0, 0, 0, 0,-99.000000,-99.000000,-99.000000,-1,1
68475,578568,1027.229542,36705.057733,36705.167855,0, 0, 0, 0,-99.000000,-99.000000,-99.000000,-1,1
68475,578569,1027.312862,36705.141053,36705.251176,0, 0, 0, 0,-99.000000,-99.000000,-99.000000,-1,0
68475,578570,1027.430072,36705.258263,36705.368385,0, 0, 0, 0,-99.000000,-99.000000,-99.000000,-1,0
68475,578571,1027.667764,36705.495955,36705.606078,1, 0, 0, 1,-5.079359,1.842212,-0.514766,-1,2
68475,578572,1027.765736,36705.593926,36705.704050,0, 0, 0, 0,-99.000000,-99.000000,-99.000000,-1,1
68475,578573,1028.082478,36705.910668,36706.020792,0, 0, 0, 0,-99.000000,-99.000000,-99.000000,-1,1
68475,578574,1028.388830,36706.217019,36706.327144,1, 0, 0, 1,-1.337390,-1.061157,13.201085,-1,2
68475,578575,1028.494003,36706.322192,36706.432317,1, 0, 0, 1,-1.514203,9.593399,-6.784715,-1,2
68475,578576,1028.653517,36706.481705,36706.591830,1, 0, 0, 1,-1.570477,1.472374,-8.858163,-1,2
68475,578577,1028.791599,36706.619787,36706.729912,1, 0, 0, 1,-8.255440,5.369907,5.407455,-1,2
68475,578578,1029.132140,36706.960327,36707.070453,1, 0, 0, 1,-1.903005,-6.964168,-5.242929,-1,3
68475,578579,1029.454703,36707.282889,36707.393016,1, 0, 0, 1,0.029040,-5.153189,-7.831257,-1,3
68475,578580,1029.560302,36707.388489,36707.498616,1, 0, 0, 1,3.846299,-4.569894,-3.468319,-1,2
68475,578581,1029.633920,36707.462106,36707.572234,1, 0, 0, 1,2.088060,7.726613,-16.936495,-1,2
68475,578582,1029.637577,36707.465763,36707.575890,1, 0, 0, 1,4.251637,0.181494,10.723361,-1,2
68475,578583,1029.986202,36707.814387,36707.924515,1, 0, 0, 1,3.551001,-0.006511,16.620672,-1,2
68475,578584,1030.018442,36707.846627,36707.956755,1, 0, 0, 1,-8.066716,2.306029,-0.307199,-1,2
68475,578585,1030.019215,36707.847400,36707.957528,1, 0, 0, 1,8.232634,1.925815,-9.118684,-1,2
68475,578586,1030.031248,36707.859434,36707.969562,1, 0, 0, 1,3.424692,-2.101563,11.647948,-1,2
68475,578587,1030.173699,36708.001885,36708.112013,1, 0, 0, 1,-8.510251,5.636055,19.246315,-1,2
68475,578588,1030.265385,36708.093570,36708.203699,1, 0, 0, 1,6.985186,4.188336,5.724033,-1,2
68475,578589,1030.286444,36708.114629,36708.224758,1, 0, 0, 1,-2.095381,2.408689,-4.660440,-1,2
68475,578590,1030.361649,36708.189834,36708.299963,1, 0, 0, 1,2.264104,9.873355,20.104303,-1,2
68475,578591,1030.435963,36708.264147,36708.374276,0, 0, 0, 0,-99.000000,-99.000000,-99.000000,-1,1
68475,578592,1031.036311,36708.864494,36708.974624,0, 0, 0, 0,-99.000000,-99.000000,-99.000000,-1,1
68475,578593,1031.069705,36708.897889,36709.008019,0, 0, 0, 0,-99.000000,-99.000000,-99.000000,-1,1
68475,578594,1031.225753,36709.053936,36709.164066,0, 0, 0, 0,-99.000000,-99.000000,-99.000000,-1,1
68475,578595,1031.281544,36709.109727,36709.219858,1, 0, 0, 1,-5.436451,5.788537,0.018937,-1,2
68475,578596,1031.395587,36709.223770,36709.333901,0, 0, 0, 0,-99.000000,-99.000000,-99.000000,-1,1
68475,578597,1031.467471,36709.295654,36709.405784,1, 0, 0, 1,-1.496198,-7.363769,-15.776538,-1,4
68475,578598,1031.646967,36709.475150,36709.585281,0, 0, 0, 0,-99.000000,-99.000000,-99.000000,-1,1
68475,578599,1031.654261,36709.482443,36709.592574,1, 0, 0, 1,3.799678,-0.183445,14.466227,-1,2
68475,578600,1031.942843,36709.771025,36709.881157,1, 0, 0, 1,9.480021,-6.205407,3.480040,-1,2
68475,578601,1032.021379,36709.849561,36709.959693,0, 0, 0, 0,-99.000000,-99.000000,-99.000000,-1,1
68475,578602,1032.501150,36710.329330,36710.439463,1, 0, 0, 1,-3.983944,1.105452,9.777668,-1,2
68475,578603,1032.641826,36710.470006,36710.580139,0, 0, 0, 0,-99.000000,-99.000000,-99.000000,-1,0
68475,578604,1032.697735,36710.525915,36710.636049,1, 0, 0, 1,-6.491085,2.503269,12.910661,-1,2
68475,578605,1032.999313,36710.827493,36710.937627,1, 0, 0, 1,-5.536122,1.598569,18.336713,-1,2
68475,578606,1033.074531,36710.902710,36711.012844,1, 0, 0, 1,-0.576039,-3.758442,-20.769050,-1,2
68475,578607,1033.101611,36710.929791,36711.039925,1, 0, 0, 1,5.029778,9.101422,-7.964430,-1,2
68475,578608,1033.179068,36711.007247,36711.117381,0, 0, 0, 0,-99.000000,-99.000000,-99.000000,-1,0
68475,578609,1033.264753,36711.092932,36711.203067,1, 0, 0, 1,1.762316,1.051259,-13.630403,-1,2
68475,578610,1033.407976,36711.236154,36711.346289,0, 0, 0, 0,-99.000000,-99.000000,-99.000000,-1,1
68475,578611,1033.410726,36711.238905,36711.349040,0, 0, 0, 0,-99.000000,-99.000000,-99.000000,-1,1
68475,578612,1033.542157,36711.370335,36711.480471,0, 0, 0, 0,-99.000000,-99.000000,-99.000000,-1,0
68475,578613,1033.698832,36711.527010,36711.637146,0, 0, 0, 0,-99.000000,-99.000000,-99.000000,-1,1
68475,578614,1033.745503,36711.573681,36711.683816,1, 0, 0, 1,-2.985862,2.814660,-9.510719,-1,2
68475,578615,1033.757714,36711.585892,36711.696028,1, 0, 0, 1,-0.108251,-3.225274,14.544975,-1,2
68475,578616,1033.850076,36711.678254,36711.788390,0, 0, 0, 0,-99.000000,-99.000000,-99.000000,-1,1
68475,578617,1033.911812,36711.739990,36711.850126,1, 1, 0, 1,0.253163,0.736008,12.670034,-1,3
68475,578618,1033.935648,36711.763825,36711.873961,0, 0, 0, 0,-99.000000,-99.000000,-99.000000,-1,1
68475,578619,1034.006568,36711.834746,36711.944882,1, 0, 0, 1,1.806566,-5.218860,3.649441,-1,3
68475,578620,1034.009517,36711.837694,36711.947830,1, 0, 0, 1,-7.506356,3.881503,-6.610772,-1,2
68475,578621,1034.073096,36711.901273,36712.011409,1, 0, 0, 1,-3.151013,-1.751123,-14.282544,-1,2
68475,578622,1034.131372,36711.959549,36712.069685,1, 0, 0, 1,5.462749,-0.974080,-6.143408,-1,2
68475,578623,1034.157608,36711.985785,36712.095921,0, 0, 0, 0,-99.000000,-99.000000,-99.000000,-1,0
68475,578624,1034.216907,36712.045084,36712.155221,1, 0, 0, 1,-6.396224,1.947555,-13.734977,-1,2
68475,578625,1034.217899,36712.046076,36712.156213,1, 0, 0, 1,6.363631,1.210685,7.123554,-1,2
68475,578626,1034.272491,36712.100668,36712.210805,0, 0, 0, 0,-99.000000,-99.000000,-99.000000,-1,1
68475,578627,1034.288790,36712.116967,36712.227104,0, 0, 0, 0,-99.000000,-99.000000,-99.000000,-1,1
68475,578628,1034.849676,36712.677851,36712.787989,1, 0, 0, 1,-5.609137,-6.041013,13.021221,-1,2
68475,578629,1034.865842,36712.694018,36712.804156,1, 0, 0, 1,5.099325,-1.993010,8.618944,-1,2
68475,578630,1035.136158,36712.964333,36713.074471,1, 0, 0, 1,-3.759672,1.638802,2.554990,-1,2
68475,578631,1035.156128,36712.984303,36713.094441,1, 0, 0, 1,-5.187561,4.149491,0.407276,-1,2
68475,578632,1035.407015,36713.235190,36713.345329,0, 0, 0, 0,-99.000000,-99.000000,-99.000000,-1,1
68475,578633,1035.430619,36713.258793,36713.368932,0, 0, 0, 0,-99.000000,-99.000000,-99.000000,-1,0
68475,578634,1035.697896,36713.526070,36713.636209,1, 0, 0, 1,-5.075337,2.556109,-17.005721,-1,2
68475,578635,1035.752469,36713.580643,36713.690782,0, 0, 0, 0,-99.000000,-99.000000,-99.000000,-1,1
68475,578636,1036.092569,36713.920743,36714.030883,0, 0, 0, 0,-99.000000,-99.000000,-99.000000,-1,1
68475,578637,1036.217857,36714.046030,36714.156171,0, 0, 0, 0,-99.000000,-99.000000,-99.000000,-1,1
68475,578638,1036.333533,36714.161706,36714.271847,0, 0, 0, 0,-99.000000,-99.000000,-99.000000,-1,1
68475,578639,1036.363850,36714.192022,36714.302163,1, 0, 0, 1,-0.362558,7.517368,-20.140193,-1,2
68475,578640,1036.428216,36714.256389,36714.366530,1, 0, 0, 1,6.953087,-0.721588,0.850143,-1,2
68475,578641,1036.451331,36714.279504,36714.389645,0, 0, 0, 0,-99.000000,-99.000000,-99.000000,-1,1
68475,578642,1036.457363,36714.285536,36714.395677,1, 0, 0, 1,-4.755672,-6.529574,18.479907,-1,2
68475,578643,1036.470128,36714.298300,36714.408441,0, 0, 0, 0,-99.000000,-99.000000,-99.000000,-1,1
68475,578644,1036.553057,36714.381229,36714.491370,0, 0, 0, 0,-99.000000,-99.000000,-99.000000,-1,1
68475,578645,1036.557812,36714.385985,36714.496126,1, 0, 0, 1,2.417900,-5.432482,-6.010472,-1,2
68475,578646,1037.184187,36715.012358,36715.122501,1, 0, 0, 1,-4.237727,-3.100096,-19.522306,-1,2
68475,578647,1037.332800,36715.160971,36715.271114,0, 0, 0, 0,-99.000000,-99.000000,-99.000000,-1,0
68475,578648,1037.525275,36715.353445,36715.463588,1, 0, 0, 1,-3.537265,-1.560633,-11.150246,-1,2
68475,578649,1037.588269,36715.416439,36715.526582,1, 0, 0, 1,-2.507615,9.220832,-9.806674,-1,2
68475,578650,1037.637277,36715.465447,36715.575591,1, 0, 0, 1,7.488462,1.475647,-20.325789,-1,2
68475,578651,1037.699403,36715.527573,36715.637717,1, 0, 0, 1,8.131616,-6.217683,14.750589,-1,2
68475,578652,1037.941212,36715.769381,36715.879525,0, 0, 0, 0,-99.000000,-99.000000,-99.000000,-1,1
68475,578653,1038.138584,36715.966753,36716.076898,1, 0, 0, 1,3.877068,-10.386024,-4.387423,-1,2
68475,578654,1038.325582,36716.153750,36716.263895,0, 0, 0, 0,-99.000000,-99.000000,-99.000000,-1,1
68475,578655,1038.356593,36716.184761,36716.294906,1, 0, 0, 1,-8.572418,0.855148,14.897597,-1,2
68475,578656,1038.417572,36716.245740,36716.355885,1, 0, 0, 1,-7.262603,4.061973,19.085211,-1,2
68475,578657,1038.503672,36716.331840,36716.441985,1, 0, 0, 1,-1.904699,4.038869,-20.978489,-1,2
68475,578658,1038.851235,36716.679402,36716.789548,1, 0, 0, 1,3.495413,-2.383469,16.541378,-1,2
68475,578659,1039.009403,36716.837571,36716.947717,1, 0, 0, 1,-3.356494,-0.674704,-17.286959,-1,2
68475,578660,1039.126910,36716.955077,36717.065223,1, 0, 0, 1,7.404611,0.565737,-6.289318,-1,2
68475,578661,1039.247718,36717.075885,36717.186031,0, 0, 0, 0,-99.000000,-99.000000,-99.000000,-1,1
68475,578662,1039.338060,36717.166227,36717.276374,1, 0, 0, 1,-1.900277,3.306050,-16.817874,-1,2
68475,578663,1039.401854,36717.230021,36717.340168,0, 0, 0, 0,-99.000000,-99.000000,-99.000000,-1,1
68475,578664,1039.614838,36717.443004,36717.553151,0, 0, 0, 0,-99.000000,-99.000000,-99.000000,-1,1
68475,578665,1039.714294,36717.542460,36717.652608,0, 0, 0, 0,-99.000000,-99.000000,-99.000000,-1,0
68475,578666,1039.716234,36717.544400,36717.654547,1, 0, 0, 1,-3.418744,-1.797920,12.573214,-1,2
68475,578667,1039.722511,36717.550677,36717.660825,0, 0, 0, 0,-99.000000,-99.000000,-99.000000,-1,1
68475,578668,1039.804505,36717.632670,36717.742818,1, 0, 0, 1,4.925251,-1.515328,12.802969,-1,2
68475,578669,1039.858319,36717.686484,36717.796632,0, 0, 0, 0,-99.000000,-99.000000,-99.000000,-1,0
68475,578670,1039.881505,36717.709670,36717.819818,1, 0, 0, 1,-0.738143,4.029672,8.377700,-1,2
68475,578671,1039.903620,36717.731785,36717.841933,0, 0, 0, 0,-99.000000,-99.000000,-99.000000,-1,1
68475,578672,1039.996689,36717.824854,36717.935002,1, 0, 0, 1,-2.231896,6.434569,-5.889098,-1,2
68475,578673,1040.023483,36717.851648,36717.961796,1, 0, 0, 1,3.298593,5.667374,13.924777,-1,2
68475,578674,1040.072612,36717.900777,36718.010925,0, 0, 0, 0,-99.000000,-99.000000,-99.000000,-1,1
68475,578675,1040.133837,36717.962002,36718.072151,0, 0, 0, 0,-99.000000,-99.000000,-99.000000,-1,0
68475,578676,1040.141303,36717.969468,36718.079616,1, 0, 0, 1,-2.717892,6.926956,-19.391851,-1,2
68475,578677,1040.235623,36718.063787,36718.173936,1, 0, 0, 1,-2.639153,-2.686267,-10.051101,-1,2
68475,578678,1040.389515,36718.217680,36718.327829,0, 0, 0, 0,-99.000000,-99.000000,-99.000000,-1,1
68475,578679,1040.446487,36718.274651,36718.384800,0, 0, 0, 0,-99.000000,-99.000000,-99.000000,-1,1
68475,578680,1040.452729,36718.280893,36718.391043,1, 0, 0, 1,-5.991313,3.642599,-10.559714,-1,2
68475,578681,1040.490531,36718.318695,36718.428844,0, 0, 0, 0,-99.000000,-99.000000,-99.000000,-1,1
68475,578682,1040.792512,36718.620676,36718.730826,0, 0, 0, 0,-99.000000,-99.000000,-99.000000,-1,1
68475,578683,1040.831131,36718.659295,36718.769444,0, 0, 0, 0,-99.000000,-99.000000,-99.000000,-1,1
68475,578684,1040.943787,36718.771950,36718.882100,0, 0, 0, 0,-99.000000,-99.000000,-99.000000,-1,0
68475,578685,1041.030247,36718.858410,36718.968560,0, 0, 0, 0,-99.000000,-99.000000,-99.000000,-1,0
68475,578686,1041.040134,36718.868298,36718.978448,1, 0, 0, 1,-0.264143,5.226013,-8.822454,-1,2
68475,578687,1041.040316,36718.868479,36718.978630,1, 0, 0, 1,-3.468562,7.399527,10.238453,-1,2
68475,578688,1041.124158,36718.952321,36719.062472,1, 0, 0, 1,-0.707960,2.966224,10.739272,-1,2
68475,578689,1041.375058,36719.203220,36719.313371,0, 0, 0, 0,-99.000000,-99.000000,-99.000000,-1,1
68475,578690,1041.401100,36719.229262,36719.339414,0, 0, 0, 0,-99.000000,-99.000000,-99.000000,-1,0
68475,578691,1041.449605,36719.277767,36719.387918,1, 0, 0, 1,3.098101,4.686788,0.851022,-1,2
68475,578692,1041.519967,36719.348129,36719.458281,0, 0, 0, 0,-99.000000,-99.000000,-99.000000,-1,1
68475,578693,1041.751706,36719.579868,36719.690020,0, 0, 0, 0,-99.000000,-99.000000,-99.000000,-1,1
68475,578694,1042.176884,36720.005045,36720.115198,0, 0, 0, 0,-99.000000,-99.000000,-99.000000,-1,0
68475,578695,1042.338296,36720.166457,36720.276609,1, 0, 0, 1,-3.339490,0.089324,-10.276979,-1,2
68475,578696,1042.355011,36720.183172,36720.293324,1, 0, 0, 1,3.196658,1.685219,-13.416505,-1,2
68475,578697,1042.378092,36720.206252,36720.316405,0, 0, 0, 0,-99.000000,-99.000000,-99.000000,-1,0
68475,578698,1042.411438,36720.239598,36720.349751,0, 0, 0, 0,-99.000000,-99.000000,-99.000000,-1,1
68475,578699,1042.432399,36720.260559,36720.370712,1, 0, 0, 1,4.964741,-3.508637,-17.189330,-1,2
68475,578700,1042.535480,36720.363640,36720.473794,1, 0, 0, 1,-4.413663,2.482379,-10.953625,-1,2
68475,578701,1042.549733,36720.377893,36720.488047,1, 0, 0, 1,3.549387,-9.249975,-8.820597,-1,2
68475,578702,1042.740459,36720.568619,36720.678773,1, 0, 0, 1,7.761247,-1.698470,-0.382534,-1,2
68475,578703,1042.797728,36720.625887,36720.736041,1, 0, 0, 1,0.516261,4.804500,-11.537018,-1,2
68475,578704,1043.113569,36720.941728,36721.051882,1, 0, 0, 1,-6.206316,3.936729,-15.606619,-1,2
68475,578705,1043.322733,36721.150891,36721.261046,1, 0, 0, 1,-0.497219,2.319360,-12.423976,-1,2
68475,578706,1043.548139,36721.376297,36721.486452,1, 0, 0, 1,-0.330116,-1.714540,18.863855,-1,2
68475,578707,1043.636946,36721.465104,36721.575259,0, 0, 0, 0,-99.000000,-99.000000,-99.000000,-1,0
68475,578708,1043.742731,36721.570889,36721.681045,1, 0, 0, 1,6.423933,1.299556,-9.664083,-1,2
68475,578709,1043.784936,36721.613094,36721.723250,0, 0, 0, 0,-99.000000,-99.000000,-99.000000,-1,0
68475,578710,1044.113084,36721.941241,36722.051397,1, 0, 0, 1,2.728381,-8.721230,19.150738,-1,2
68475,578711,1044.132057,36721.960214,36722.070370,1, 0, 0, 1,1.565486,-2.762048,-7.828326,-1,2
68475,578712,1044.446892,36722.275049,36722.385206,0, 0, 0, 0,-99.000000,-99.000000,-99.000000,-1,1
68475,578713,1044.488532,36722.316688,36722.426845,0, 0, 0, 0,-99.000000,-99.000000,-99.000000,-1,1
68475,578714,1044.591601,36722.419757,36722.529914,1, 0, 0, 1,-1.018267,-11.255031,33.439087,-1,2
68475,578715,1044.611155,36722.439311,36722.549469,0, 0, 0, 0,-99.000000,-99.000000,-99.000000,-1,0
68475,578716,1044.611218,36722.439374,36722.549531,0, 0, 0, 0,-99.000000,-99.000000,-99.000000,-1,0
68475,578717,1044.611376,36722.439532,36722.549690,0, 0, 0, 0,-99.000000,-99.000000,-99.000000,-1,0
68475,578718,1044.611437,36722.439593,36722.549750,0, 0, 0, 0,-99.000000,-99.000000,-99.000000,-1,1
68475,578719,1044.615651,36722.443807,36722.553965,0, 0, 0, 0,-99.000000,-99.000000,-99.000000,-1,0
68475,578720,1044.749839,36722.577995,36722.688152,0, 0, 0, 0,-99.000000,-99.000000,-99.000000,-1,1
68475,578721,1044.765046,36722.593202,36722.703360,0, 0, 0, 0,-99.000000,-99.000000,-99.000000,-1,0
68475,578722,1044.812323,36722.640479,36722.750637,1, 0, 0, 1,-0.785394,-3.459475,2.060804,-1,2
68475,578723,1044.902376,36722.730531,36722.840689,1, 0, 0, 1,0.991215,2.515904,-4.614882,-1,2
68475,578724,1044.989828,36722.817983,36722.928141,0, 0, 0, 0,-99.000000,-99.000000,-99.000000,-1,1
68475,578725,1045.032869,36722.861025,36722.971183,0, 0, 0, 0,-99.000000,-99.000000,-99.000000,-1,0
68475,578726,1045.065975,36722.894130,36723.004289,1, 0, 0, 1,2.886171,-2.644041,-16.688370,-1,2
68475,578727,1045.466387,36723.294541,36723.404700,1, 0, 0, 1,-1.048236,5.862563,16.932168,-1,7
68475,578728,1045.800349,36723.628503,36723.738663,0, 0, 0, 0,-99.000000,-99.000000,-99.000000,-1,1
68475,578729,1045.800651,36723.628804,36723.738964,0, 0, 0, 0,-99.000000,-99.000000,-99.000000,-1,0
68475,578730,1045.829087,36723.657240,36723.767400,1, 0, 0, 1,-6.025913,-0.005521,-10.484627,-1,2
68475,578731,1045.944009,36723.772162,36723.882322,1, 0, 0, 1,-4.354451,2.991309,-7.850404,-1,2
68475,578732,1046.200059,36724.028212,36724.138373,0, 0, 0, 0,-99.000000,-99.000000,-99.000000,-1,0
68475,578733,1046.328476,36724.156628,36724.266789,1, 0, 0, 1,8.995625,6.992140,3.777943,-1,2
68475,578734,1046.405073,36724.233225,36724.343386,0, 0, 0, 0,-99.000000,-99.000000,-99.000000,-1,1
68475,578735,1046.419427,36724.247579,36724.357740,0, 0, 0, 0,-99.000000,-99.000000,-99.000000,-1,1
68475,578736,1046.628888,36724.457040,36724.567201,0, 0, 0, 0,-99.000000,-99.000000,-99.000000,-1,1
68475,578737,1046.631314,36724.459466,36724.569628,0, 0, 0, 0,-99.000000,-99.000000,-99.000000,-1,0
68475,578738,1046.661991,36724.490143,36724.600305,1, 0, 0, 1,7.754926,-0.167633,-19.493271,-1,2
68475,578739,1046.848124,36724.676276,36724.786438,0, 0, 0, 0,-99.000000,-99.000000,-99.000000,-1,0
68475,578740,1046.877336,36724.705487,36724.815649,0, 0, 0, 0,-99.000000,-99.000000,-99.000000,-1,1
68475,578741,1047.012811,36724.840962,36724.951124,0, 0, 0, 0,-99.000000,-99.000000,-99.000000,-1,1
68475,578742,1047.062119,36724.890270,36725.000432,1, 0, 0, 1,1.316621,-4.213385,-6.129712,-1,2
68475,578743,1047.137275,36724.965425,36725.075588,0, 0, 0, 0,-99.000000,-99.000000,-99.000000,-1,1
68475,578744,1047.278773,36725.106923,36725.217086,0, 0, 0, 0,-99.000000,-99.000000,-99.000000,-1,0
68475,578745,1047.299000,36725.127150,36725.237313,1, 0, 0, 1,8.233615,3.289964,5.058617,-1,2
68475,578746,1047.617261,36725.445411,36725.555575,1, 0, 0, 1,5.601699,10.084315,-10.055355,-1,2
68475,578747,1047.618193,36725.446343,36725.556507,0, 0, 0, 0,-99.000000,-99.000000,-99.000000,-1,1
68475,578748,1047.969540,36725.797689,36725.907853,1, 0, 0, 1,-5.257714,-0.732114,-11.070252,-1,2
68475,578749,1047.998978,36725.827127,36725.937291,1, 0, 0, 1,-2.319492,1.594938,4.845768,-1,2
68475,578750,1048.013622,36725.841771,36725.951936,1, 0, 0, 1,5.527963,3.930168,5.646815,-1,2
68475,578751,1048.023826,36725.851974,36725.962139,1, 0, 0, 1,-4.575074,5.916452,-4.438618,-1,2
68475,578752,1048.091208,36725.919357,36726.029522,0, 0, 0, 0,-99.000000,-99.000000,-99.000000,-1,1
68475,578753,1048.148206,36725.976355,36726.086520,1, 0, 0, 1,1.004525,-5.005481,-8.076616,-1,2
68475,578754,1048.413340,36726.241488,36726.351654,0, 0, 0, 0,-99.000000,-99.000000,-99.000000,-1,1
68475,578755,1048.458255,36726.286403,36726.396569,1, 0, 0, 1,-7.145657,-1.829317,8.792722,-1,2
68475,578756,1048.477478,36726.305626,36726.415792,1, 0, 0, 1,-2.973295,1.717664,0.007636,-1,2
68475,578757,1048.614390,36726.442538,36726.552704,0, 0, 0, 0,-99.000000,-99.000000,-99.000000,-1,1
68475,578758,1049.023410,36726.851557,36726.961724,1, 0, 0, 1,7.646692,3.922097,5.462429,-1,2
68475,578759,1049.585031,36727.413177,36727.523345,0, 0, 0, 0,-99.000000,-99.000000,-99.000000,-1,1
68475,578760,1049.592378,36727.420524,36727.530692,1, 0, 0, 1,3.699752,4.062405,0.891586,-1,2
68475,578761,1049.820247,36727.648392,36727.758560,1, 0, 0, 1,-1.508800,2.681255,3.408670,-1,2
68475,578762,1049.934000,36727.762145,36727.872313,1, 0, 0, 1,2.307379,3.081342,7.671047,-1,2
68475,578763,1049.957728,36727.785873,36727.896041,0, 0, 0, 0,-99.000000,-99.000000,-99.000000,-1,1
68475,578764,1050.022683,36727.850828,36727.960996,1, 0, 0, 1,5.534345,-4.132977,4.228875,-1,2
68475,578765,1050.394143,36728.222287,36728.332457,0, 0, 0, 0,-99.000000,-99.000000,-99.000000,-1,1
68475,578766,1050.552162,36728.380306,36728.490476,1, 0, 0, 1,1.358443,6.177763,-7.943855,-1,2
68475,578767,1050.575571,36728.403715,36728.513885,0, 0, 0, 0,-99.000000,-99.000000,-99.000000,-1,1
68475,578768,1050.649884,36728.478028,36728.588197,1, 0, 0, 1,6.702646,-0.972555,21.327927,-1,2
68475,578769,1051.064028,36728.892171,36729.002342,1, 0, 0, 1,-7.476773,-4.957317,-16.049044,-1,2
68475,578770,1051.172806,36729.000948,36729.111119,0, 0, 0, 0,-99.000000,-99.000000,-99.000000,-1,0
68475,578771,1051.258698,36729.086840,36729.197011,0, 0, 0, 0,-99.000000,-99.000000,-99.000000,-1,1
68475,578772,1051.903702,36729.731843,36729.842015,0, 0, 0, 0,-99.000000,-99.000000,-99.000000,-1,1
68475,578773,1052.113237,36729.941377,36730.051550,1, 0, 0, 1,4.737466,1.405547,17.347765,-1,2
68475,578774,1052.141794,36729.969935,36730.080107,1, 0, 0, 1,-0.985650,7.974364,22.855279,-1,2
68475,578775,1052.246986,36730.075127,36730.185300,1, 0, 0, 1,3.680363,-1.343675,-5.214558,-1,2
68475,578776,1052.348178,36730.176318,36730.286491,1, 0, 0, 1,-3.508341,-5.279079,-13.070246,-1,2
68475,578777,1052.350229,36730.178369,36730.288542,1, 0, 0, 1,5.580578,-2.800023,-2.115210,-1,2
68475,578778,1052.546407,36730.374547,36730.484721,1, 0, 0, 1,-0.206711,-0.796547,-3.896028,-1,2
68475,578779,1052.650834,36730.478974,36730.589148,1, 0, 0, 1,0.445270,6.466660,12.549827,-1,2
68475,578780,1052.798796,36730.626935,36730.737109,0, 0, 0, 0,-99.000000,-99.000000,-99.000000,-1,0
68475,578781,1052.809857,36730.637997,36730.748171,1, 0, 0, 1,2.713189,10.137366,-16.302462,-1,2
68475,578782,1052.930341,36730.758480,36730.868654,0, 0, 0, 0,-99.000000,-99.000000,-99.000000,-1,0
68475,578783,1053.054597,36730.882736,36730.992911,1, 0, 0, 1,-4.190519,-6.948883,-1.913991,-1,2
68475,578784,1053.099893,36730.928032,36731.038207,1, 0, 0, 1,3.826983,-3.998841,-14.238076,-1,2
68475,578785,1053.124373,36730.952511,36731.062686,1, 0, 0, 1,-21.626031,17.145577,-4.421922,-1,2
68475,578786,1053.152525,36730.980663,36731.090838,1, 0, 0, 1,4.553662,-6.501243,8.562082,-1,6
68475,578787,1053.379127,36731.207265,36731.317441,0, 0, 0, 0,-99.000000,-99.000000,-99.000000,-1,1
68475,578788,1053.461917,36731.290055,36731.400231,0, 0, 0, 0,-99.000000,-99.000000,-99.000000,-1,1
68475,578789,1053.514844,36731.342982,36731.453157,1, 0, 0, 1,5.019277,-3.160001,-4.801241,-1,2
68475,578790,1053.536422,36731.364560,36731.474736,0, 0, 0, 0,-99.000000,-99.000000,-99.000000,-1,1
68475,578791,1053.572919,36731.401057,36731.511232,1, 0, 0, 1,-4.476068,5.092332,-13.721423,-1,2
68475,578792,1053.637461,36731.465599,36731.575774,1, 0, 0, 1,0.494168,0.904300,11.285301,-1,2
68475,578793,1053.783836,36731.611973,36731.722150,0, 0, 0, 0,-99.000000,-99.000000,-99.000000,-1,0
68475,578794,1054.243839,36732.071976,36732.182153,0, 0, 0, 0,-99.000000,-99.000000,-99.000000,-1,0
68475,578795,1054.351328,36732.179464,36732.289642,0, 0, 0, 0,-99.000000,-99.000000,-99.000000,-1,0
68475,578796,1054.360404,36732.188541,36732.298718,1, 0, 0, 1,4.470229,0.746110,-16.216162,-1,2
68475,578797,1054.570086,36732.398221,36732.508399,1, 0, 0, 1,-7.245044,5.326484,-9.075006,-1,2
68475,578798,1054.823930,36732.652066,36732.762244,1, 0, 0, 1,-1.319933,7.954531,-12.804962,-1,2
68475,578799,1055.628645,36733.456779,36733.566959,1, 0, 0, 1,8.881614,3.266503,18.383933,-1,2
68475,578800,1055.657884,36733.486018,36733.596198,1, 0, 0, 1,2.742110,-8.436204,-8.737710,-1,2
68475,578801,1055.787886,36733.616019,36733.726199,0, 0, 0, 0,-99.000000,-99.000000,-99.000000,-1,1
68475,578802,1055.850185,36733.678318,36733.788499,1, 0, 0, 1,-4.670002,-6.934681,13.355767,-1,2
68475,578803,1055.917759,36733.745892,36733.856072,1, 0, 0, 1,-1.374399,1.482662,-17.383507,-1,2
68475,578804,1056.012678,36733.840811,36733.950992,1, 0, 0, 1,2.668317,3.198273,9.676695,-1,2
68475,578805,1056.059973,36733.888106,36733.998287,1, 0, 0, 1,1.280773,-3.124931,0.172307,-1,2
68475,578806,1056.123444,36733.951576,36734.061757,1, 0, 0, 1,2.846700,-2.763311,-7.762866,-1,2
68475,578807,1056.164599,36733.992732,36734.102912,1, 0, 0, 1,-5.507754,-0.081884,-11.510576,-1,2
68475,578808,1056.186450,36734.014582,36734.124763,0, 0, 0, 0,-99.000000,-99.000000,-99.000000,-1,1
68475,578809,1056.272300,36734.100432,36734.210613,0, 0, 0, 0,-99.000000,-99.000000,-99.000000,-1,1
68475,578810,1056.293084,36734.121216,36734.231398,0, 0, 0, 0,-99.000000,-99.000000,-99.000000,-1,0
68475,578811,1056.417301,36734.245433,36734.355614,1, 0, 0, 1,5.171119,8.968555,1.730908,-1,2
68475,578812,1056.435506,36734.263638,36734.373819,1, 0, 0, 1,-12.236066,2.527971,-15.652090,-1,2
68475,578813,1056.852015,36734.680146,36734.790328,0, 0, 0, 0,-99.000000,-99.000000,-99.000000,-1,1
68475,578814,1056.921361,36734.749492,36734.859675,0, 0, 0, 0,-99.000000,-99.000000,-99.000000,-1,1
68475,578815,1057.059233,36734.887364,36734.997547,0, 0, 0, 0,-99.000000,-99.000000,-99.000000,-1,1
68475,578816,1057.065071,36734.893202,36735.003385,1, 0, 0, 1,-3.783216,-4.155604,7.586132,-1,2
68475,578817,1057.143264,36734.971395,36735.081578,1, 0, 0, 1,2.795472,6.938059,-6.579966,-1,2
68475,578818,1057.195554,36735.023684,36735.133867,0, 0, 0, 0,-99.000000,-99.000000,-99.000000,-1,1
68475,578819,1057.335964,36735.164094,36735.274277,1, 0, 0, 1,-4.406522,2.608055,15.083441,-1,2
68475,578820,1057.623804,36735.451934,36735.562118,0, 0, 0, 0,-99.000000,-99.000000,-99.000000,-1,1
68475,578821,1057.644503,36735.472632,36735.582816,1, 0, 0, 1,-2.709236,9.581251,7.235270,-1,2
68475,578822,1057.682099,36735.510228,36735.620412,0, 0, 0, 0,-99.000000,-99.000000,-99.000000,-1,1
68475,578823,1057.843710,36735.671839,36735.782023,1, 0, 0, 1,1.009506,3.328909,14.551552,-1,2
68475,578824,1057.947233,36735.775362,36735.885547,0, 0, 0, 0,-99.000000,-99.000000,-99.000000,-1,1
68475,578825,1058.000479,36735.828608,36735.938792,1, 0, 0, 1,6.832593,-4.877868,12.850433,-1,2
68475,578826,1058.010365,36735.838494,36735.948679,1, 0, 0, 1,-9.905306,4.096027,-9.873848,-1,2
68475,578827,1058.066130,36735.894259,36736.004444,0, 0, 0, 0,-99.000000,-99.000000,-99.000000,-1,1
68475,578828,1058.153239,36735.981368,36736.091553,0, 0, 0, 0,-99.000000,-99.000000,-99.000000,-1,1
68475,578829,1058.227027,36736.055155,36736.165340,0, 0, 0, 0,-99.000000,-99.000000,-99.000000,-1,1
68475,578830,1058.246250,36736.074378,36736.184564,1, 0, 0, 1,-4.466510,2.105525,12.648024,-1,2
68475,578831,1058.755192,36736.583319,36736.693505,0, 0, 0, 0,-99.000000,-99.000000,-99.000000,-1,1
68475,578832,1058.763692,36736.591820,36736.702006,0, 0, 0, 0,-99.000000,-99.000000,-99.000000,-1,1
68475,578833,1058.960172,36736.788299,36736.898486,0, 0, 0, 0,-99.000000,-99.000000,-99.000000,-1,1
68475,578834,1058.965472,36736.793599,36736.903785,0, 0, 0, 0,-99.000000,-99.000000,-99.000000,-1,1
68475,578835,1059.050721,36736.878848,36736.989034,0, 0, 0, 0,-99.000000,-99.000000,-99.000000,-1,0
68475,578836,1059.137999,36736.966125,36737.076312,0, 0, 0, 0,-99.000000,-99.000000,-99.000000,-1,1
68475,578837,1059.222674,36737.050800,36737.160988,1, 0, 0, 1,1.259292,-2.144689,13.689184,-1,2
68475,578838,1059.244373,36737.072499,36737.182687,0, 0, 0, 0,-99.000000,-99.000000,-99.000000,-1,1
68475,578839,1059.389283,36737.217409,36737.327597,1, 0, 0, 1,-1.612044,-10.411223,17.866548,-1,2
68475,578840,1059.464863,36737.292989,36737.403177,0, 0, 0, 0,-99.000000,-99.000000,-99.000000,-1,1
68475,578841,1059.550866,36737.378992,36737.489180,1, 0, 0, 1,7.063108,3.728266,-18.515801,-1,2
68475,578842,1059.561040,36737.389166,36737.499354,1, 0, 0, 1,-3.204905,-6.476307,-8.194133,-1,3
68475,578843,1059.681582,36737.509707,36737.619896,1, 0, 0, 1,-6.471320,2.456217,1.201128,-1,2
68475,578844,1059.870232,36737.698357,36737.808545,1, 0, 0, 1,-3.891324,5.724606,-15.126715,-1,2
68475,578845,1059.971823,36737.799948,36737.910137,0, 0, 0, 0,-99.000000,-99.000000,-99.000000,-1,0
68475,578846,1059.979957,36737.808082,36737.918270,0, 0, 0, 0,-99.000000,-99.000000,-99.000000,-1,0
68475,578847,1060.254249,36738.082373,36738.192563,0, 0, 0, 0,-99.000000,-99.000000,-99.000000,-1,1
68475,578848,1060.266794,36738.094918,36738.205107,0, 0, 0, 0,-99.000000,-99.000000,-99.000000,-1,1
68475,578849,1060.290737,36738.118861,36738.229051,1, 0, 0, 1,4.187140,0.738486,19.661613,-1,2
68475,578850,1060.436347,36738.264471,36738.374660,0, 0, 0, 0,-99.000000,-99.000000,-99.000000,-1,1
68475,578851,1060.442652,36738.270776,36738.380966,0, 0, 0, 0,-99.000000,-99.000000,-99.000000,-1,0
68475,578852,1060.442951,36738.271075,36738.381265,1, 0, 0, 1,8.678388,-6.839043,6.231850,-1,2
68475,578853,1060.450670,36738.278794,36738.388984,1, 0, 0, 1,-0.517402,-3.936675,-1.138377,-1,2
68475,578854,1060.496286,36738.324410,36738.434600,1, 0, 0, 1,-1.033445,3.341375,-5.181038,-1,2
68475,578855,1060.514243,36738.342367,36738.452556,1, 0, 0, 1,2.576531,8.034068,18.220924,-1,2
68475,578856,1060.609066,36738.437190,36738.547380,1, 0, 0, 1,0.017408,-2.375716,5.616997,-1,2
68475,578857,1060.682678,36738.510801,36738.620991,1, 0, 0, 1,-1.501168,12.178629,-5.434464,-1,2
68475,578858,1060.729494,36738.557617,36738.667807,1, 0, 0, 1,-2.572425,-0.674350,17.075262,-1,2
68475,578859,1060.738117,36738.566241,36738.676431,0, 0, 0, 0,-99.000000,-99.000000,-99.000000,-1,1
68475,578860,1060.909357,36738.737480,36738.847671,1, 0, 0, 1,2.971012,4.098233,-8.083513,-1,2
68475,578861,1061.202296,36739.030419,36739.140610,0, 0, 0, 0,-99.000000,-99.000000,-99.000000,-1,1
68475,578862,1061.329415,36739.157537,36739.267729,0, 0, 0, 0,-99.000000,-99.000000,-99.000000,-1,1
68475,578863,1061.335686,36739.163808,36739.274000,1, 0, 0, 1,8.186337,3.128623,5.298747,-1,2
68475,578864,1061.450896,36739.279018,36739.389210,1, 0, 0, 1,-1.465303,-2.786445,12.526477,-1,2
68475,578865,1061.557472,36739.385594,36739.495786,0, 0, 0, 0,-99.000000,-99.000000,-99.000000,-1,1
68475,578866,1061.602116,36739.430238,36739.540430,0, 0, 0, 0,-99.000000,-99.000000,-99.000000,-1,1
68475,578867,1061.628239,36739.456360,36739.566552,1, 0, 0, 1,2.577611,-1.893043,6.543095,-1,2
68475,578868,1061.717759,36739.545880,36739.656073,1, 0, 0, 1,0.056125,0.921816,-6.739727,-1,2
68475,578869,1061.822195,36739.650316,36739.760509,1, 0, 0, 1,-2.538626,5.248761,0.089066,-1,2
68475,578870,1061.829087,36739.657209,36739.767401,0, 0, 0, 0,-99.000000,-99.000000,-99.000000,-1,1
68475,578871,1061.954515,36739.782636,36739.892829,0, 0, 0, 0,-99.000000,-99.000000,-99.000000,-1,0
68475,578872,1061.971911,36739.800032,36739.910224,1, 0, 0, 1,3.083915,-1.771876,16.165368,-1,2
68475,578873,1062.181528,36740.009649,36740.119842,0, 0, 0, 0,-99.000000,-99.000000,-99.000000,-1,1
68475,578874,1062.213791,36740.041911,36740.152105,1, 0, 0, 1,-3.148097,4.513267,10.579901,-1,2
68475,578875,1062.215049,36740.043170,36740.153363,0, 0, 0, 0,-99.000000,-99.000000,-99.000000,-1,1
68475,578876,1062.395580,36740.223700,36740.333893,1, 0, 0, 1,-4.943230,-4.991613,8.195980,-1,2
68475,578877,1062.437250,36740.265370,36740.375564,1, 0, 0, 1,-3.016542,-8.528344,-4.216790,-1,2
68475,578878,1062.677826,36740.505945,36740.616139,1, 0, 0, 1,-3.432193,-6.110978,8.907279,-1,2
68475,578879,1062.720854,36740.548973,36740.659167,0, 0, 0, 0,-99.000000,-99.000000,-99.000000,-1,1
68475,578880,1062.793271,36740.621390,36740.731585,1, 0, 0, 1,-3.577942,2.818814,20.514008,-1,2
68475,578881,1062.836175,36740.664294,36740.774489,0, 0, 0, 0,-99.000000,-99.000000,-99.000000,-1,1
68475,578882,1062.947296,36740.775414,36740.885609,0, 0, 0, 0,-99.000000,-99.000000,-99.000000,-1,1
68475,578883,1062.990128,36740.818247,36740.928442,1, 0, 0, 1,0.763637,-6.921430,11.740298,-1,2
68475,578884,1062.995542,36740.823661,36740.933856,1, 0, 0, 1,6.812286,-3.490680,13.102294,-1,2
68475,578885,1063.126873,36740.954992,36741.065187,1, 0, 0, 1,0.110480,-0.683268,-7.419614,-1,2
68475,578886,1063.131838,36740.959957,36741.070152,0, 0, 0, 0,-99.000000,-99.000000,-99.000000,-1,0
68475,578887,1063.383200,36741.211318,36741.321513,0, 0, 0, 0,-99.000000,-99.000000,-99.000000,-1,1
68475,578888,1063.698463,36741.526580,36741.636777,0, 0, 0, 0,-99.000000,-99.000000,-99.000000,-1,1
68475,578889,1063.900633,36741.728750,36741.838947,0, 0, 0, 0,-99.000000,-99.000000,-99.000000,-1,1
68475,578890,1063.985662,36741.813778,36741.923975,1, 0, 0, 1,3.244340,-2.605121,7.462846,-1,2
68475,578891,1063.999497,36741.827613,36741.937810,0, 0, 0, 0,-99.000000,-99.000000,-99.000000,-1,0
68475,578892,1064.023938,36741.852054,36741.962251,1, 0, 0, 1,-14.412170,7.042787,15.498583,-1,2
68475,578893,1064.451948,36742.280063,36742.390261,1, 0, 0, 1,-7.295371,-1.413379,-2.587213,-1,2
68475,578894,1064.525040,36742.353155,36742.463353,1, 0, 0, 1,-5.226087,-2.861362,-9.865690,-1,2
68475,578895,1064.578860,36742.406975,36742.517173,1, 0, 0, 1,-2.690666,-5.274122,-12.119900,-1,2
68475,578896,1064.939809,36742.767924,36742.878123,0, 0, 0, 0,-99.000000,-99.000000,-99.000000,-1,1
68475,578897,1064.941599,36742.769714,36742.879913,1, 0, 0, 1,8.776568,1.217079,-17.073306,-1,2
68475,578898,1065.035926,36742.864041,36742.974240,1, 0, 0, 1,1.721429,-7.639494,17.727874,-1,2
68475,578899,1065.038721,36742.866835,36742.977034,1, 0, 0, 1,-6.790185,3.252426,-11.480680,-1,2
68475,578900,1065.058677,36742.886792,36742.996991,1, 0, 0, 1,-5.638784,-6.128827,2.833079,-1,2
68475,578901,1065.120246,36742.948360,36743.058559,0, 0, 0, 0,-99.000000,-99.000000,-99.000000,-1,0
68475,578902,1065.240225,36743.068339,36743.178538,1, 0, 0, 1,3.225652,3.430790,-0.832345,-1,2
68475,578903,1065.360691,36743.188804,36743.299004,1, 0, 0, 1,3.787918,-5.189204,16.889205,-1,2
68475,578904,1065.369575,36743.197689,36743.307889,0, 0, 0, 0,-99.000000,-99.000000,-99.000000,-1,1
68475,578905,1065.547427,36743.375541,36743.485741,1, 0, 0, 1,5.806888,-3.378754,6.436099,-1,2
68475,578906,1065.692366,36743.520479,36743.630679,1, 0, 0, 1,5.900443,-4.210798,-4.757612,-1,2
68475,578907,1065.803119,36743.631232,36743.741432,0, 0, 0, 0,-99.000000,-99.000000,-99.000000,-1,1
68475,578908,1065.920167,36743.748280,36743.858481,0, 0, 0, 0,-99.000000,-99.000000,-99.000000,-1,1
68475,578909,1066.276910,36744.105022,36744.215224,0, 0, 0, 0,-99.000000,-99.000000,-99.000000,-1,1
68475,578910,1066.326899,36744.155011,36744.265212,1, 0, 0, 1,-6.049818,-11.528510,11.613531,-1,2
68475,578911,1066.476916,36744.305027,36744.415229,0, 0, 0, 0,-99.000000,-99.000000,-99.000000,-1,1
68475,578912,1066.523097,36744.351208,36744.461410,1, 0, 0, 1,-6.343373,5.023053,11.072765,-1,2
68475,578913,1066.568756,36744.396867,36744.507069,0, 0, 0, 0,-99.000000,-99.000000,-99.000000,-1,1
68475,578914,1066.587849,36744.415961,36744.526163,0, 0, 0, 0,-99.000000,-99.000000,-99.000000,-1,1
68475,578915,1066.606864,36744.434975,36744.545177,0, 0, 0, 0,-99.000000,-99.000000,-99.000000,-1,1
68475,578916,1066.774973,36744.603084,36744.713287,0, 0, 0, 0,-99.000000,-99.000000,-99.000000,-1,1
68475,578917,1067.038802,36744.866912,36744.977115,1, 0, 0, 1,7.581825,1.075568,-11.430826,-1,2
68475,578918,1067.186642,36745.014752,36745.124956,1, 0, 0, 1,-2.237445,-2.830678,-9.319235,-1,2
68475,578919,1067.318979,36745.147089,36745.257293,1, 1, 0, 1,2.111602,-0.663773,14.785566,-1,3
68475,578920,1067.343009,36745.171119,36745.281323,0, 0, 0, 0,-99.000000,-99.000000,-99.000000,-1,0
68475,578921,1067.537234,36745.365344,36745.475548,1, 0, 0, 1,-1.488949,-8.334270,-7.503886,-1,2
68475,578922,1067.569469,36745.397579,36745.507783,0, 0, 0, 0,-99.000000,-99.000000,-99.000000,-1,0
68475,578923,1067.572537,36745.400647,36745.510851,0, 0, 0, 0,-99.000000,-99.000000,-99.000000,-1,1
68475,578924,1067.639252,36745.467362,36745.577566,1, 0, 0, 1,7.960209,2.513472,10.071575,-1,2
68475,578925,1067.671782,36745.499891,36745.610095,1, 0, 0, 1,-4.866228,0.505529,8.017554,-1,2
68475,578926,1067.898001,36745.726110,36745.836314,1, 0, 0, 1,-0.094271,3.324753,5.200453,-1,2
68475,578927,1067.954500,36745.782609,36745.892814,1, 0, 0, 1,8.029623,-1.144646,-16.254324,-1,2
68475,578928,1067.996926,36745.825035,36745.935239,1, 0, 0, 1,4.061487,0.091542,-7.822014,-1,2
68475,578929,1068.208084,36746.036192,36746.146398,1, 0, 0, 1,6.734643,-4.785097,-8.439823,-1,2
68475,578930,1068.380849,36746.208956,36746.319162,1, 0, 0, 1,20.577990,5.338280,7.155204,-1,2
68475,578931,1068.459777,36746.287885,36746.398091,1, 0, 0, 1,-1.461027,-3.731695,14.112323,-1,2
68475,578932,1068.550027,36746.378135,36746.488341,1, 0, 0, 1,0.746304,5.998401,-5.967266,-1,2
68475,578933,1068.799835,36746.627942,36746.738149,0, 0, 0, 0,-99.000000,-99.000000,-99.000000,-1,0
68475,578934,1068.890945,36746.719051,36746.829258,0, 0, 0, 0,-99.000000,-99.000000,-99.000000,-1,0
68475,578935,1068.917250,36746.745357,36746.855564,1, 0, 0, 1,0.520326,-5.404438,12.516047,-1,2
68475,578936,1068.974090,36746.802196,36746.912403,1, 0, 0, 1,-2.894045,3.801421,-19.823035,-1,2
68475,578937,1069.020452,36746.848559,36746.958766,1, 0, 0, 1,-1.389030,-5.158477,-14.476234,-1,2
68475,578938,1069.055009,36746.883115,36746.993322,1, 0, 0, 1,-2.142935,0.869011,3.102314,-1,3
68475,578939,1069.055366,36746.883472,36746.993679,0, 0, 0, 0,-99.000000,-99.000000,-99.000000,-1,1
68475,578940,1069.114613,36746.942720,36747.052927,1, 0, 0, 1,1.224596,3.162069,21.066670,-1,2
68475,578941,1069.259133,36747.087239,36747.197447,1, 0, 0, 1,-5.137541,-8.560403,19.428289,-1,2
68475,578942,1069.310921,36747.139027,36747.249234,1, 0, 0, 1,4.998272,6.546140,3.198331,-1,2
68475,578943,1069.402560,36747.230666,36747.340873,0, 0, 0, 0,-99.000000,-99.000000,-99.000000,-1,0
68475,578944,1069.404341,36747.232447,36747.342654,0, 0, 0, 0,-99.000000,-99.000000,-99.000000,-1,1
68475,578945,1069.415174,36747.243279,36747.353487,0, 0, 0, 0,-99.000000,-99.000000,-99.000000,-1,1
68475,578946,1069.429513,36747.257619,36747.367826,1, 0, 0, 1,0.338640,10.676490,-18.052320,-1,2
68475,578947,1069.471252,36747.299357,36747.409565,1, 0, 0, 1,-3.823938,-4.608960,13.639055,-1,2
68475,578948,1069.623810,36747.451915,36747.562123,1, 0, 0, 1,11.275597,10.622368,-1.653030,-1,2
68475,578949,1069.653974,36747.482079,36747.592287,0, 0, 0, 0,-99.000000,-99.000000,-99.000000,-1,1
68475,578950,1069.897741,36747.725846,36747.836054,0, 0, 0, 0,-99.000000,-99.000000,-99.000000,-1,0
68475,578951,1069.903281,36747.731386,36747.841594,0, 0, 0, 0,-99.000000,-99.000000,-99.000000,-1,1
68475,578952,1069.939588,36747.767692,36747.877901,1, 0, 0, 1,-4.447036,1.425889,1.766489,-1,2
68475,578953,1070.136836,36747.964940,36748.075149,1, 0, 0, 1,-3.229889,3.143022,-6.394609,-1,2
68475,578954,1070.245985,36748.074089,36748.184298,1, 0, 0, 1,-4.436469,26.123619,4.518033,-1,2
68475,578955,1070.461481,36748.289584,36748.399794,0, 0, 0, 0,-99.000000,-99.000000,-99.000000,-1,1
68475,578956,1070.493147,36748.321250,36748.431460,1, 0, 0, 1,5.959592,2.856555,-8.728439,-1,2
68475,578957,1070.530312,36748.358415,36748.468625,0, 0, 0, 0,-99.000000,-99.000000,-99.000000,-1,0
68475,578958,1070.566118,36748.394221,36748.504431,1, 0, 0, 1,8.399769,-1.587206,-7.823360,-1,3
68475,578959,1070.660651,36748.488755,36748.598965,1, 0, 0, 1,-5.522831,-3.483007,10.933094,-1,2
68475,578960,1070.722269,36748.550372,36748.660582,1, 0, 0, 1,-2.922539,-2.682897,4.636362,-1,2
68475,578961,1070.730704,36748.558808,36748.669018,0, 0, 0, 0,-99.000000,-99.000000,-99.000000,-1,0
68475,578962,1070.809374,36748.637477,36748.747688,1, 0, 0, 1,-1.048848,-3.601805,-0.615235,-1,2
68475,578963,1070.814771,36748.642874,36748.753084,1, 1, 0, 1,-0.375709,3.429075,21.592641,-1,4
68475,578964,1071.267640,36749.095742,36749.205954,1, 0, 0, 1,4.582957,9.247668,-13.407126,-1,2
68475,578965,1071.281050,36749.109152,36749.219363,1, 0, 0, 1,8.315035,4.429364,-15.687874,-1,4
68475,578966,1071.309274,36749.137376,36749.247588,1, 0, 0, 1,7.716338,-2.806596,-16.303425,-1,2
68475,578967,1071.324286,36749.152388,36749.262600,1, 0, 0, 1,9.783331,5.156824,0.382005,-1,2
68475,578968,1071.385243,36749.213345,36749.323556,1, 0, 0, 1,5.253550,4.247105,-7.203526,-1,2
68475,578969,1071.470011,36749.298112,36749.408324,1, 0, 0, 1,-3.925053,9.708072,-21.125125,-1,2
68475,578970,1071.486617,36749.314718,36749.424930,0, 0, 0, 0,-99.000000,-99.000000,-99.000000,-1,1
68475,578971,1071.538357,36749.366458,36749.476670,0, 0, 0, 0,-99.000000,-99.000000,-99.000000,-1,1
68475,578972,1071.605755,36749.433856,36749.544068,1, 0, 0, 1,5.635853,-2.129405,14.976215,-1,2
68475,578973,1071.881461,36749.709561,36749.819774,1, 0, 0, 1,8.081532,0.920590,-20.432987,-1,2
68475,578974,1072.044440,36749.872540,36749.982753,1, 0, 0, 1,-0.391422,-10.913183,5.902109,-1,2
68475,578975,1072.252774,36750.080874,36750.191088,1, 0, 0, 1,-4.458639,-0.934462,-16.745157,-1,2
68475,578976,1072.446050,36750.274149,36750.384363,1, 0, 0, 1,-5.918594,-2.130209,-14.858986,-1,2
68475,578977,1073.094490,36750.922588,36751.032803,0, 0, 0, 0,-99.000000,-99.000000,-99.000000,-1,1
68475,578978,1073.117805,36750.945904,36751.056119,1, 0, 0, 1,2.053598,7.734229,17.659079,-1,2
68475,578979,1073.155469,36750.983567,36751.093783,1, 0, 0, 1,-5.174361,-3.495271,-18.901566,-1,2
68475,578980,1073.268323,36751.096421,36751.206636,1, 0, 0, 1,-0.249614,-1.004832,17.336311,-1,2
68475,578981,1073.280799,36751.108897,36751.219112,1, 0, 0, 1,5.936683,-2.167293,-1.278182,-1,2
68475,578982,1073.347653,36751.175751,36751.285967,1, 0, 0, 1,-3.963366,1.733919,5.933696,-1,2
68475,578983,1073.363043,36751.191141,36751.301357,1, 0, 0, 1,6.283211,1.442289,3.635581,-1,2
68475,578984,1073.425609,36751.253706,36751.363922,0, 0, 0, 0,-99.000000,-99.000000,-99.000000,-1,1
68475,578985,1073.432567,36751.260664,36751.370880,0, 0, 0, 0,-99.000000,-99.000000,-99.000000,-1,1
68475,578986,1073.499185,36751.327282,36751.437498,1, 0, 0, 1,0.842731,3.614052,18.308160,-1,2
68475,578987,1073.740692,36751.568789,36751.679006,1, 0, 0, 1,8.812492,-0.568426,-4.356090,-1,3
68475,578988,1074.047781,36751.875877,36751.986094,0, 0, 0, 0,-99.000000,-99.000000,-99.000000,-1,1
68475,578989,1074.066012,36751.894108,36752.004325,1, 0, 0, 1,2.553622,1.034346,-7.671225,-1,2
68475,578990,1074.215474,36752.043570,36752.153787,0, 0, 0, 0,-99.000000,-99.000000,-99.000000,-1,0
68475,578991,1074.268868,36752.096964,36752.207182,1, 0, 0, 1,6.098325,5.309794,2.372300,-1,2
68475,578992,1074.344321,36752.172417,36752.282635,0, 0, 0, 0,-99.000000,-99.000000,-99.000000,-1,0
68475,578993,1074.607831,36752.435927,36752.546145,1, 0, 0, 1,8.888698,-7.166112,-13.924521,-1,2
68475,578994,1074.629892,36752.457987,36752.568206,0, 0, 0, 0,-99.000000,-99.000000,-99.000000,-1,1
68475,578995,1074.646598,36752.474693,36752.584911,0, 0, 0, 0,-99.000000,-99.000000,-99.000000,-1,1
68475,578996,1075.134999,36752.963093,36753.073312,0, 0, 0, 0,-99.000000,-99.000000,-99.000000,-1,0
68475,578997,1075.138479,36752.966573,36753.076792,0, 0, 0, 0,-99.000000,-99.000000,-99.000000,-1,1
68475,578998,1075.178277,36753.006371,36753.116591,1, 0, 0, 1,-5.223637,1.289306,8.762690,-1,2
68475,578999,1075.375698,36753.203791,36753.314011,1, 0, 0, 1,5.692645,4.553668,-12.085966,-1,2
68475,579000,1075.377103,36753.205196,36753.315416,0, 0, 0, 0,-99.000000,-99.000000,-99.000000,-1,1
68475,579001,1075.493151,36753.321244,36753.431464,0, 0, 0, 0,-99.000000,-99.000000,-99.000000,-1,1
68475,579002,1075.708369,36753.536462,36753.646683,0, 0, 0, 0,-99.000000,-99.000000,-99.000000,-1,0
68475,579003,1075.913506,36753.741599,36753.851820,1, 0, 0, 1,-6.299765,3.884264,19.658308,-1,2
68475,579004,1076.119337,36753.947429,36754.057650,0, 0, 0, 0,-99.000000,-99.000000,-99.000000,-1,1
68475,579005,1076.143393,36753.971486,36754.081707,1, 0, 0, 1,4.024025,-2.458118,-14.096654,-1,2
68475,579006,1076.252088,36754.080180,36754.190402,1, 0, 0, 1,-5.792072,-0.747732,20.292301,-1,2
68475,579007,1076.378550,36754.206642,36754.316864,0, 0, 0, 0,-99.000000,-99.000000,-99.000000,-1,1
68475,579008,1076.521985,36754.350076,36754.460298,0, 0, 0, 0,-99.000000,-99.000000,-99.000000,-1,1
68475,579009,1076.575439,36754.403530,36754.513752,0, 0, 0, 0,-99.000000,-99.000000,-99.000000,-1,1
68475,579010,1076.686343,36754.514434,36754.624657,1, 0, 0, 1,6.176834,2.727886,4.332168,-1,2
68475,579011,1076.771563,36754.599653,36754.709876,1, 0, 0, 1,6.385151,-4.072034,9.179516,-1,2
68475,579012,1076.870221,36754.698312,36754.808535,1, 0, 0, 1,-6.662847,2.385720,-15.325674,-1,2
68475,579013,1077.119422,36754.947512,36755.057735,1, 0, 0, 1,-1.199269,9.613641,6.072041,-1,3
68475,579014,1077.170216,36754.998306,36755.108530,0, 0, 0, 0,-99.000000,-99.000000,-99.000000,-1,1
68475,579015,1077.176557,36755.004647,36755.114870,1, 0, 0, 1,2.998210,-5.907517,21.833570,-1,2
68475,579016,1077.413312,36755.241401,36755.351625,1, 0, 0, 1,2.722279,-1.834153,-15.403212,-1,2
68475,579017,1077.456745,36755.284835,36755.395059,1, 0, 0, 1,2.024250,1.274740,-14.942314,-1,2
68475,579018,1077.614656,36755.442745,36755.552969,0, 0, 0, 0,-99.000000,-99.000000,-99.000000,-1,1
68475,579019,1078.049373,36755.877461,36755.987687,1, 0, 0, 1,6.772711,0.024242,-11.195829,-1,2
68475,579020,1078.057187,36755.885276,36755.995501,0, 0, 0, 0,-99.000000,-99.000000,-99.000000,-1,0
68475,579021,1078.071173,36755.899262,36756.009487,0, 0, 0, 0,-99.000000,-99.000000,-99.000000,-1,1
68475,579022,1078.107347,36755.935436,36756.045661,0, 0, 0, 0,-99.000000,-99.000000,-99.000000,-1,0
68475,579023,1078.113820,36755.941908,36756.052134,1, 0, 0, 1,4.511931,2.625422,-11.378377,-1,2
68475,579024,1078.387689,36756.215776,36756.326002,1, 0, 0, 1,-2.058651,3.932966,12.836674,-1,2
68475,579025,1078.462410,36756.290497,36756.400723,1, 0, 0, 1,-6.346432,-0.894746,13.323976,-1,2
68475,579026,1078.472246,36756.300333,36756.410560,1, 0, 0, 1,1.211196,-0.108754,15.454929,-1,2
68475,579027,1078.503718,36756.331805,36756.442031,0, 0, 0, 0,-99.000000,-99.000000,-99.000000,-1,1
68475,579028,1078.738092,36756.566179,36756.676405,1, 0, 0, 1,2.045726,2.335783,-8.707866,-1,2
68475,579029,1078.935765,36756.763852,36756.874079,1, 0, 0, 1,-8.249130,0.464903,-21.613261,-1,2
68475,579030,1078.986128,36756.814215,36756.924442,1, 0, 0, 1,8.115855,-0.326377,-20.137065,-1,2
68475,579031,1079.025285,36756.853371,36756.963599,0, 0, 0, 0,-99.000000,-99.000000,-99.000000,-1,1
68475,579032,1079.101649,36756.929735,36757.039962,1, 0, 0, 1,1.414696,6.556328,-16.314274,-1,2
68475,579033,1079.207849,36757.035935,36757.146163,1, 0, 0, 1,-8.174547,-0.960107,-12.800859,-1,2
68475,579034,1079.254369,36757.082455,36757.192683,1, 0, 0, 1,0.299245,-1.832559,4.352157,-1,2
68475,579035,1079.430736,36757.258822,36757.369050,1, 0, 0, 1,-6.148943,-0.702750,-10.024690,-1,2
68475,579036,1079.514902,36757.342987,36757.453215,1, 0, 0, 1,-4.324187,-3.124222,21.490006,-1,2
68475,579037,1079.607550,36757.435635,36757.545863,0, 0, 0, 0,-99.000000,-99.000000,-99.000000,-1,0
68475,579038,1080.004103,36757.832188,36757.942417,1, 0, 0, 1,-1.878272,-2.225519,7.759706,-1,2
68475,579039,1080.267743,36758.095827,36758.206057,0, 0, 0, 0,-99.000000,-99.000000,-99.000000,-1,1
68475,579040,1080.297638,36758.125722,36758.235952,0, 0, 0, 0,-99.000000,-99.000000,-99.000000,-1,1
68475,579041,1080.302801,36758.130885,36758.241115,0, 0, 0, 0,-99.000000,-99.000000,-99.000000,-1,0
68475,579042,1080.419919,36758.248002,36758.358232,1, 0, 0, 1,-1.077095,0.170261,5.655876,-1,2
68475,579043,1080.513177,36758.341260,36758.451491,1, 0, 0, 1,0.547060,3.454701,-20.400212,-1,2
68475,579044,1080.852318,36758.680400,36758.790631,1, 0, 0, 1,4.099718,5.279731,7.129587,-1,2
68475,579045,1081.039224,36758.867306,36758.977537,1, 0, 0, 1,5.817351,-0.666031,10.579570,-1,2
68475,579046,1081.051059,36758.879142,36758.989373,1, 0, 0, 1,-2.405655,-0.946129,14.167683,-1,2
68475,579047,1081.057461,36758.885543,36758.995775,1, 0, 0, 1,3.150381,-2.040177,-11.035036,-1,2
68475,579048,1081.215644,36759.043726,36759.153958,1, 0, 0, 1,-0.323097,4.451301,-0.111062,-1,2
68475,579049,1081.314995,36759.143077,36759.253309,1, 0, 0, 1,-1.248253,2.281275,-18.156272,-1,2
68475,579050,1081.325433,36759.153515,36759.263746,0, 0, 0, 0,-99.000000,-99.000000,-99.000000,-1,1
68475,579051,1081.451486,36759.279568,36759.389800,0, 0, 0, 0,-99.000000,-99.000000,-99.000000,-1,1
68475,579052,1081.839901,36759.667982,36759.778215,1, 0, 0, 1,-4.978250,-2.098498,-10.076570,-1,2
68475,579053,1081.889448,36759.717529,36759.827762,0, 0, 0, 0,-99.000000,-99.000000,-99.000000,-1,0
68475,579054,1081.993625,36759.821705,36759.931938,1, 0, 0, 1,0.795472,1.318291,-14.241178,-1,2
68475,579055,1082.094169,36759.922249,36760.032482,1, 0, 0, 1,1.944571,0.290456,-18.503524,-1,2
68475,579056,1082.203735,36760.031815,36760.142049,0, 0, 0, 0,-99.000000,-99.000000,-99.000000,-1,0
68475,579057,1082.230173,36760.058253,36760.168487,1, 0, 0, 1,5.317354,7.524615,-12.301645,-1,2
68475,579058,1082.366992,36760.195072,36760.305306,1, 0, 0, 1,-1.608435,6.026356,13.146076,-1,2
68475,579059,1082.406182,36760.234261,36760.344495,0, 0, 0, 0,-99.000000,-99.000000,-99.000000,-1,1
68475,579060,1082.538729,36760.366808,36760.477042,0, 0, 0, 0,-99.000000,-99.000000,-99.000000,-1,1
68475,579061,1082.541596,36760.369675,36760.479910,1, 0, 0, 1,4.296647,-6.350295,0.069988,-1,2
68475,579062,1082.640963,36760.469042,36760.579276,1, 0, 0, 1,-1.493787,8.212773,-0.830657,-1,2
68475,579063,1082.652176,36760.480255,36760.590489,1, 0, 0, 1,-4.982176,0.413719,6.664785,-1,2
68475,579064,1082.697072,36760.525151,36760.635386,1, 0, 0, 1,3.783931,-8.285031,-14.843006,-1,2
68475,579065,1082.844044,36760.672122,36760.782357,0, 0, 0, 0,-99.000000,-99.000000,-99.000000,-1,1
68475,579066,1082.931482,36760.759560,36760.869796,0, 0, 0, 0,-99.000000,-99.000000,-99.000000,-1,0
68475,579067,1083.100988,36760.929066,36761.039302,0, 0, 0, 0,-99.000000,-99.000000,-99.000000,-1,0
68475,579068,1083.114312,36760.942390,36761.052625,1, 0, 0, 1,1.494151,-5.677818,6.010334,-1,2
68475,579069,1083.154660,36760.982738,36761.092973,1, 0, 0, 1,3.754269,-2.539924,10.404680,-1,2
68475,579070,1083.223052,36761.051130,36761.161365,0, 0, 0, 0,-99.000000,-99.000000,-99.000000,-1,1
68475,579071,1083.261808,36761.089885,36761.200121,1, 0, 0, 1,1.952609,-7.156208,12.480346,-1,2
68475,579072,1083.289862,36761.117939,36761.228175,0, 0, 0, 0,-99.000000,-99.000000,-99.000000,-1,1
68475,579073,1083.346730,36761.174807,36761.285043,1, 0, 0, 1,2.980570,-7.780647,3.600827,-1,2
68475,579074,1083.349141,36761.177218,36761.287454,1, 0, 0, 1,6.091817,11.086454,1.883765,-1,2
68475,579075,1083.404834,36761.232911,36761.343148,1, 0, 0, 1,1.659220,7.159268,-15.465665,-1,2
68475,579076,1083.507684,36761.335761,36761.445997,1, 0, 0, 1,7.166018,2.493779,2.149073,-1,2
68475,579077,1083.732485,36761.560562,36761.670799,0, 0, 0, 0,-99.000000,-99.000000,-99.000000,-1,1
68475,579078,1083.791480,36761.619556,36761.729793,1, 0, 0, 1,-8.969649,-0.404392,9.532054,-1,2
68475,579079,1083.857583,36761.685659,36761.795896,0, 0, 0, 0,-99.000000,-99.000000,-99.000000,-1,0
68475,579080,1083.860777,36761.688854,36761.799091,1, 0, 0, 1,-7.835705,0.568613,6.619662,-1,2
68475,579081,1083.985117,36761.813193,36761.923431,1, 0, 0, 1,7.332642,0.575668,-9.619601,-1,2
68475,579082,1084.058686,36761.886762,36761.997000,1, 0, 0, 1,-0.033605,1.461883,-3.058365,-1,2
68475,579083,1084.072969,36761.901046,36762.011283,0, 0, 0, 0,-99.000000,-99.000000,-99.000000,-1,0
68475,579084,1084.177467,36762.005543,36762.115781,1, 0, 0, 1,1.107041,-6.637701,-12.594599,-1,2
68475,579085,1084.248807,36762.076883,36762.187121,1, 0, 0, 1,-9.880791,5.706107,-1.847415,-1,4
68475,579086,1084.373471,36762.201546,36762.311784,1, 0, 0, 1,6.343240,9.999998,-15.845690,-1,4
68475,579087,1084.450660,36762.278735,36762.388973,1, 0, 0, 1,-2.427343,-4.260419,-13.169443,-1,2
68475,579088,1084.487353,36762.315428,36762.425667,1, 0, 0, 1,-6.280523,-3.098091,-20.168705,-1,2
68475,579089,1084.611029,36762.439104,36762.549343,0, 0, 0, 0,-99.000000,-99.000000,-99.000000,-1,0
68475,579090,1084.676736,36762.504811,36762.615050,1, 0, 0, 1,-0.404495,-1.061226,9.333645,-1,2
68475,579091,1084.690164,36762.518239,36762.628477,1, 0, 0, 1,2.837182,-5.601528,17.653748,-1,2
68475,579092,1084.911854,36762.739928,36762.850167,1, 0, 0, 1,3.173304,-5.207474,16.019522,-1,2
68475,579093,1085.106637,36762.934711,36763.044951,0, 0, 0, 0,-99.000000,-99.000000,-99.000000,-1,0
68475,579094,1085.113242,36762.941316,36763.051555,1, 0, 0, 1,1.305127,-4.142779,-10.108889,-1,2
68475,579095,1085.358751,36763.186825,36763.297065,1, 0, 0, 1,1.974993,-2.081083,6.214400,-1,3
68475,579096,1085.406767,36763.234841,36763.345081,0, 0, 0, 0,-99.000000,-99.000000,-99.000000,-1,1
68475,579097,1085.779010,36763.607083,36763.717324,0, 0, 0, 0,-99.000000,-99.000000,-99.000000,-1,1
68475,579098,1085.791358,36763.619431,36763.729671,1, 0, 0, 1,8.327332,4.509853,-20.289681,-1,2
68475,579099,1086.010400,36763.838472,36763.948714,1, 0, 0, 1,-2.901493,-4.504171,-16.992047,-1,2
68475,579100,1086.103935,36763.932006,36764.042248,0, 0, 0, 0,-99.000000,-99.000000,-99.000000,-1,1
68475,579101,1086.104763,36763.932835,36764.043077,0, 0, 0, 0,-99.000000,-99.000000,-99.000000,-1,1
68475,579102,1086.613628,36764.441699,36764.551941,1, 0, 0, 1,4.815383,3.734635,-17.827463,-1,2
68475,579103,1086.646080,36764.474151,36764.584393,1, 0, 0, 1,-5.720598,5.384204,-6.368804,-1,2
68475,579104,1086.827998,36764.656069,36764.766312,0, 0, 0, 0,-99.000000,-99.000000,-99.000000,-1,0
68475,579105,1086.842062,36764.670133,36764.780376,0, 0, 0, 0,-99.000000,-99.000000,-99.000000,-1,1
68475,579106,1086.905237,36764.733307,36764.843550,1, 1, 0, 1,-1.843151,3.170549,-20.182575,-1,3
68475,579107,1086.940560,36764.768631,36764.878874,1, 0, 0, 1,-0.005720,0.152659,-9.795951,-1,2
68475,579108,1087.011049,36764.839119,36764.949362,0, 0, 0, 0,-99.000000,-99.000000,-99.000000,-1,1
68475,579109,1087.116360,36764.944430,36765.054673,1, 0, 0, 1,5.833197,1.244948,-4.800694,-1,2
68475,579110,1087.132697,36764.960767,36765.071011,0, 0, 0, 0,-99.000000,-99.000000,-99.000000,-1,0
68475,579111,1087.422358,36765.250427,36765.360671,1, 0, 0, 1,7.730871,0.258925,-12.624728,-1,2
68475,579112,1087.508032,36765.336101,36765.446346,1, 0, 0, 1,-4.470809,-6.518874,16.874760,-1,2
68475,579113,1087.677920,36765.505989,36765.616233,1, 0, 0, 1,4.419886,-9.999981,-16.128329,-1,3
68475,579114,1087.843890,36765.671959,36765.782204,0, 0, 0, 0,-99.000000,-99.000000,-99.000000,-1,1
68475,579115,1087.896702,36765.724770,36765.835015,0, 0, 0, 0,-99.000000,-99.000000,-99.000000,-1,1
68475,579116,1088.244798,36766.072865,36766.183111,0, 0, 0, 0,-99.000000,-99.000000,-99.000000,-1,1
68475,579117,1088.285918,36766.113985,36766.224231,1, 0, 0, 1,6.941482,-4.372834,-19.149396,-1,2
68475,579118,1088.329582,36766.157650,36766.267896,0, 0, 0, 0,-99.000000,-99.000000,-99.000000,-1,0
68475,579119,1088.426399,36766.254466,36766.364712,0, 0, 0, 0,-99.000000,-99.000000,-99.000000,-1,0
68475,579120,1088.492526,36766.320593,36766.430840,0, 0, 0, 0,-99.000000,-99.000000,-99.000000,-1,1
68475,579121,1088.495244,36766.323311,36766.433557,1, 0, 0, 1,-3.097797,-2.109055,-9.190660,-1,2
68475,579122,1088.668873,36766.496940,36766.607186,0, 0, 0, 0,-99.000000,-99.000000,-99.000000,-1,0
68475,579123,1088.752415,36766.580482,36766.690729,1, 0, 0, 1,-2.229479,-7.972530,17.093384,-1,2
68475,579124,1088.766721,36766.594787,36766.705034,0, 0, 0, 0,-99.000000,-99.000000,-99.000000,-1,1
68475,579125,1088.841104,36766.669171,36766.779418,1, 0, 0, 1,1.648197,1.355974,4.080559,-1,2
68475,579126,1088.896849,36766.724916,36766.835163,0, 0, 0, 0,-99.000000,-99.000000,-99.000000,-1,0
68475,579127,1088.906907,36766.734973,36766.845220,1, 0, 0, 1,4.167868,-1.173866,-16.350101,-1,2
68475,579128,1089.295519,36767.123584,36767.233832,1, 0, 0, 1,8.305399,0.511818,-20.889979,-1,2
68475,579129,1089.300916,36767.128982,36767.239230,0, 0, 0, 0,-99.000000,-99.000000,-99.000000,-1,1
68475,579130,1089.414910,36767.242975,36767.353224,0, 0, 0, 0,-99.000000,-99.000000,-99.000000,-1,1
68475,579131,1089.424351,36767.252417,36767.362665,0, 0, 0, 0,-99.000000,-99.000000,-99.000000,-1,1
68475,579132,1089.654954,36767.483018,36767.593267,1, 0, 0, 1,-7.990157,2.234729,-16.119469,-1,2
68475,579133,1089.821002,36767.649066,36767.759315,1, 0, 0, 1,0.510883,-5.412175,4.174630,-1,2
68475,579134,1089.838432,36767.666496,36767.776746,0, 0, 0, 0,-99.000000,-99.000000,-99.000000,-1,1
68475,579135,1089.838493,36767.666558,36767.776807,0, 0, 0, 0,-99.000000,-99.000000,-99.000000,-1,1
68475,579136,1089.851978,36767.680042,36767.790292,1, 0, 0, 1,2.346320,-6.240884,15.861310,-1,2
68475,579137,1090.154673,36767.982737,36768.092987,1, 0, 0, 1,4.615571,-8.105465,20.552850,-1,4
68475,579138,1090.349809,36768.177872,36768.288122,1, 0, 0, 1,0.267201,-1.019102,-16.067440,-1,2
68475,579139,1090.383367,36768.211430,36768.321680,1, 0, 0, 1,-0.774454,1.534456,11.113531,-1,2
68475,579140,1090.422849,36768.250912,36768.361163,0, 0, 0, 0,-99.000000,-99.000000,-99.000000,-1,1
68475,579141,1090.426011,36768.254075,36768.364325,1, 0, 0, 1,-1.688326,-4.354847,12.023277,-1,2
68475,579142,1090.448491,36768.276554,36768.386805,0, 0, 0, 0,-99.000000,-99.000000,-99.000000,-1,0
68475,579143,1090.457763,36768.285826,36768.396076,1, 0, 0, 1,-7.302629,-0.717146,-20.155899,-1,2
68475,579144,1090.521531,36768.349594,36768.459845,1, 0, 0, 1,0.901396,-1.583384,-10.144518,-1,2
68475,579145,1090.532363,36768.360426,36768.470676,1, 0, 0, 1,1.140882,-6.150112,-6.873135,-1,2
68475,579146,1090.627279,36768.455342,36768.565593,1, 0, 0, 1,-5.041481,-5.195989,7.233636,-1,2
68475,579147,1090.649428,36768.477491,36768.587741,1, 0, 0, 1,1.726952,-1.557907,-17.686802,-1,2
68475,579148,1090.710220,36768.538283,36768.648534,0, 0, 0, 0,-99.000000,-99.000000,-99.000000,-1,0
68475,579149,1090.785422,36768.613485,36768.723736,1, 0, 0, 1,1.859948,2.798193,7.002186,-1,2
68475,579150,1090.951028,36768.779091,36768.889342,0, 0, 0, 0,-99.000000,-99.000000,-99.000000,-1,1
68475,579151,1091.357108,36769.185170,36769.295422,0, 0, 0, 0,-99.000000,-99.000000,-99.000000,-1,1
68475,579152,1091.376789,36769.204851,36769.315103,0, 0, 0, 0,-99.000000,-99.000000,-99.000000,-1,1
68475,579153,1091.397305,36769.225366,36769.335618,1, 0, 0, 1,4.083679,0.290750,3.536271,-1,2
68475,579154,1091.416778,36769.244839,36769.355091,0, 0, 0, 0,-99.000000,-99.000000,-99.000000,-1,0
68475,579155,1091.441054,36769.269115,36769.379368,1, 0, 0, 1,-4.192009,1.075274,7.311499,-1,2
68475,579156,1091.457313,36769.285374,36769.395627,1, 0, 0, 1,-0.479645,-2.120864,-4.335876,-1,2
68475,579157,1091.732910,36769.560971,36769.671224,1, 0, 0, 1,-5.779632,2.598024,-15.535329,-1,2
68475,579158,1092.016848,36769.844908,36769.955161,1, 0, 0, 1,6.436062,2.916621,14.641800,-1,2
68475,579159,1092.048220,36769.876280,36769.986533,1, 0, 0, 1,-3.006495,5.989903,-5.964308,-1,2
68475,579160,1092.067777,36769.895837,36770.006091,1, 0, 0, 1,6.735212,-0.704574,-15.734403,-1,2
68475,579161,1092.099473,36769.927533,36770.037787,1, 0, 0, 1,-7.534425,4.282232,11.691422,-1,2
68475,579162,1092.214114,36770.042174,36770.152428,0, 0, 0, 0,-99.000000,-99.000000,-99.000000,-1,1
68475,579163,1092.267098,36770.095157,36770.205411,1, 0, 0, 1,1.747443,-1.251460,-6.992498,-1,2
68475,579164,1092.308449,36770.136508,36770.246762,0, 0, 0, 0,-99.000000,-99.000000,-99.000000,-1,0
68475,579165,1092.411067,36770.239126,36770.349380,1, 0, 0, 1,0.937348,-4.963848,17.314169,-1,2
68475,579166,1092.561683,36770.389742,36770.499996,1, 0, 0, 1,7.199846,0.348147,6.097112,-1,2
68475,579167,1092.590563,36770.418622,36770.528876,1, 0, 0, 1,-3.255509,7.217225,-14.630261,-1,2
68475,579168,1092.602338,36770.430397,36770.540651,0, 0, 0, 0,-99.000000,-99.000000,-99.000000,-1,1
68475,579169,1092.660278,36770.488337,36770.598592,1, 0, 0, 1,-4.079136,2.127484,-4.394016,-1,2
68475,579170,1092.757757,36770.585815,36770.696070,1, 0, 0, 1,0.124942,-9.084647,14.087967,-1,2
68475,579171,1092.803930,36770.631988,36770.742243,0, 0, 0, 0,-99.000000,-99.000000,-99.000000,-1,1
68475,579172,1092.815671,36770.643729,36770.753984,1, 0, 0, 1,7.246580,9.999992,16.155542,-1,3
68475,579173,1093.005371,36770.833429,36770.943685,1, 0, 0, 1,2.626201,2.121999,14.938795,-1,2
68475,579174,1093.082349,36770.910406,36771.020662,1, 0, 0, 1,-6.147398,3.434302,-15.477207,-1,2
68475,579175,1093.240356,36771.068414,36771.178669,0, 0, 0, 0,-99.000000,-99.000000,-99.000000,-1,0
68475,579176,1093.383525,36771.211582,36771.321839,1, 0, 0, 1,4.678551,4.083984,14.199615,-1,2
68475,579177,1093.385191,36771.213248,36771.323505,0, 0, 0, 0,-99.000000,-99.000000,-99.000000,-1,1
68475,579178,1093.731044,36771.559101,36771.669358,0, 0, 0, 0,-99.000000,-99.000000,-99.000000,-1,1
68475,579179,1093.823744,36771.651801,36771.762058,1, 0, 0, 1,0.886405,-6.484248,0.402864,-1,2
68475,579180,1093.963215,36771.791271,36771.901528,1, 0, 0, 1,-0.827153,-1.414371,17.173975,-1,2
68475,579181,1094.332389,36772.160445,36772.270703,0, 0, 0, 0,-99.000000,-99.000000,-99.000000,-1,0
68475,579182,1094.487691,36772.315746,36772.426005,0, 0, 0, 0,-99.000000,-99.000000,-99.000000,-1,0
68475,579183,1094.495565,36772.323620,36772.433879,0, 0, 0, 0,-99.000000,-99.000000,-99.000000,-1,0
68475,579184,1094.506141,36772.334196,36772.444455,0, 0, 0, 0,-99.000000,-99.000000,-99.000000,-1,1
68475,579185,1094.583231,36772.411286,36772.521545,0, 0, 0, 0,-99.000000,-99.000000,-99.000000,-1,0
68475,579186,1094.712300,36772.540355,36772.650614,1, 0, 0, 1,0.612643,-10.208206,14.812717,-1,2
68475,579187,1095.098787,36772.926841,36773.037100,1, 0, 0, 1,-6.202115,1.948940,-9.493665,-1,2
68475,579188,1095.121618,36772.949672,36773.059931,1, 0, 0, 1,0.433983,-5.547368,10.605569,-1,2
68475,579189,1095.320513,36773.148566,36773.258827,0, 0, 0, 0,-99.000000,-99.000000,-99.000000,-1,1
68475,579190,1095.320911,36773.148964,36773.259225,1, 0, 0, 1,5.444340,8.065968,-3.906503,-1,2
68475,579191,1095.327923,36773.155976,36773.266236,1, 0, 0, 1,0.440070,-3.108774,19.078548,-1,2
68475,579192,1095.380829,36773.208882,36773.319143,0, 0, 0, 0,-99.000000,-99.000000,-99.000000,-1,1
68475,579193,1095.394404,36773.222457,36773.332717,1, 0, 0, 1,4.482624,6.029483,-14.468928,-1,2
68475,579194,1095.405097,36773.233150,36773.343410,1, 0, 0, 1,8.474356,-1.840021,9.557052,-1,2
68475,579195,1095.476216,36773.304269,36773.414529,1, 0, 0, 1,-6.335604,-3.057103,8.046825,-1,2
68475,579196,1095.569402,36773.397455,36773.507716,0, 0, 0, 0,-99.000000,-99.000000,-99.000000,-1,1
68475,579197,1095.719782,36773.547834,36773.658095,1, 0, 0, 1,-7.486389,-0.898344,-8.219206,-1,2
68475,579198,1095.754583,36773.582636,36773.692897,0, 0, 0, 0,-99.000000,-99.000000,-99.000000,-1,1
68475,579199,1095.885988,36773.714040,36773.824301,0, 0, 0, 0,-99.000000,-99.000000,-99.000000,-1,0
68475,579200,1095.957184,36773.785236,36773.895497,1, 0, 0, 1,3.487740,-4.124071,-6.834420,-1,2
68475,579201,1096.201656,36774.029708,36774.139970,0, 0, 0, 0,-99.000000,-99.000000,-99.000000,-1,0
68475,579202,1096.470727,36774.298778,36774.409040,1, 0, 0, 1,7.679587,-1.528381,-1.688589,-1,2
68475,579203,1096.554208,36774.382259,36774.492521,1, 0, 0, 1,6.195576,6.841236,3.928255,-1,2
68475,579204,1096.856212,36774.684263,36774.794526,1, 0, 0, 1,0.548353,-1.615418,0.300574,-1,2
68475,579205,1096.940365,36774.768415,36774.878679,0, 0, 0, 0,-99.000000,-99.000000,-99.000000,-1,1
68475,579206,1097.039076,36774.867126,36774.977390,1, 0, 0, 1,11.148140,-4.695631,12.297901,-1,2
68475,579207,1097.145814,36774.973863,36775.084127,0, 0, 0, 0,-99.000000,-99.000000,-99.000000,-1,1
68475,579208,1097.192299,36775.020349,36775.130613,0, 0, 0, 0,-99.000000,-99.000000,-99.000000,-1,1
68475,579209,1097.292119,36775.120168,36775.230432,0, 0, 0, 0,-99.000000,-99.000000,-99.000000,-1,1
68475,579210,1097.855739,36775.683787,36775.794053,0, 0, 0, 0,-99.000000,-99.000000,-99.000000,-1,1
68475,579211,1097.926041,36775.754089,36775.864355,1, 1, 0, 1,-1.000253,2.061113,4.517101,-1,2
68475,579212,1098.136941,36775.964989,36776.075255,1, 0, 0, 1,8.398801,0.932261,-7.097437,-1,2
68475,579213,1098.214884,36776.042931,36776.153197,0, 0, 0, 0,-99.000000,-99.000000,-99.000000,-1,1
68475,579214,1098.663770,36776.491817,36776.602084,0, 0, 0, 0,-99.000000,-99.000000,-99.000000,-1,1
68475,579215,1098.821848,36776.649894,36776.760161,1, 0, 0, 1,-1.027334,-6.702854,-22.754959,-1,2
68475,579216,1098.919638,36776.747684,36776.857951,1, 0, 0, 1,2.008719,-2.247140,12.322969,-1,2
68475,579217,1099.159151,36776.987196,36777.097464,0, 0, 0, 0,-99.000000,-99.000000,-99.000000,-1,1
68475,579218,1099.241029,36777.069074,36777.179342,1, 0, 0, 1,5.434292,-8.878156,8.330277,-1,2
68475,579219,1099.321165,36777.149210,36777.259478,1, 0, 0, 1,2.718092,8.440159,9.333027,-1,2
68475,579220,1099.341319,36777.169364,36777.279632,1, 0, 0, 1,-2.296624,-5.098657,3.528301,-1,2
68475,579221,1099.393166,36777.221212,36777.331480,1, 0, 0, 1,-4.915522,1.910701,-4.384251,-1,2
68475,579222,1099.709582,36777.537627,36777.647896,0, 0, 0, 0,-99.000000,-99.000000,-99.000000,-1,0
68475,579223,1099.977211,36777.805255,36777.915524,1, 0, 0, 1,-8.520340,-2.859311,-6.583331,-1,2
68475,579224,1100.072567,36777.900610,36778.010880,0, 0, 0, 0,-99.000000,-99.000000,-99.000000,-1,1
68475,579225,1100.298515,36778.126558,36778.236828,0, 0, 0, 0,-99.000000,-99.000000,-99.000000,-1,0
68475,579226,1100.378359,36778.206402,36778.316673,0, 0, 0, 0,-99.000000,-99.000000,-99.000000,-1,1
68475,579227,1100.379105,36778.207148,36778.317419,1, 0, 0, 1,3.729034,-1.294226,12.821580,-1,2
68475,579228,1100.497828,36778.325870,36778.436141,1, 0, 0, 1,-3.806843,5.519026,-12.389962,-1,2
68475,579229,1100.514541,36778.342584,36778.452855,1, 0, 0, 1,1.450170,-5.370875,7.039333,-1,2
68475,579230,1100.548832,36778.376875,36778.487146,1, 0, 0, 1,1.773061,5.419573,7.057615,-1,2
68475,579231,1100.818690,36778.646732,36778.757004,1, 0, 0, 1,-5.613157,3.152339,21.746303,-1,2
68475,579232,1100.847398,36778.675440,36778.785712,0, 0, 0, 0,-99.000000,-99.000000,-99.000000,-1,0
68475,579233,1101.214688,36779.042730,36779.153002,1, 0, 0, 1,-5.208723,2.047375,-3.421360,-1,2
68475,579234,1101.269267,36779.097308,36779.207580,1, 0, 0, 1,1.394203,-4.433069,-9.079778,-1,2
68475,579235,1101.269492,36779.097533,36779.207805,1, 0, 0, 1,-2.283724,0.246246,7.602380,-1,3
68475,579236,1101.356288,36779.184329,36779.294602,1, 0, 0, 1,-6.261430,7.801414,-3.686737,-1,2
68475,579237,1101.443825,36779.271866,36779.382139,1, 0, 0, 1,4.858507,-2.457812,-4.518595,-1,2
68475,579238,1101.697490,36779.525530,36779.635803,1, 0, 0, 1,4.391541,2.965334,3.087111,-1,2
68475,579239,1101.712692,36779.540732,36779.651005,1, 0, 0, 1,-6.614362,-1.234352,-8.631050,-1,2
68475,579240,1101.783273,36779.611314,36779.721587,1, 0, 0, 1,-1.721045,-5.735418,-13.882625,-1,2
68475,579241,1101.968710,36779.796750,36779.907024,0, 0, 0, 0,-99.000000,-99.000000,-99.000000,-1,1
68475,579242,1101.976265,36779.804305,36779.914579,1, 0, 0, 1,-5.062031,-4.932851,14.183743,-1,2
68475,579243,1102.086562,36779.914601,36780.024875,1, 0, 0, 1,-1.719686,-1.516395,-13.960775,-1,2
68475,579244,1102.097892,36779.925932,36780.036205,0, 0, 0, 0,-99.000000,-99.000000,-99.000000,-1,0
68475,579245,1102.328502,36780.156541,36780.266815,1, 0, 0, 1,-8.010437,-0.489049,-16.226238,-1,2
68475,579246,1102.537747,36780.365786,36780.476060,1, 0, 0, 1,-0.945230,-8.525071,-2.890957,-1,2
68475,579247,1102.608116,36780.436154,36780.546429,0, 0, 0, 0,-99.000000,-99.000000,-99.000000,-1,1
68475,579248,1102.635709,36780.463747,36780.574022,0, 0, 0, 0,-99.000000,-99.000000,-99.000000,-1,1
68475,579249,1102.756976,36780.585014,36780.695289,0, 0, 0, 0,-99.000000,-99.000000,-99.000000,-1,1
68475,579250,1102.844260,36780.672298,36780.782573,0, 0, 0, 0,-99.000000,-99.000000,-99.000000,-1,1
68475,579251,1102.878935,36780.706973,36780.817248,0, 0, 0, 0,-99.000000,-99.000000,-99.000000,-1,1
68475,579252,1103.086543,36780.914580,36781.024856,1, 0, 0, 1,3.179720,3.279030,-11.730123,-1,2
68475,579253,1103.251355,36781.079392,36781.189669,1, 0, 0, 1,3.074704,-0.747061,14.205574,-1,2
68475,579254,1103.253488,36781.081526,36781.191802,0, 0, 0, 0,-99.000000,-99.000000,-99.000000,-1,1
68475,579255,1103.353722,36781.181759,36781.292035,1, 0, 0, 1,-0.881615,-1.878612,-4.846324,-1,2
68475,579256,1103.354227,36781.182264,36781.292540,0, 0, 0, 0,-99.000000,-99.000000,-99.000000,-1,1
68475,579257,1103.420655,36781.248692,36781.358968,0, 0, 0, 0,-99.000000,-99.000000,-99.000000,-1,1
68475,579258,1103.473541,36781.301578,36781.411855,1, 0, 0, 1,-7.104852,-3.985246,-15.932969,-1,2
68475,579259,1103.745793,36781.573829,36781.684106,1, 0, 0, 1,-2.025291,7.764233,15.027546,-1,2
68475,579260,1103.858718,36781.686755,36781.797032,0, 0, 0, 0,-99.000000,-99.000000,-99.000000,-1,1
68475,579261,1104.005013,36781.833049,36781.943327,0, 0, 0, 0,-99.000000,-99.000000,-99.000000,-1,0
68475,579262,1104.199552,36782.027587,36782.137865,0, 0, 0, 0,-99.000000,-99.000000,-99.000000,-1,1
68475,579263,1104.382811,36782.210846,36782.321125,0, 0, 0, 0,-99.000000,-99.000000,-99.000000,-1,0
68475,579264,1104.704279,36782.532313,36782.642593,0, 0, 0, 0,-99.000000,-99.000000,-99.000000,-1,1
68475,579265,1104.767940,36782.595975,36782.706254,1, 0, 0, 1,-6.602041,-1.319987,7.577622,-1,2
68475,579266,1104.816662,36782.644696,36782.754975,0, 0, 0, 0,-99.000000,-99.000000,-99.000000,-1,1
68475,579267,1104.844333,36782.672367,36782.782646,1, 0, 0, 1,1.697311,-0.109389,-14.412940,-1,2
68475,579268,1104.970639,36782.798673,36782.908953,1, 0, 0, 1,-2.198707,-2.718005,19.736878,-1,2
68475,579269,1105.080343,36782.908377,36783.018657,1, 0, 0, 1,-0.060893,6.478087,-7.000376,-1,2
68475,579270,1105.082894,36782.910928,36783.021208,0, 0, 0, 0,-99.000000,-99.000000,-99.000000,-1,1
68475,579271,1105.101232,36782.929266,36783.039546,1, 0, 0, 1,-4.773962,-0.659935,-13.625073,-1,2
68475,579272,1105.106885,36782.934919,36783.045199,1, 0, 0, 1,5.651228,2.317088,0.493531,-1,2
68475,579273,1105.357427,36783.185460,36783.295740,1, 0, 0, 1,0.973065,-2.823776,-21.057345,-1,2
68475,579274,1105.402020,36783.230053,36783.340333,1, 0, 0, 1,4.166369,-2.646247,-9.756305,-1,2
68475,579275,1105.673733,36783.501766,36783.612047,1, 0, 0, 1,7.795520,1.721446,-14.089292,-1,4
68475,579276,1105.701711,36783.529743,36783.640025,1, 0, 0, 1,5.067987,-2.567311,8.376839,-1,2
68475,579277,1105.722402,36783.550435,36783.660716,1, 0, 0, 1,-8.544217,9.154582,-5.213166,-1,2
68475,579278,1106.402125,36784.230156,36784.340438,1, 0, 0, 1,3.750813,3.225490,-0.208431,-1,2
68475,579279,1106.932226,36784.760256,36784.870539,1, 0, 0, 1,-2.353964,1.870019,3.323713,-1,2
68475,579280,1107.003962,36784.831991,36784.942275,1, 0, 0, 1,-5.201705,0.143971,9.127796,-1,2
68475,579281,1107.010078,36784.838108,36784.948392,1, 0, 0, 1,5.117191,-0.243133,15.779399,-1,2
68475,579282,1107.145916,36784.973945,36785.084230,0, 0, 0, 0,-99.000000,-99.000000,-99.000000,-1,0
68475,579283,1107.172067,36785.000097,36785.110381,1, 0, 0, 1,0.641693,0.632574,-8.143353,-1,2
68475,579284,1107.453232,36785.281261,36785.391546,0, 0, 0, 0,-99.000000,-99.000000,-99.000000,-1,1
68475,579285,1107.485384,36785.313413,36785.423697,0, 0, 0, 0,-99.000000,-99.000000,-99.000000,-1,0
68475,579286,1107.566294,36785.394323,36785.504608,0, 0, 0, 0,-99.000000,-99.000000,-99.000000,-1,1
68475,579287,1107.576556,36785.404585,36785.514870,1, 0, 0, 1,-2.950355,-1.152215,9.518961,-1,2
68475,579288,1107.581914,36785.409942,36785.520227,0, 0, 0, 0,-99.000000,-99.000000,-99.000000,-1,0
68475,579289,1107.731769,36785.559797,36785.670083,1, 0, 0, 1,-0.769258,5.654392,-4.599979,-1,2
68475,579290,1107.759636,36785.587664,36785.697949,1, 0, 0, 1,4.179879,-3.130110,4.055994,-1,2
68475,579291,1107.845650,36785.673678,36785.783964,0, 0, 0, 0,-99.000000,-99.000000,-99.000000,-1,1
68475,579292,1107.889354,36785.717382,36785.827668,0, 0, 0, 0,-99.000000,-99.000000,-99.000000,-1,1
68475,579293,1108.592944,36786.420970,36786.531257,1, 0, 0, 1,3.588334,0.313639,-13.452682,-1,2
68475,579294,1109.133100,36786.961126,36787.071414,0, 0, 0, 0,-99.000000,-99.000000,-99.000000,-1,1
68475,579295,1109.197552,36787.025577,36787.135866,0, 0, 0, 0,-99.000000,-99.000000,-99.000000,-1,0
68475,579296,1109.250453,36787.078479,36787.188767,0, 0, 0, 0,-99.000000,-99.000000,-99.000000,-1,0
68475,579297,1109.358952,36787.186977,36787.297266,1, 0, 0, 1,-5.084969,-2.067073,20.397324,-1,2
68475,579298,1109.566812,36787.394837,36787.505126,1, 0, 0, 1,2.883487,4.293312,-14.972565,-1,2
68475,579299,1109.713729,36787.541754,36787.652043,1, 0, 0, 1,-4.640302,2.679382,15.407784,-1,2
68475,579300,1109.797796,36787.625821,36787.736110,1, 0, 0, 1,4.060356,-0.921049,-1.472254,-1,2
68475,579301,1109.889659,36787.717683,36787.827972,0, 0, 0, 0,-99.000000,-99.000000,-99.000000,-1,0
68475,579302,1109.965901,36787.793925,36787.904215,1, 0, 0, 1,5.216925,-2.927044,8.723669,-1,2
68475,579303,1110.104046,36787.932069,36788.042359,0, 0, 0, 0,-99.000000,-99.000000,-99.000000,-1,1
68475,579304,1110.162501,36787.990525,36788.100815,1, 0, 0, 1,1.149053,-6.125426,-3.313136,-1,2
68475,579305,1110.403581,36788.231604,36788.341895,1, 0, 0, 1,2.685545,-8.129661,11.799537,-1,2
68475,579306,1110.766678,36788.594700,36788.704992,0, 0, 0, 0,-99.000000,-99.000000,-99.000000,-1,1
68475,579307,1110.851966,36788.679988,36788.790280,0, 0, 0, 0,-99.000000,-99.000000,-99.000000,-1,1
68475,579308,1111.276894,36789.104915,36789.215207,1, 0, 0, 1,-6.296655,-0.461795,-12.701082,-1,2
68475,579309,1111.283192,36789.111213,36789.221505,1, 0, 0, 1,5.023991,-7.414541,-13.095480,-1,2
68475,579310,1111.296763,36789.124785,36789.235077,0, 0, 0, 0,-99.000000,-99.000000,-99.000000,-1,1
68475,579311,1111.298011,36789.126032,36789.236325,1, 0, 0, 1,8.958268,0.972620,-14.495551,-1,2
68475,579312,1111.370789,36789.198810,36789.309103,1, 0, 0, 1,-5.602456,-1.011362,9.178083,-1,2
68475,579313,1111.512090,36789.340110,36789.450403,1, 0, 0, 1,-5.292918,2.460118,6.479196,-1,2
68475,579314,1111.697406,36789.525427,36789.635720,1, 0, 0, 1,7.327696,0.820546,-6.319326,-1,2
68475,579315,1111.722936,36789.550956,36789.661249,0, 0, 0, 0,-99.000000,-99.000000,-99.000000,-1,1
68475,579316,1111.845272,36789.673293,36789.783586,1, 0, 0, 1,-4.136826,-3.696157,2.817407,-1,2
68475,579317,1111.911744,36789.739764,36789.850058,0, 0, 0, 0,-99.000000,-99.000000,-99.000000,-1,0
68475,579318,1111.985493,36789.813512,36789.923806,1, 0, 0, 1,-7.695262,2.773792,-7.602901,-1,2
68475,579319,1112.112580,36789.940599,36790.050893,1, 0, 0, 1,0.335212,-4.120009,-10.992689,-1,3
68475,579320,1112.186095,36790.014114,36790.124408,0, 0, 0, 0,-99.000000,-99.000000,-99.000000,-1,1
68475,579321,1112.198773,36790.026793,36790.137087,1, 0, 0, 1,-4.680296,2.318331,18.233478,-1,2
68475,579322,1112.211915,36790.039934,36790.150228,0, 0, 0, 0,-99.000000,-99.000000,-99.000000,-1,1
68475,579323,1112.250478,36790.078498,36790.188792,1, 0, 0, 1,-3.289568,-4.087726,2.026920,-1,2
68475,579324,1112.348014,36790.176033,36790.286327,1, 0, 0, 1,-2.207857,0.060430,-5.372696,-1,2
68475,579325,1112.706861,36790.534880,36790.645175,0, 0, 0, 0,-99.000000,-99.000000,-99.000000,-1,1
68475,579326,1112.786018,36790.614036,36790.724331,1, 0, 0, 1,7.428487,-1.128434,-10.595038,-1,2
68475,579327,1112.827869,36790.655886,36790.766182,1, 0, 0, 1,8.627096,-4.360522,17.944026,-1,2
68475,579328,1112.842383,36790.670402,36790.780697,1, 0, 0, 1,3.281010,-1.658375,12.227525,-1,2
68475,579329,1112.905704,36790.733722,36790.844017,0, 0, 0, 0,-99.000000,-99.000000,-99.000000,-1,0
68475,579330,1112.924039,36790.752056,36790.862352,1, 0, 0, 1,-5.032978,-3.633282,5.221345,-1,2
68475,579331,1112.958615,36790.786633,36790.896929,0, 0, 0, 0,-99.000000,-99.000000,-99.000000,-1,1
68475,579332,1113.028405,36790.856423,36790.966719,0, 0, 0, 0,-99.000000,-99.000000,-99.000000,-1,0
68475,579333,1113.032469,36790.860487,36790.970782,1, 0, 0, 1,3.408070,2.774747,10.753294,-1,7
68475,579334,1113.079954,36790.907972,36791.018268,1, 0, 0, 1,1.608646,1.002360,-11.467683,-1,2
68475,579335,1113.092924,36790.920942,36791.031238,0, 0, 0, 0,-99.000000,-99.000000,-99.000000,-1,0
68475,579336,1113.198360,36791.026377,36791.136673,1, 0, 0, 1,5.903993,-3.254655,7.893899,-1,2
68475,579337,1113.220699,36791.048717,36791.159013,0, 0, 0, 0,-99.000000,-99.000000,-99.000000,-1,1
68475,579338,1113.230545,36791.058562,36791.168859,0, 0, 0, 0,-99.000000,-99.000000,-99.000000,-1,0
68475,579339,1113.405954,36791.233971,36791.344268,1, 0, 0, 1,9.162058,-5.076056,-0.037848,-1,3
68475,579340,1113.501881,36791.329898,36791.440195,0, 0, 0, 0,-99.000000,-99.000000,-99.000000,-1,1
68475,579341,1113.624838,36791.452854,36791.563151,0, 0, 0, 0,-99.000000,-99.000000,-99.000000,-1,0
68475,579342,1113.655617,36791.483634,36791.593931,0, 0, 0, 0,-99.000000,-99.000000,-99.000000,-1,1
68475,579343,1113.667154,36791.495170,36791.605467,1, 0, 0, 1,-4.942082,1.963225,-17.254558,-1,2
68475,579344,1113.745283,36791.573299,36791.683597,1, 0, 0, 1,-6.203497,6.462485,-12.855143,-1,2
68475,579345,1113.755080,36791.583096,36791.693394,1, 0, 0, 1,7.243920,1.347010,18.576064,-1,2
68475,579346,1113.822775,36791.650791,36791.761089,1, 0, 0, 1,0.501889,2.919022,4.259950,-1,2
68475,579347,1113.916794,36791.744810,36791.855107,1, 0, 0, 1,-0.708865,2.657863,11.128011,-1,2
68475,579348,1113.987833,36791.815848,36791.926146,1, 0, 0, 1,7.291682,-3.175253,19.555105,-1,2
68475,579349,1114.118627,36791.946643,36792.056941,0, 0, 0, 0,-99.000000,-99.000000,-99.000000,-1,1
68475,579350,1114.139424,36791.967439,36792.077737,1, 0, 0, 1,2.028535,-0.176696,2.035835,-1,2
68475,579351,1114.148343,36791.976358,36792.086656,0, 0, 0, 0,-99.000000,-99.000000,-99.000000,-1,1
68475,579352,1114.372267,36792.200282,36792.310580,1, 0, 0, 1,-1.623570,-8.895349,4.160754,-1,2
68475,579353,1114.466449,36792.294464,36792.404763,1, 0, 0, 1,-8.756394,4.039873,8.519127,-1,2
68475,579354,1114.552448,36792.380462,36792.490761,0, 0, 0, 0,-99.000000,-99.000000,-99.000000,-1,1
68475,579355,1114.725305,36792.553319,36792.663618,1, 0, 0, 1,4.429148,3.835103,-12.389984,-1,2
68475,579356,1114.924611,36792.752625,36792.862925,1, 0, 0, 1,-2.528486,6.949454,-3.362865,-1,2
68475,579357,1115.032118,36792.860132,36792.970431,1, 0, 0, 1,-1.578765,-5.780045,13.046448,-1,2
68475,579358,1115.143781,36792.971794,36793.082095,1, 0, 0, 1,6.057895,-2.290666,-14.836448,-1,2
68475,579359,1115.184904,36793.012917,36793.123218,1, 0, 0, 1,3.195027,5.688289,11.946740,-1,2
68475,579360,1115.243821,36793.071834,36793.182135,1, 0, 0, 1,11.306770,7.973394,13.270613,-1,2
68475,579361,1115.354826,36793.182839,36793.293140,1, 0, 0, 1,-1.409373,8.286373,1.839934,-1,2
68475,579362,1115.381268,36793.209281,36793.319582,1, 0, 0, 1,4.190508,-7.601061,0.348532,-1,2
68475,579363,1115.518851,36793.346864,36793.457165,1, 0, 0, 1,3.824320,-1.302744,3.291237,-1,2
68475,579364,1115.661723,36793.489735,36793.600036,0, 0, 0, 0,-99.000000,-99.000000,-99.000000,-1,1
68475,579365,1115.763897,36793.591909,36793.702211,1, 0, 0, 1,0.477553,6.950661,10.925959,-1,2
68475,579366,1115.810363,36793.638375,36793.748676,1, 0, 0, 1,6.047358,2.288094,18.484190,-1,2
68475,579367,1115.863986,36793.691998,36793.802299,0, 0, 0, 0,-99.000000,-99.000000,-99.000000,-1,0
68475,579368,1115.948776,36793.776788,36793.887089,0, 0, 0, 0,-99.000000,-99.000000,-99.000000,-1,1
68475,579369,1116.029327,36793.857339,36793.967641,1, 0, 0, 1,6.422567,-0.942452,18.888125,-1,2
68475,579370,1116.068856,36793.896868,36794.007170,1, 0, 0, 1,-2.735797,-5.838506,13.260620,-1,2
68475,579371,1116.096623,36793.924634,36794.034936,1, 0, 0, 1,0.921060,-8.452455,18.633914,-1,2
68475,579372,1116.124776,36793.952787,36794.063089,0, 0, 0, 0,-99.000000,-99.000000,-99.000000,-1,0
68475,579373,1116.398390,36794.226401,36794.336703,1, 0, 0, 1,-8.299632,0.619874,13.977304,-1,2
68475,579374,1116.487423,36794.315434,36794.425737,0, 0, 0, 0,-99.000000,-99.000000,-99.000000,-1,0
68475,579375,1116.496597,36794.324608,36794.434910,0, 0, 0, 0,-99.000000,-99.000000,-99.000000,-1,0
68475,579376,1116.529855,36794.357865,36794.468168,1, 0, 0, 1,4.589703,3.321940,-16.592188,-1,2
68475,579377,1116.849152,36794.677162,36794.787465,0, 0, 0, 0,-99.000000,-99.000000,-99.000000,-1,1
68475,579378,1116.931042,36794.759052,36794.869355,1, 0, 0, 1,3.014514,-8.571639,-8.053245,-1,2
68475,579379,1117.045602,36794.873612,36794.983916,0, 0, 0, 0,-99.000000,-99.000000,-99.000000,-1,0
68475,579380,1117.096204,36794.924213,36795.034517,1, 0, 0, 1,3.771533,6.069659,-2.300280,-1,2
68475,579381,1117.152709,36794.980719,36795.091023,1, 0, 0, 1,4.089314,-4.254765,5.388111,-1,2
68475,579382,1117.460955,36795.288963,36795.399268,1, 0, 0, 1,0.645282,5.862582,19.664034,-1,2
68475,579383,1117.692482,36795.520490,36795.630795,0, 0, 0, 0,-99.000000,-99.000000,-99.000000,-1,0
68475,579384,1117.719529,36795.547537,36795.657843,1, 0, 0, 1,1.581903,-2.309726,7.309091,-1,2
68475,579385,1117.926059,36795.754067,36795.864372,1, 0, 0, 1,1.555548,-1.844162,14.241634,-1,2
68475,579386,1117.975690,36795.803698,36795.914004,1, 0, 0, 1,1.856618,-2.941589,12.832617,-1,2
68475,579387,1118.159195,36795.987202,36796.097509,1, 0, 0, 1,3.047038,-6.830432,6.909286,-1,2
68475,579388,1118.184426,36796.012434,36796.122740,0, 0, 0, 0,-99.000000,-99.000000,-99.000000,-1,0
68475,579389,1118.257138,36796.085145,36796.195452,0, 0, 0, 0,-99.000000,-99.000000,-99.000000,-1,0
68475,579390,1118.510119,36796.338125,36796.448432,0, 0, 0, 0,-99.000000,-99.000000,-99.000000,-1,0
68475,579391,1118.574087,36796.402094,36796.512401,0, 0, 0, 0,-99.000000,-99.000000,-99.000000,-1,1
68475,579392,1118.579663,36796.407670,36796.517977,1, 0, 0, 1,-7.294984,0.127816,8.213332,-1,2
68475,579393,1118.693689,36796.521695,36796.632003,1, 0, 0, 1,1.568403,4.381937,7.227945,-1,2
68475,579394,1118.989270,36796.817276,36796.927584,0, 0, 0, 0,-99.000000,-99.000000,-99.000000,-1,1
68475,579395,1119.046546,36796.874551,36796.984859,1, 0, 0, 1,-2.433486,-2.852434,17.296550,-1,2
68475,579396,1119.056477,36796.884482,36796.994790,1, 0, 0, 1,-1.752169,-0.781773,-5.482133,-1,2
68475,579397,1119.063470,36796.891475,36797.001783,1, 0, 0, 1,5.333195,-2.837340,4.520346,-1,3
68475,579398,1119.155703,36796.983709,36797.094017,0, 0, 0, 0,-99.000000,-99.000000,-99.000000,-1,0
68475,579399,1119.386322,36797.214326,36797.324635,1, 0, 0, 1,6.563664,2.159354,11.659724,-1,2
68475,579400,1119.536196,36797.364200,36797.474509,1, 0, 0, 1,2.814219,4.128118,-4.947350,-1,2
68475,579401,1119.592439,36797.420444,36797.530753,0, 0, 0, 0,-99.000000,-99.000000,-99.000000,-1,1
68475,579402,1119.668290,36797.496294,36797.606603,0, 0, 0, 0,-99.000000,-99.000000,-99.000000,-1,0
68475,579403,1119.757442,36797.585446,36797.695755,0, 0, 0, 0,-99.000000,-99.000000,-99.000000,-1,1
68475,579404,1119.770242,36797.598246,36797.708555,0, 0, 0, 0,-99.000000,-99.000000,-99.000000,-1,0
68475,579405,1119.780081,36797.608085,36797.718394,1, 0, 0, 1,-7.626070,1.443153,3.434898,-1,2
68475,579406,1120.179764,36798.007768,36798.118078,0, 0, 0, 0,-99.000000,-99.000000,-99.000000,-1,1
68475,579407,1120.297452,36798.125455,36798.235765,1, 0, 0, 1,5.654490,-6.141476,1.246534,-1,2
68475,579408,1120.358632,36798.186634,36798.296945,0, 0, 0, 0,-99.000000,-99.000000,-99.000000,-1,1
68475,579409,1120.495399,36798.323401,36798.433712,1, 0, 0, 1,-6.193330,-0.003607,19.007498,-1,2
68475,579410,1120.685704,36798.513706,36798.624017,1, 0, 0, 1,-5.157156,2.430487,12.227306,-1,2
68475,579411,1120.694271,36798.522273,36798.632584,1, 0, 0, 1,-1.523688,-5.504935,11.728453,-1,2
68475,579412,1120.737494,36798.565496,36798.675808,0, 0, 0, 0,-99.000000,-99.000000,-99.000000,-1,0
68475,579413,1120.894147,36798.722149,36798.832461,1, 0, 0, 1,1.027936,-4.253440,13.760163,-1,2
68475,579414,1120.955090,36798.783091,36798.893403,1, 0, 0, 1,3.487116,3.100504,7.946889,-1,2
68475,579415,1121.115787,36798.943788,36799.054100,1, 0, 0, 1,6.246808,6.309610,11.703243,-1,2
68475,579416,1121.261903,36799.089904,36799.200217,0, 0, 0, 0,-99.000000,-99.000000,-99.000000,-1,0
68475,579417,1121.321291,36799.149292,36799.259605,0, 0, 0, 0,-99.000000,-99.000000,-99.000000,-1,1
68475,579418,1121.422064,36799.250065,36799.360377,0, 0, 0, 0,-99.000000,-99.000000,-99.000000,-1,0
68475,579419,1121.449085,36799.277086,36799.387399,1, 0, 0, 1,0.268604,7.654113,-18.291964,-1,2
68475,579420,1121.459367,36799.287368,36799.397681,0, 0, 0, 0,-99.000000,-99.000000,-99.000000,-1,1
68475,579421,1121.473900,36799.301901,36799.412214,0, 0, 0, 0,-99.000000,-99.000000,-99.000000,-1,0
68475,579422,1121.529536,36799.357536,36799.467849,0, 0, 0, 0,-99.000000,-99.000000,-99.000000,-1,1
68475,579423,1121.551624,36799.379625,36799.489938,1, 0, 0, 1,2.076802,-7.321931,-3.945363,-1,2
68475,579424,1121.731518,36799.559518,36799.669832,0, 0, 0, 0,-99.000000,-99.000000,-99.000000,-1,1
68475,579425,1121.731846,36799.559846,36799.670159,1, 0, 0, 1,5.790008,-7.046297,-4.540519,-1,2
68475,579426,1121.813041,36799.641040,36799.751354,1, 0, 0, 1,-7.748267,-1.695667,-22.012450,-1,2
68475,579427,1121.901643,36799.729642,36799.839956,1, 0, 0, 1,-8.574926,2.733551,-15.869496,-1,2
68475,579428,1122.193611,36800.021610,36800.131925,0, 0, 0, 0,-99.000000,-99.000000,-99.000000,-1,0
68475,579429,1122.279283,36800.107282,36800.217597,0, 0, 0, 0,-99.000000,-99.000000,-99.000000,-1,1
68475,579430,1122.479664,36800.307662,36800.417977,0, 0, 0, 0,-99.000000,-99.000000,-99.000000,-1,1
68475,579431,1122.558325,36800.386323,36800.496638,0, 0, 0, 0,-99.000000,-99.000000,-99.000000,-1,1
68475,579432,1122.570724,36800.398722,36800.509038,0, 0, 0, 0,-99.000000,-99.000000,-99.000000,-1,1
68475,579433,1122.745394,36800.573392,36800.683707,0, 0, 0, 0,-99.000000,-99.000000,-99.000000,-1,0
68475,579434,1122.750834,36800.578832,36800.689147,1, 0, 0, 1,-3.286354,-8.468763,-4.886589,-1,2
68475,579435,1122.757002,36800.585000,36800.695316,1, 0, 0, 1,0.186626,-1.220690,3.565082,-1,2
68475,579436,1122.758351,36800.586349,36800.696665,0, 0, 0, 0,-99.000000,-99.000000,-99.000000,-1,0
68475,579437,1122.842346,36800.670344,36800.780660,1, 0, 0, 1,-0.427843,8.877563,15.593908,-1,2
68475,579438,1123.037725,36800.865723,36800.976039,0, 0, 0, 0,-99.000000,-99.000000,-99.000000,-1,1
68475,579439,1123.407298,36801.235294,36801.345611,1, 0, 0, 1,-6.332347,1.841784,11.455320,-1,2
68475,579440,1123.427483,36801.255480,36801.365797,0, 0, 0, 0,-99.000000,-99.000000,-99.000000,-1,1
68475,579441,1123.478305,36801.306301,36801.416618,0, 0, 0, 0,-99.000000,-99.000000,-99.000000,-1,1
68475,579442,1123.499732,36801.327728,36801.438045,1, 0, 0, 1,0.368922,-4.085558,-17.429907,-1,2
68475,579443,1123.690934,36801.518930,36801.629247,0, 0, 0, 0,-99.000000,-99.000000,-99.000000,-1,1
68475,579444,1123.736111,36801.564107,36801.674424,1, 0, 0, 1,-5.573464,3.549532,1.250413,-1,2
68475,579445,1123.865626,36801.693622,36801.803940,0, 0, 0, 0,-99.000000,-99.000000,-99.000000,-1,0
68475,579446,1123.933469,36801.761465,36801.871782,1, 0, 0, 1,-7.240242,-1.384557,4.811242,-1,2
68475,579447,1124.177154,36802.005150,36802.115468,1, 0, 0, 1,6.780513,4.675490,-3.810684,-1,2
68475,579448,1124.191396,36802.019391,36802.129710,1, 0, 0, 1,7.410802,1.028310,-2.512474,-1,2
68475,579449,1124.391210,36802.219205,36802.329523,1, 0, 0, 1,3.883258,4.275910,11.082858,-1,2
68475,579450,1124.491752,36802.319747,36802.430066,0, 0, 0, 0,-99.000000,-99.000000,-99.000000,-1,1
68475,579451,1124.590362,36802.418356,36802.528676,0, 0, 0, 0,-99.000000,-99.000000,-99.000000,-1,1
68475,579452,1124.601973,36802.429967,36802.540286,0, 0, 0, 0,-99.000000,-99.000000,-99.000000,-1,1
68475,579453,1124.650263,36802.478258,36802.588577,0, 0, 0, 0,-99.000000,-99.000000,-99.000000,-1,0
68475,579454,1124.685609,36802.513603,36802.623923,0, 0, 0, 0,-99.000000,-99.000000,-99.000000,-1,1
68475,579455,1125.006583,36802.834576,36802.944896,0, 0, 0, 0,-99.000000,-99.000000,-99.000000,-1,1
68475,579456,1125.202001,36803.029994,36803.140314,1, 0, 0, 1,1.164362,0.473938,-10.602845,-1,2
68475,579457,1125.246151,36803.074144,36803.184464,0, 0, 0, 0,-99.000000,-99.000000,-99.000000,-1,0
68475,579458,1125.267779,36803.095771,36803.206092,1, 0, 0, 1,-4.877689,-3.261035,9.254324,-1,2
68475,579459,1125.346193,36803.174186,36803.284507,1, 0, 0, 1,7.015507,0.404868,-13.166001,-1,2
68475,579460,1125.781337,36803.609328,36803.719650,1, 0, 0, 1,-0.996628,-0.817498,8.493095,-1,2
68475,579461,1125.793457,36803.621449,36803.731771,1, 0, 0, 1,3.313887,0.336492,16.449241,-1,2
68475,579462,1126.133381,36803.961372,36804.071694,0, 0, 0, 0,-99.000000,-99.000000,-99.000000,-1,1
68475,579463,1126.152308,36803.980299,36804.090622,0, 0, 0, 0,-99.000000,-99.000000,-99.000000,-1,1
68475,579464,1126.301874,36804.129865,36804.240188,1, 0, 0, 1,-6.113851,4.757154,-9.440157,-1,2
68475,579465,1126.327986,36804.155977,36804.266300,0, 0, 0, 0,-99.000000,-99.000000,-99.000000,-1,0
68475,579466,1126.519324,36804.347314,36804.457637,0, 0, 0, 0,-99.000000,-99.000000,-99.000000,-1,1
68475,579467,1126.650003,36804.477993,36804.588316,1, 0, 0, 1,-8.081213,3.384629,19.918372,-1,3
68475,579468,1126.683634,36804.511625,36804.621948,1, 0, 0, 1,2.730653,-1.038040,8.277115,-1,2
68475,579469,1126.748572,36804.576561,36804.686885,0, 0, 0, 0,-99.000000,-99.000000,-99.000000,-1,0
68475,579470,1126.794211,36804.622201,36804.732524,1, 0, 0, 1,7.949443,-3.935278,-2.664500,-1,2
68475,579471,1126.913494,36804.741484,36804.851808,1, 0, 0, 1,-7.168618,4.176469,-19.659114,-1,2
68475,579472,1126.989433,36804.817422,36804.927746,1, 0, 0, 1,-0.020852,0.527963,2.580792,-1,2
68475,579473,1127.008523,36804.836512,36804.946836,1, 0, 0, 1,5.088137,4.639589,-3.676571,-1,2
68475,579474,1127.030956,36804.858946,36804.969270,1, 0, 0, 1,-3.480303,6.057205,18.612203,-1,2
68475,579475,1127.094707,36804.922696,36805.033021,1, 0, 0, 1,-7.724802,2.294173,0.269469,-1,2
68475,579476,1127.340959,36805.168948,36805.279273,0, 0, 0, 0,-99.000000,-99.000000,-99.000000,-1,0
68475,579477,1127.346416,36805.174404,36805.284729,0, 0, 0, 0,-99.000000,-99.000000,-99.000000,-1,1
68475,579478,1127.625915,36805.453903,36805.564228,0, 0, 0, 0,-99.000000,-99.000000,-99.000000,-1,1
68475,579479,1127.692843,36805.520831,36805.631157,1, 0, 0, 1,-7.385911,-1.142116,-18.238669,-1,2
68475,579480,1127.701611,36805.529599,36805.639925,0, 0, 0, 0,-99.000000,-99.000000,-99.000000,-1,1
68475,579481,1127.814398,36805.642386,36805.752711,1, 0, 0, 1,-5.740583,3.982055,2.333522,-1,2
68475,579482,1127.821687,36805.649674,36805.760000,0, 0, 0, 0,-99.000000,-99.000000,-99.000000,-1,0
68475,579483,1127.890563,36805.718551,36805.828876,1, 0, 0, 1,-7.647506,2.798428,3.380651,-1,2
68475,579484,1127.966752,36805.794740,36805.905066,1, 0, 0, 1,0.590287,1.546340,-21.246001,-1,2
68475,579485,1128.048895,36805.876883,36805.987209,1, 0, 0, 1,0.206181,2.397219,-10.749763,-1,2
68475,579486,1128.534873,36806.362859,36806.473186,1, 0, 0, 1,2.909671,-1.512618,6.845336,-1,2
68475,579487,1128.946413,36806.774399,36806.884727,1, 0, 0, 1,-4.724355,-4.096988,13.318979,-1,2
68475,579488,1129.350328,36807.178313,36807.288642,1, 0, 0, 1,-8.704273,3.664750,-11.861129,-1,2
68475,579489,1129.434034,36807.262019,36807.372348,1, 0, 0, 1,4.025107,-10.813910,1.252891,-1,2
68475,579490,1129.483835,36807.311820,36807.422149,0, 0, 0, 0,-99.000000,-99.000000,-99.000000,-1,1
68475,579491,1129.594804,36807.422788,36807.533117,1, 0, 0, 1,2.484741,5.196448,17.350421,-1,2
68475,579492,1129.723956,36807.551940,36807.662270,1, 0, 0, 1,-4.576573,5.345896,-7.560327,-1,2
68475,579493,1130.072503,36807.900486,36808.010816,0, 0, 0, 0,-99.000000,-99.000000,-99.000000,-1,1
68475,579494,1130.130990,36807.958973,36808.069304,1, 0, 0, 1,-6.971003,-7.228710,13.672584,-1,2
68475,579495,1130.150502,36807.978485,36808.088815,0, 0, 0, 0,-99.000000,-99.000000,-99.000000,-1,1
68475,579496,1130.330476,36808.158458,36808.268789,1, 0, 0, 1,-2.695822,5.867493,-11.547122,-1,2
68475,579497,1130.465992,36808.293974,36808.404305,0, 0, 0, 0,-99.000000,-99.000000,-99.000000,-1,1
68475,579498,1130.879894,36808.707875,36808.818207,0, 0, 0, 0,-99.000000,-99.000000,-99.000000,-1,1
68475,579499,1130.883983,36808.711964,36808.822296,1, 0, 0, 1,-2.793088,4.942376,11.846732,-1,2
68475,579500,1131.011256,36808.839238,36808.949570,1, 0, 0, 1,4.369499,6.504041,12.872590,-1,2
68475,579501,1131.102737,36808.930718,36809.041051,1, 0, 0, 1,-2.127333,7.125616,-4.443703,-1,2
68475,579502,1131.138685,36808.966666,36809.076998,1, 0, 0, 1,1.944943,0.401322,-0.263280,-1,2
68475,579503,1131.210479,36809.038460,36809.148793,1, 0, 0, 1,-0.734460,4.012908,-5.479103,-1,2
68475,579504,1131.414921,36809.242901,36809.353234,1, 0, 0, 1,-1.249598,-9.215586,-0.068156,-1,2
68475,579505,1131.560079,36809.388059,36809.498392,0, 0, 0, 0,-99.000000,-99.000000,-99.000000,-1,0
68475,579506,1131.601227,36809.429208,36809.539541,1, 0, 0, 1,5.682946,2.483719,-13.375408,-1,2
68475,579507,1131.640770,36809.468750,36809.579084,0, 0, 0, 0,-99.000000,-99.000000,-99.000000,-1,1
68475,579508,1131.684679,36809.512659,36809.622993,0, 0, 0, 0,-99.000000,-99.000000,-99.000000,-1,1
68475,579509,1132.126380,36809.954359,36810.064694,0, 0, 0, 0,-99.000000,-99.000000,-99.000000,-1,1
68475,579510,1132.134889,36809.962868,36810.073203,0, 0, 0, 0,-99.000000,-99.000000,-99.000000,-1,0
68475,579511,1132.255362,36810.083341,36810.193676,1, 0, 0, 1,1.134527,-0.448088,-13.179717,-1,2
68475,579512,1132.308842,36810.136821,36810.247156,1, 0, 0, 1,-1.411407,5.139850,11.442577,-1,2
68475,579513,1132.339991,36810.167969,36810.278304,1, 0, 0, 1,6.462998,0.616480,11.347161,-1,2
68475,579514,1132.345373,36810.173352,36810.283686,0, 0, 0, 0,-99.000000,-99.000000,-99.000000,-1,0
68475,579515,1132.370667,36810.198646,36810.308981,1, 0, 0, 1,5.305621,-0.866172,4.460599,-1,2
68475,579516,1132.376686,36810.204664,36810.314999,1, 0, 0, 1,-0.386456,0.916672,4.241638,-1,2
68475,579517,1132.395698,36810.223677,36810.334012,0, 0, 0, 0,-99.000000,-99.000000,-99.000000,-1,0
68475,579518,1132.513605,36810.341584,36810.451919,1, 0, 0, 1,-7.057211,2.135797,-12.304025,-1,2
68475,579519,1132.550988,36810.378966,36810.489301,0, 0, 0, 0,-99.000000,-99.000000,-99.000000,-1,0
68475,579520,1132.610218,36810.438196,36810.548531,0, 0, 0, 0,-99.000000,-99.000000,-99.000000,-1,1
68475,579521,1132.768023,36810.596001,36810.706336,1, 0, 0, 1,1.411595,-4.445935,10.484237,-1,2
68475,579522,1133.003633,36810.831611,36810.941947,1, 0, 0, 1,4.509564,0.404041,14.533856,-1,2
68475,579523,1133.057372,36810.885349,36810.995685,0, 0, 0, 0,-99.000000,-99.000000,-99.000000,-1,1
68475,579524,1133.117503,36810.945480,36811.055816,1, 0, 0, 1,-2.851204,-8.131842,20.785193,-1,2
68475,579525,1133.214603,36811.042580,36811.152917,0, 0, 0, 0,-99.000000,-99.000000,-99.000000,-1,0
68475,579526,1133.320715,36811.148691,36811.259028,1, 0, 0, 1,-5.299314,3.984214,12.630403,-1,4
68475,579527,1133.452084,36811.280060,36811.390397,1, 0, 0, 1,-5.525351,5.835058,-15.893276,-1,2
68475,579528,1133.510531,36811.338507,36811.448844,0, 0, 0, 0,-99.000000,-99.000000,-99.000000,-1,0
68475,579529,1133.661660,36811.489636,36811.599974,0, 0, 0, 0,-99.000000,-99.000000,-99.000000,-1,1
68475,579530,1133.687799,36811.515775,36811.626112,0, 0, 0, 0,-99.000000,-99.000000,-99.000000,-1,1
68475,579531,1133.975550,36811.803526,36811.913864,0, 0, 0, 0,-99.000000,-99.000000,-99.000000,-1,1
68475,579532,1134.010634,36811.838609,36811.948948,0, 0, 0, 0,-99.000000,-99.000000,-99.000000,-1,1
68475,579533,1134.114333,36811.942308,36812.052647,0, 0, 0, 0,-99.000000,-99.000000,-99.000000,-1,1
68475,579534,1134.126524,36811.954499,36812.064837,0, 0, 0, 0,-99.000000,-99.000000,-99.000000,-1,1
68475,579535,1134.128618,36811.956593,36812.066932,0, 0, 0, 0,-99.000000,-99.000000,-99.000000,-1,0
68475,579536,1134.209773,36812.037748,36812.148086,0, 0, 0, 0,-99.000000,-99.000000,-99.000000,-1,1
68475,579537,1134.456278,36812.284252,36812.394591,1, 1, 0, 1,-3.428299,0.012865,13.187647,-1,2
68475,579538,1134.527587,36812.355562,36812.465901,1, 0, 0, 1,-10.377572,3.143598,11.249412,-1,2
68475,579539,1134.568967,36812.396942,36812.507281,0, 0, 0, 0,-99.000000,-99.000000,-99.000000,-1,1
68475,579540,1134.664509,36812.492483,36812.602823,1, 0, 0, 1,2.428456,-0.698987,-15.248779,-1,2
68475,579541,1134.715000,36812.542974,36812.653314,0, 0, 0, 0,-99.000000,-99.000000,-99.000000,-1,1
68475,579542,1134.812595,36812.640568,36812.750908,1, 0, 0, 1,-4.890742,-6.959672,18.886682,-1,2
68475,579543,1135.029459,36812.857432,36812.967773,0, 0, 0, 0,-99.000000,-99.000000,-99.000000,-1,1
68475,579544,1135.137212,36812.965185,36813.075525,0, 0, 0, 0,-99.000000,-99.000000,-99.000000,-1,1
68475,579545,1135.213624,36813.041597,36813.151938,0, 0, 0, 0,-99.000000,-99.000000,-99.000000,-1,1
68475,579546,1135.274905,36813.102878,36813.213219,0, 0, 0, 0,-99.000000,-99.000000,-99.000000,-1,1
68475,579547,1135.322446,36813.150419,36813.260759,1, 0, 0, 1,-8.725848,2.155071,-1.685650,-1,2
68475,579548,1135.524903,36813.352875,36813.463217,0, 0, 0, 0,-99.000000,-99.000000,-99.000000,-1,0
68475,579549,1135.671056,36813.499028,36813.609369,0, 0, 0, 0,-99.000000,-99.000000,-99.000000,-1,1
68475,579550,1135.678757,36813.506729,36813.617071,1, 0, 0, 1,-5.676144,-0.814764,-20.157918,-1,2
68475,579551,1135.769799,36813.597771,36813.708113,1, 0, 0, 1,-0.169085,1.215459,-0.805926,-1,2
68475,579552,1135.783299,36813.611270,36813.721612,1, 0, 0, 1,-6.664504,1.189877,-0.212009,-1,2
68475,579553,1135.857642,36813.685614,36813.795956,0, 0, 0, 0,-99.000000,-99.000000,-99.000000,-1,0
68475,579554,1136.020892,36813.848863,36813.959205,0, 0, 0, 0,-99.000000,-99.000000,-99.000000,-1,1
68475,579555,1136.042883,36813.870854,36813.981197,1, 0, 0, 1,7.966601,1.938518,5.362527,-1,2
68475,579556,1136.207753,36814.035724,36814.146067,1, 0, 0, 1,3.475575,-1.767129,5.415055,-1,2
68475,579557,1136.230325,36814.058295,36814.168638,1, 0, 0, 1,6.423579,-4.587750,-4.954917,-1,2
68475,579558,1136.386929,36814.214900,36814.325243,0, 0, 0, 0,-99.000000,-99.000000,-99.000000,-1,0
68475,579559,1136.501856,36814.329827,36814.440170,0, 0, 0, 0,-99.000000,-99.000000,-99.000000,-1,0
68475,579560,1136.570340,36814.398310,36814.508653,1, 0, 0, 1,5.274490,-2.139922,1.977514,-1,2
68475,579561,1136.725665,36814.553635,36814.663979,0, 0, 0, 0,-99.000000,-99.000000,-99.000000,-1,0
68475,579562,1136.774560,36814.602530,36814.712874,1, 0, 0, 1,-4.227758,4.144607,3.906978,-1,2
68475,579563,1136.857704,36814.685673,36814.796017,1, 0, 0, 1,2.292121,-3.117632,15.558798,-1,2
68475,579564,1137.020506,36814.848476,36814.958820,1, 0, 0, 1,-5.480725,-2.466713,-0.798298,-1,2
68475,579565,1137.053896,36814.881865,36814.992210,1, 0, 0, 1,-6.372465,15.060304,18.189970,-1,2
68475,579566,1137.225036,36815.053004,36815.163349,0, 0, 0, 0,-99.000000,-99.000000,-99.000000,-1,0
68475,579567,1137.286948,36815.114916,36815.225261,0, 0, 0, 0,-99.000000,-99.000000,-99.000000,-1,0
68475,579568,1137.379098,36815.207067,36815.317412,0, 0, 0, 0,-99.000000,-99.000000,-99.000000,-1,0
68475,579569,1137.412064,36815.240033,36815.350378,1, 0, 0, 1,-3.380549,9.047579,-5.478668,-1,2
68475,579570,1137.636981,36815.464949,36815.575295,1, 0, 0, 1,7.502728,-2.544224,4.534186,-1,2
68475,579571,1137.696695,36815.524663,36815.635008,0, 0, 0, 0,-99.000000,-99.000000,-99.000000,-1,1
68475,579572,1137.842344,36815.670311,36815.780657,1, 0, 0, 1,5.102834,10.128233,-23.406758,-1,2
68475,579573,1137.847444,36815.675412,36815.785758,1, 0, 0, 1,-6.386634,2.946156,-17.778966,-1,2
68475,579574,1137.891497,36815.719464,36815.829810,1, 0, 0, 1,8.305830,1.132417,6.418945,-1,2
68475,579575,1137.976321,36815.804288,36815.914634,1, 0, 0, 1,-1.993132,-3.679334,4.067368,-1,2
68475,579576,1138.183529,36816.011495,36816.121842,1, 1, 0, 1,1.293264,2.362540,9.143148,-1,3
68475,579577,1138.393733,36816.221699,36816.332046,1, 0, 0, 1,7.586124,-1.581166,-12.429550,-1,2
68475,579578,1138.425526,36816.253492,36816.363840,1, 0, 0, 1,8.018727,-0.575316,-1.164791,-1,2
68475,579579,1138.427818,36816.255785,36816.366132,1, 0, 0, 1,-6.096564,-0.291594,-19.956679,-1,2
68475,579580,1138.516592,36816.344558,36816.454905,1, 0, 0, 1,-5.998549,1.251357,10.333242,-1,2
68475,579581,1138.545955,36816.373921,36816.484269,1, 0, 0, 1,-6.428786,3.746318,-4.872840,-1,2
68475,579582,1138.564862,36816.392828,36816.503175,0, 0, 0, 0,-99.000000,-99.000000,-99.000000,-1,0
68475,579583,1138.871754,36816.699719,36816.810067,0, 0, 0, 0,-99.000000,-99.000000,-99.000000,-1,1
68475,579584,1138.913007,36816.740973,36816.851321,0, 0, 0, 0,-99.000000,-99.000000,-99.000000,-1,0
68475,579585,1138.951607,36816.779572,36816.889921,0, 0, 0, 0,-99.000000,-99.000000,-99.000000,-1,0
68475,579586,1138.995086,36816.823052,36816.933400,0, 0, 0, 0,-99.000000,-99.000000,-99.000000,-1,1
68475,579587,1139.140418,36816.968383,36817.078732,0, 0, 0, 0,-99.000000,-99.000000,-99.000000,-1,1
68475,579588,1139.660686,36817.488650,36817.598999,1, 0, 0, 1,2.994618,-7.004788,-15.884768,-1,2
68475,579589,1139.699988,36817.527952,36817.638302,0, 0, 0, 0,-99.000000,-99.000000,-99.000000,-1,1
68475,579590,1139.784922,36817.612886,36817.723235,1, 0, 0, 1,0.566171,7.472910,10.959123,-1,5
68475,579591,1139.831174,36817.659138,36817.769488,0, 0, 0, 0,-99.000000,-99.000000,-99.000000,-1,0
68475,579592,1139.966983,36817.794947,36817.905297,1, 0, 0, 1,-1.120533,-4.280811,18.973847,-1,2
68475,579593,1140.226056,36818.054019,36818.164370,1, 0, 0, 1,-7.638970,4.931633,-7.977273,-1,3
68475,579594,1140.380647,36818.208609,36818.318960,0, 0, 0, 0,-99.000000,-99.000000,-99.000000,-1,0
68475,579595,1140.403094,36818.231056,36818.341407,1, 0, 0, 1,8.846677,-4.648561,20.004403,-1,2
68475,579596,1140.426132,36818.254095,36818.364446,0, 0, 0, 0,-99.000000,-99.000000,-99.000000,-1,0
68475,579597,1140.426602,36818.254565,36818.364916,0, 0, 0, 0,-99.000000,-99.000000,-99.000000,-1,0
68475,579598,1140.445653,36818.273616,36818.383967,0, 0, 0, 0,-99.000000,-99.000000,-99.000000,-1,0
68475,579599,1140.494164,36818.322126,36818.432477,1, 0, 0, 1,-4.755473,-3.137404,17.713255,-1,2
68475,579600,1140.543373,36818.371335,36818.481686,0, 0, 0, 0,-99.000000,-99.000000,-99.000000,-1,0
68475,579601,1140.679672,36818.507634,36818.617985,1, 0, 0, 1,4.678900,5.345191,9.439567,-1,2
68475,579602,1140.885231,36818.713193,36818.823545,0, 0, 0, 0,-99.000000,-99.000000,-99.000000,-1,0
68475,579603,1140.960542,36818.788503,36818.898855,1, 0, 0, 1,4.396124,-4.306255,17.901213,-1,2
68475,579604,1141.074267,36818.902228,36819.012581,1, 0, 0, 1,-0.314187,-2.787683,-15.985321,-1,2
68475,579605,1141.118336,36818.946297,36819.056649,0, 0, 0, 0,-99.000000,-99.000000,-99.000000,-1,1
68475,579606,1141.236949,36819.064910,36819.175263,1, 0, 0, 1,10.740712,5.367079,12.115692,-1,2
68475,579607,1141.277583,36819.105544,36819.215897,1, 0, 0, 1,6.550026,-4.803502,17.124730,-1,2
68475,579608,1141.356450,36819.184410,36819.294763,1, 0, 0, 1,-1.973174,5.046796,-13.944590,-1,2
68475,579609,1141.486452,36819.314412,36819.424765,0, 0, 0, 0,-99.000000,-99.000000,-99.000000,-1,0
68475,579610,1141.621089,36819.449049,36819.559403,1, 0, 0, 1,2.560499,8.180635,3.770257,-1,2
68475,579611,1141.790246,36819.618206,36819.728560,1, 0, 0, 1,4.257642,5.545434,-19.737277,-1,2
68475,579612,1142.303732,36820.131691,36820.242045,1, 0, 0, 1,-4.698445,4.103187,-16.293863,-1,2
68475,579613,1142.351607,36820.179566,36820.289921,0, 0, 0, 0,-99.000000,-99.000000,-99.000000,-1,1
68475,579614,1142.427625,36820.255584,36820.365939,1, 0, 0, 1,-7.810054,1.020355,-14.358751,-1,2
68475,579615,1142.519596,36820.347554,36820.457910,0, 0, 0, 0,-99.000000,-99.000000,-99.000000,-1,1
68475,579616,1142.653967,36820.481925,36820.592280,0, 0, 0, 0,-99.000000,-99.000000,-99.000000,-1,1
68475,579617,1142.887593,36820.715550,36820.825906,0, 0, 0, 0,-99.000000,-99.000000,-99.000000,-1,1
68475,579618,1143.012249,36820.840206,36820.950563,1, 0, 0, 1,-1.431645,-7.214593,-16.541699,-1,3
68475,579619,1143.039008,36820.866965,36820.977322,1, 0, 0, 1,-2.944803,0.583939,4.133238,-1,2
68475,579620,1143.149073,36820.977030,36821.087387,1, 0, 0, 1,-3.734247,4.953111,7.552158,-1,2
68475,579621,1143.176916,36821.004873,36821.115229,1, 0, 0, 1,-2.930343,-9.573026,15.970295,-1,2
68475,579622,1143.241696,36821.069653,36821.180010,1, 0, 0, 1,0.830405,-0.467052,10.547182,-1,2
68475,579623,1143.385273,36821.213229,36821.323586,0, 0, 0, 0,-99.000000,-99.000000,-99.000000,-1,1
68475,579624,1143.623164,36821.451120,36821.561477,1, 0, 0, 1,-3.602887,-4.693635,-3.203770,-1,2
68475,579625,1143.725358,36821.553314,36821.663671,0, 0, 0, 0,-99.000000,-99.000000,-99.000000,-1,1
68475,579626,1143.726039,36821.553995,36821.664353,1, 0, 0, 1,3.677555,2.620667,-12.978702,-1,2
68475,579627,1143.763967,36821.591923,36821.702281,1, 0, 0, 1,3.757174,-0.089061,-16.666556,-1,2
68475,579628,1143.998595,36821.826550,36821.936909,0, 0, 0, 0,-99.000000,-99.000000,-99.000000,-1,0
68475,579629,1144.014295,36821.842250,36821.952608,1, 0, 0, 1,0.326491,5.869650,-7.328717,-1,2
68475,579630,1144.195330,36822.023285,36822.133644,0, 0, 0, 0,-99.000000,-99.000000,-99.000000,-1,1
68475,579631,1144.231989,36822.059944,36822.170303,0, 0, 0, 0,-99.000000,-99.000000,-99.000000,-1,1
68475,579632,1144.274939,36822.102893,36822.213252,1, 0, 0, 1,-4.167062,-7.209764,11.467856,-1,2
68475,579633,1144.389027,36822.216981,36822.327340,1, 0, 0, 1,-6.725936,9.340864,8.784555,-1,2
68475,579634,1144.471944,36822.299898,36822.410257,1, 0, 0, 1,-6.256932,10.378610,8.457539,-1,2
68475,579635,1144.532519,36822.360473,36822.470833,0, 0, 0, 0,-99.000000,-99.000000,-99.000000,-1,1
68475,579636,1144.667619,36822.495573,36822.605933,0, 0, 0, 0,-99.000000,-99.000000,-99.000000,-1,0
68475,579637,1144.784542,36822.612496,36822.722856,0, 0, 0, 0,-99.000000,-99.000000,-99.000000,-1,1
68475,579638,1144.814805,36822.642758,36822.753118,1, 0, 0, 1,-5.604047,-2.051244,-11.274509,-1,2
68475,579639,1144.864213,36822.692166,36822.802526,0, 0, 0, 0,-99.000000,-99.000000,-99.000000,-1,0
68475,579640,1144.923864,36822.751818,36822.862178,1, 0, 0, 1,-8.106300,2.691284,-6.101363,-1,4
68475,579641,1144.931295,36822.759249,36822.869609,0, 0, 0, 0,-99.000000,-99.000000,-99.000000,-1,0
68475,579642,1145.200121,36823.028074,36823.138435,1, 1, 0, 1,-0.783362,3.042929,12.838145,-1,7
68475,579643,1145.279060,36823.107012,36823.217373,1, 0, 0, 1,-4.873966,-1.095908,-15.967121,-1,2
68475,579644,1145.336502,36823.164454,36823.274815,1, 0, 0, 1,-0.732756,1.300367,-15.931516,-1,2
68475,579645,1145.594963,36823.422915,36823.533277,0, 0, 0, 0,-99.000000,-99.000000,-99.000000,-1,1
68475,579646,1145.654500,36823.482452,36823.592814,1, 0, 0, 1,3.572844,6.529150,-2.709766,-1,2
68475,579647,1145.669733,36823.497684,36823.608046,1, 0, 0, 1,-3.008380,7.989995,-20.718251,-1,2
68475,579648,1145.697943,36823.525895,36823.636256,0, 0, 0, 0,-99.000000,-99.000000,-99.000000,-1,1
68475,579649,1145.734058,36823.562009,36823.672371,0, 0, 0, 0,-99.000000,-99.000000,-99.000000,-1,1
68475,579650,1145.776606,36823.604558,36823.714920,0, 0, 0, 0,-99.000000,-99.000000,-99.000000,-1,1
68475,579651,1145.954271,36823.782222,36823.892584,0, 0, 0, 0,-99.000000,-99.000000,-99.000000,-1,1
68475,579652,1146.083866,36823.911817,36824.022179,0, 0, 0, 0,-99.000000,-99.000000,-99.000000,-1,1
68475,579653,1146.452003,36824.279953,36824.390316,1, 0, 0, 1,-0.019226,1.636588,-16.844319,-1,2
68475,579654,1146.459677,36824.287628,36824.397991,1, 0, 0, 1,-3.945004,2.863915,21.993780,-1,2
68475,579655,1146.541140,36824.369090,36824.479454,0, 0, 0, 0,-99.000000,-99.000000,-99.000000,-1,1
68475,579656,1146.748133,36824.576082,36824.686446,0, 0, 0, 0,-99.000000,-99.000000,-99.000000,-1,1
68475,579657,1147.078194,36824.906143,36825.016508,1, 0, 0, 1,-0.119219,-7.167708,-1.794220,-1,2
68475,579658,1147.085049,36824.912998,36825.023363,0, 0, 0, 0,-99.000000,-99.000000,-99.000000,-1,1
68475,579659,1147.088240,36824.916189,36825.026554,0, 0, 0, 0,-99.000000,-99.000000,-99.000000,-1,1
68475,579660,1147.195916,36825.023864,36825.134229,1, 0, 0, 1,-8.004326,3.200298,-2.896001,-1,2
68475,579661,1147.284671,36825.112620,36825.222985,0, 0, 0, 0,-99.000000,-99.000000,-99.000000,-1,1
68475,579662,1147.329057,36825.157005,36825.267370,0, 0, 0, 0,-99.000000,-99.000000,-99.000000,-1,1
68475,579663,1147.471084,36825.299032,36825.409397,1, 0, 0, 1,3.718681,4.310992,-17.145608,-1,2
68475,579664,1147.532397,36825.360345,36825.470710,1, 0, 0, 1,9.564228,-0.802234,-15.408657,-1,2
68475,579665,1147.584416,36825.412364,36825.522730,1, 0, 0, 1,-0.252392,8.278837,-1.636485,-1,2
68475,579666,1147.605447,36825.433395,36825.543760,1, 0, 0, 1,7.977498,6.831123,-10.560149,-1,2
68475,579667,1147.655623,36825.483571,36825.593937,0, 0, 0, 0,-99.000000,-99.000000,-99.000000,-1,0
68475,579668,1147.664118,36825.492066,36825.602432,0, 0, 0, 0,-99.000000,-99.000000,-99.000000,-1,1
68475,579669,1147.691967,36825.519915,36825.630280,1, 0, 0, 1,-2.096847,6.524395,19.821073,-1,2
68475,579670,1147.809839,36825.637786,36825.748152,0, 0, 0, 0,-99.000000,-99.000000,-99.000000,-1,0
68475,579671,1147.899837,36825.727785,36825.838151,0, 0, 0, 0,-99.000000,-99.000000,-99.000000,-1,0
68475,579672,1148.021030,36825.848977,36825.959344,1, 0, 0, 1,0.903227,-9.835192,-14.875967,-1,2
68475,579673,1148.043004,36825.870952,36825.981318,1, 0, 0, 1,4.177287,0.795624,5.958427,-1,2
68475,579674,1148.258314,36826.086261,36826.196628,1, 0, 0, 1,2.275869,5.316127,7.777608,-1,2
68475,579675,1148.308509,36826.136455,36826.246822,1, 0, 0, 1,-0.874868,-9.102135,16.901463,-1,2
68475,579676,1148.320511,36826.148457,36826.258824,1, 0, 0, 1,1.412985,-4.092267,-3.422231,-1,2
68475,579677,1148.349588,36826.177534,36826.287901,1, 0, 0, 1,2.420359,6.158139,17.352105,-1,2
68475,579678,1148.570318,36826.398264,36826.508631,1, 0, 0, 1,1.292847,-7.877972,11.188561,-1,2
68475,579679,1148.581085,36826.409031,36826.519399,1, 0, 0, 1,-2.461022,-2.632697,-16.652533,-1,2
68475,579680,1148.685693,36826.513639,36826.624006,0, 0, 0, 0,-99.000000,-99.000000,-99.000000,-1,1
68475,579681,1148.976070,36826.804015,36826.914383,1, 0, 0, 1,-0.529238,5.592556,2.224715,-1,2
68475,579682,1149.040482,36826.868427,36826.978795,1, 0, 0, 1,-1.610045,6.251295,14.103327,-1,2
68475,579683,1149.155004,36826.982949,36827.093318,1, 0, 0, 1,-2.069564,0.132465,16.750104,-1,2
68475,579684,1149.314087,36827.142031,36827.252400,1, 0, 0, 1,-7.785170,-2.464099,-6.636072,-1,2
68475,579685,1149.350061,36827.178005,36827.288375,1, 0, 0, 1,-0.028482,3.295165,-15.511797,-1,2
68475,579686,1149.416480,36827.244424,36827.354793,1, 0, 0, 1,-5.912618,3.463490,0.272621,-1,2
68475,579687,1149.667933,36827.495877,36827.606246,0, 0, 0, 0,-99.000000,-99.000000,-99.000000,-1,0
68475,579688,1149.735108,36827.563052,36827.673422,0, 0, 0, 0,-99.000000,-99.000000,-99.000000,-1,1
68475,579689,1149.861252,36827.689195,36827.799565,0, 0, 0, 0,-99.000000,-99.000000,-99.000000,-1,1
68475,579690,1149.891500,36827.719444,36827.829814,0, 0, 0, 0,-99.000000,-99.000000,-99.000000,-1,0
68475,579691,1149.916507,36827.744450,36827.854820,0, 0, 0, 0,-99.000000,-99.000000,-99.000000,-1,1
68475,579692,1150.112580,36827.940522,36828.050893,1, 0, 0, 1,-1.863472,-6.728164,20.811012,-1,2
68475,579693,1150.171516,36827.999458,36828.109829,0, 0, 0, 0,-99.000000,-99.000000,-99.000000,-1,1
68475,579694,1150.212493,36828.040436,36828.150806,1, 0, 0, 1,8.095337,-5.307551,-17.481642,-1,2
68475,579695,1150.218677,36828.046619,36828.156990,1, 0, 0, 1,-8.021827,0.125821,-6.994950,-1,2
68475,579696,1150.287065,36828.115008,36828.225379,0, 0, 0, 0,-99.000000,-99.000000,-99.000000,-1,0
68475,579697,1150.491295,36828.319237,36828.429609,1, 0, 0, 1,-6.267244,-2.151723,-20.814817,-1,2
68475,579698,1150.684877,36828.512819,36828.623191,1, 0, 0, 1,5.446251,2.012726,20.163053,-1,2
68475,579699,1150.719861,36828.547803,36828.658175,1, 0, 0, 1,-4.513099,2.687449,13.162629,-1,2
68475,579700,1150.751717,36828.579658,36828.690030,0, 0, 0, 0,-99.000000,-99.000000,-99.000000,-1,1
68475,579701,1150.955117,36828.783058,36828.893431,1, 0, 0, 1,-3.309989,-5.262960,21.905580,-1,2
68475,579702,1150.977495,36828.805436,36828.915809,1, 0, 0, 1,-3.820948,3.494311,6.218385,-1,2
68475,579703,1151.020871,36828.848812,36828.959184,1, 0, 0, 1,7.025977,2.621191,-16.145497,-1,2
68475,579704,1151.113149,36828.941090,36829.051462,0, 0, 0, 0,-99.000000,-99.000000,-99.000000,-1,0
68475,579705,1151.359877,36829.187817,36829.298190,1, 0, 0, 1,6.538659,2.912241,13.372950,-1,2
68475,579706,1151.396633,36829.224573,36829.334946,0, 0, 0, 0,-99.000000,-99.000000,-99.000000,-1,1
68475,579707,1151.420393,36829.248333,36829.358706,0, 0, 0, 0,-99.000000,-99.000000,-99.000000,-1,1
68475,579708,1151.576984,36829.404924,36829.515297,1, 0, 0, 1,-0.432133,6.314321,-12.392906,-1,3
68475,579709,1151.582224,36829.410164,36829.520537,1, 0, 0, 1,4.229197,3.669258,8.093915,-1,2
68475,579710,1151.598858,36829.426797,36829.537171,1, 0, 0, 1,0.631396,-4.248038,1.002601,-1,2
68475,579711,1151.688535,36829.516474,36829.626848,1, 0, 0, 1,0.463637,0.075419,12.957146,-1,2
68475,579712,1151.705338,36829.533278,36829.643651,0, 0, 0, 0,-99.000000,-99.000000,-99.000000,-1,1
68475,579713,1151.749607,36829.577547,36829.687921,0, 0, 0, 0,-99.000000,-99.000000,-99.000000,-1,1
68475,579714,1151.935546,36829.763485,36829.873859,1, 0, 0, 1,-0.066446,1.445216,19.441541,-1,2
68475,579715,1152.046568,36829.874507,36829.984882,0, 0, 0, 0,-99.000000,-99.000000,-99.000000,-1,1
68475,579716,1152.253521,36830.081459,36830.191834,1, 0, 0, 1,7.695250,5.682214,8.919603,-1,2
68475,579717,1152.304955,36830.132893,36830.243268,1, 0, 0, 1,-0.800115,2.839129,-3.822965,-1,2
68475,579718,1152.315941,36830.143879,36830.254254,0, 0, 0, 0,-99.000000,-99.000000,-99.000000,-1,1
68475,579719,1152.401008,36830.228946,36830.339322,1, 0, 0, 1,-0.477439,-2.477151,-2.114670,-1,2
68475,579720,1152.429354,36830.257292,36830.367667,0, 0, 0, 0,-99.000000,-99.000000,-99.000000,-1,1
68475,579721,1152.444681,36830.272619,36830.382994,0, 0, 0, 0,-99.000000,-99.000000,-99.000000,-1,1
68475,579722,1152.706640,36830.534577,36830.644953,1, 0, 0, 1,5.432335,-6.700925,-1.918879,-1,2
68475,579723,1152.803396,36830.631334,36830.741710,1, 0, 0, 1,-6.955294,3.130002,15.383373,-1,2
68475,579724,1153.027368,36830.855305,36830.965681,1, 0, 0, 1,-2.910933,-1.791819,-2.173771,-1,3
68475,579725,1153.506595,36831.334531,36831.444908,1, 0, 0, 1,-0.963780,4.880035,14.990497,-1,2
68475,579726,1153.684287,36831.512222,36831.622600,0, 0, 0, 0,-99.000000,-99.000000,-99.000000,-1,1
68475,579727,1153.809693,36831.637629,36831.748007,1, 0, 0, 1,-5.663516,-2.454745,-16.330524,-1,2
68475,579728,1153.822966,36831.650901,36831.761279,0, 0, 0, 0,-99.000000,-99.000000,-99.000000,-1,1
68475,579729,1153.843404,36831.671339,36831.781717,0, 0, 0, 0,-99.000000,-99.000000,-99.000000,-1,1
68475,579730,1154.188652,36832.016587,36832.126966,0, 0, 0, 0,-99.000000,-99.000000,-99.000000,-1,1
68475,579731,1154.358741,36832.186676,36832.297055,1, 0, 0, 1,4.759778,0.808280,10.283228,-1,2
68475,579732,1154.461985,36832.289919,36832.400299,1, 0, 0, 1,0.270445,8.452684,10.419358,-1,2
68475,579733,1154.472346,36832.300280,36832.410659,1, 0, 0, 1,-2.024517,-8.441515,-18.621828,-1,2
68475,579734,1154.562630,36832.390564,36832.500943,0, 0, 0, 0,-99.000000,-99.000000,-99.000000,-1,0
68475,579735,1154.988053,36832.815986,36832.926367,1, 0, 0, 1,1.113491,3.122045,-7.556129,-1,2
68475,579736,1155.045861,36832.873794,36832.984174,1, 0, 0, 1,5.860937,-3.381049,5.893760,-1,2
68475,579737,1155.115115,36832.943047,36833.053428,1, 0, 0, 1,5.916573,3.457292,6.366940,-1,2
68475,579738,1155.231784,36833.059717,36833.170098,1, 0, 0, 1,-6.328268,5.025894,1.265641,-1,2
68475,579739,1155.256792,36833.084724,36833.195105,0, 0, 0, 0,-99.000000,-99.000000,-99.000000,-1,0
68475,579740,1155.353920,36833.181852,36833.292233,1, 0, 0, 1,-8.405448,3.655070,-11.393677,-1,2
68475,579741,1155.437336,36833.265268,36833.375649,1, 0, 0, 1,3.492889,1.624374,-15.752688,-1,2
68475,579742,1155.536244,36833.364176,36833.474557,0, 0, 0, 0,-99.000000,-99.000000,-99.000000,-1,1
68475,579743,1155.541072,36833.369004,36833.479386,0, 0, 0, 0,-99.000000,-99.000000,-99.000000,-1,1
68475,579744,1155.541550,36833.369482,36833.479864,0, 0, 0, 0,-99.000000,-99.000000,-99.000000,-1,1
68475,579745,1155.728422,36833.556354,36833.666736,1, 1, 1, 1,0.481869,1.664699,-6.435901,-1,6
68475,579746,1155.838950,36833.666881,36833.777263,1, 0, 0, 1,-5.902965,5.286763,22.595647,-1,2
68475,579747,1155.845173,36833.673105,36833.783487,1, 0, 0, 1,12.791810,16.162523,8.799826,-1,2
68475,579748,1155.988243,36833.816174,36833.926556,0, 0, 0, 0,-99.000000,-99.000000,-99.000000,-1,1
68475,579749,1156.116353,36833.944284,36834.054667,0, 0, 0, 0,-99.000000,-99.000000,-99.000000,-1,0
68475,579750,1156.393241,36834.221171,36834.331554,0, 0, 0, 0,-99.000000,-99.000000,-99.000000,-1,1
68475,579751,1156.551820,36834.379750,36834.490134,1, 0, 0, 1,-3.472125,7.374107,-11.601293,-1,2
68475,579752,1156.795149,36834.623078,36834.733462,1, 0, 0, 1,7.276205,11.730259,15.922443,-1,2
68475,579753,1156.835956,36834.663885,36834.774270,1, 0, 0, 1,2.788085,1.352773,-11.504762,-1,2
68475,579754,1156.979907,36834.807836,36834.918220,1, 0, 0, 1,1.834509,-4.107608,18.442962,-1,2
68475,579755,1157.002804,36834.830733,36834.941117,0, 0, 0, 0,-99.000000,-99.000000,-99.000000,-1,1
68475,579756,1157.011287,36834.839216,36834.949601,0, 0, 0, 0,-99.000000,-99.000000,-99.000000,-1,1
68475,579757,1157.191232,36835.019161,36835.129546,0, 0, 0, 0,-99.000000,-99.000000,-99.000000,-1,1
68475,579758,1157.340528,36835.168456,36835.278841,0, 0, 0, 0,-99.000000,-99.000000,-99.000000,-1,0
68475,579759,1157.366668,36835.194596,36835.304981,1, 0, 0, 1,2.475053,2.914968,12.051212,-1,3
68475,579760,1157.393668,36835.221596,36835.331981,1, 1, 0, 1,2.876942,-1.695752,-18.344895,-1,3
68475,579761,1157.411155,36835.239083,36835.349468,0, 0, 0, 0,-99.000000,-99.000000,-99.000000,-1,0
68475,579762,1157.411258,36835.239186,36835.349571,0, 0, 0, 0,-99.000000,-99.000000,-99.000000,-1,0
68475,579763,1157.479935,36835.307863,36835.418249,1, 0, 0, 1,2.972678,-4.207333,-6.285154,-1,2
68475,579764,1157.492300,36835.320228,36835.430613,1, 0, 0, 1,0.406497,3.567628,11.257271,-1,2
68475,579765,1157.515093,36835.343021,36835.453406,0, 0, 0, 0,-99.000000,-99.000000,-99.000000,-1,1
68475,579766,1157.634635,36835.462563,36835.572948,1, 0, 0, 1,-5.232864,-6.882433,22.468136,-1,2
68475,579767,1157.936846,36835.764773,36835.875159,1, 0, 0, 1,2.188793,9.996056,-13.523690,-1,3
68475,579768,1157.978805,36835.806732,36835.917118,0, 0, 0, 0,-99.000000,-99.000000,-99.000000,-1,1
68475,579769,1158.141837,36835.969764,36836.080151,1, 0, 0, 1,-6.191296,5.688195,-4.012472,-1,2
68475,579770,1158.179294,36836.007221,36836.117608,0, 0, 0, 0,-99.000000,-99.000000,-99.000000,-1,1
68475,579771,1158.236212,36836.064138,36836.174525,1, 0, 0, 1,4.776157,-0.194852,-0.346484,-1,2
68475,579772,1158.314887,36836.142813,36836.253200,1, 0, 0, 1,-0.047211,6.976920,-7.433623,-1,2
68475,579773,1158.351040,36836.178966,36836.289354,0, 0, 0, 0,-99.000000,-99.000000,-99.000000,-1,1
68475,579774,1158.404078,36836.232005,36836.342392,0, 0, 0, 0,-99.000000,-99.000000,-99.000000,-1,1
68475,579775,1158.643572,36836.471498,36836.581886,0, 0, 0, 0,-99.000000,-99.000000,-99.000000,-1,1
68475,579776,1158.723395,36836.551321,36836.661709,0, 0, 0, 0,-99.000000,-99.000000,-99.000000,-1,0
68475,579777,1158.734800,36836.562726,36836.673114,1, 0, 0, 1,-6.246501,0.393454,-9.404109,-1,2
68475,579778,1158.789838,36836.617763,36836.728152,0, 0, 0, 0,-99.000000,-99.000000,-99.000000,-1,1
68475,579779,1158.806583,36836.634508,36836.744896,1, 0, 0, 1,4.432716,3.171329,3.201458,-1,2
68475,579780,1158.865843,36836.693768,36836.804156,1, 0, 0, 1,3.407191,7.164462,5.001054,-1,4
68475,579781,1158.888256,36836.716182,36836.826570,1, 0, 0, 1,-0.406752,-3.063774,-2.728700,-1,2
68475,579782,1158.930475,36836.758400,36836.868789,1, 0, 0, 1,-7.731097,4.505914,13.976629,-1,2
68475,579783,1159.026897,36836.854822,36836.965211,1, 0, 0, 1,-8.028872,5.437057,-14.787615,-1,2
68475,579784,1159.056198,36836.884123,36836.994512,1, 0, 0, 1,0.514564,-6.195974,16.582570,-1,2
68475,579785,1159.090979,36836.918903,36837.029292,1, 0, 0, 1,0.599608,3.753548,-4.942906,-1,2
68475,579786,1159.118003,36836.945927,36837.056316,1, 0, 0, 1,-8.026667,-0.514575,-8.222970,-1,2
68475,579787,1159.146810,36836.974735,36837.085123,0, 0, 0, 0,-99.000000,-99.000000,-99.000000,-1,1
68475,579788,1159.291940,36837.119865,36837.230254,1, 0, 0, 1,-3.229045,0.367654,-0.827151,-1,2
68475,579789,1159.298486,36837.126410,36837.236799,1, 0, 0, 1,-0.701282,7.573582,-21.585925,-1,2
68475,579790,1159.680677,36837.508600,36837.618990,0, 0, 0, 0,-99.000000,-99.000000,-99.000000,-1,1
68475,579791,1160.183336,36838.011258,36838.121649,1, 0, 0, 1,4.581970,2.996778,17.235987,-1,2
68475,579792,1160.206491,36838.034414,36838.144804,0, 0, 0, 0,-99.000000,-99.000000,-99.000000,-1,1
68475,579793,1160.736745,36838.564666,36838.675058,1, 0, 0, 1,-0.935780,7.168690,13.466819,-1,2
68475,579794,1160.795358,36838.623279,36838.733671,0, 0, 0, 0,-99.000000,-99.000000,-99.000000,-1,1
68475,579795,1160.843616,36838.671537,36838.781930,0, 0, 0, 0,-99.000000,-99.000000,-99.000000,-1,1
68475,579796,1160.865584,36838.693505,36838.803897,1, 0, 0, 1,-5.706523,-0.263327,8.023862,-1,2
68475,579797,1160.923118,36838.751039,36838.861431,1, 0, 0, 1,-3.992812,3.045087,9.305279,-1,2
68475,579798,1161.066462,36838.894383,36839.004775,0, 0, 0, 0,-99.000000,-99.000000,-99.000000,-1,1
68475,579799,1161.089735,36838.917656,36839.028048,1, 0, 0, 1,4.251565,5.123180,-2.979825,-1,2
68475,579800,1161.168840,36838.996761,36839.107154,1, 0, 0, 1,5.268036,-4.029300,-1.035512,-1,2
68475,579801,1161.286987,36839.114907,36839.225300,1, 0, 0, 1,3.592630,-4.088141,-3.463817,-1,2
68475,579802,1161.296661,36839.124581,36839.234975,1, 0, 0, 1,5.968799,-4.258914,-15.223929,-1,2
68475,579803,1161.313665,36839.141585,36839.251978,1, 0, 0, 1,-8.450360,0.492090,4.000774,-1,2
68475,579804,1161.647404,36839.475323,36839.585717,0, 0, 0, 0,-99.000000,-99.000000,-99.000000,-1,1
68475,579805,1161.665154,36839.493074,36839.603468,1, 0, 0, 1,-6.025419,5.450326,-1.133901,-1,2
68475,579806,1161.748042,36839.575962,36839.686356,1, 0, 0, 1,3.525387,-1.860610,1.104260,-1,2
68475,579807,1161.934236,36839.762156,36839.872550,0, 0, 0, 0,-99.000000,-99.000000,-99.000000,-1,0
68475,579808,1162.088415,36839.916334,36840.026729,0, 0, 0, 0,-99.000000,-99.000000,-99.000000,-1,1
68475,579809,1162.095978,36839.923896,36840.034291,0, 0, 0, 0,-99.000000,-99.000000,-99.000000,-1,1
68475,579810,1162.685075,36840.512993,36840.623388,1, 0, 0, 1,2.000197,-5.171038,-9.042126,-1,2
68475,579811,1162.732346,36840.560263,36840.670659,0, 0, 0, 0,-99.000000,-99.000000,-99.000000,-1,0
68475,579812,1162.748837,36840.576754,36840.687151,1, 0, 0, 1,-2.818988,1.294100,1.886920,-1,2
68475,579813,1162.972724,36840.800641,36840.911037,0, 0, 0, 0,-99.000000,-99.000000,-99.000000,-1,0
68475,579814,1163.027907,36840.855824,36840.966221,0, 0, 0, 0,-99.000000,-99.000000,-99.000000,-1,1
68475,579815,1163.072321,36840.900238,36841.010634,1, 0, 0, 1,-4.036563,-4.044580,-14.312899,-1,2
68475,579816,1163.116120,36840.944037,36841.054434,1, 0, 0, 1,-3.653703,4.496221,16.166324,-1,2
68475,579817,1163.221926,36841.049842,36841.160239,1, 0, 0, 1,-4.959972,6.782635,-11.122870,-1,2
68475,579818,1163.506547,36841.334463,36841.444860,1, 0, 0, 1,-4.055029,-3.166295,9.400455,-1,2
68475,579819,1163.575568,36841.403483,36841.513881,1, 0, 0, 1,3.443430,5.533439,3.020972,-1,2
68475,579820,1163.652607,36841.480523,36841.590921,1, 0, 0, 1,-0.778124,-1.045435,-18.313921,-1,2
68475,579821,1163.654286,36841.482202,36841.592600,0, 0, 0, 0,-99.000000,-99.000000,-99.000000,-1,1
68475,579822,1163.703926,36841.531842,36841.642240,0, 0, 0, 0,-99.000000,-99.000000,-99.000000,-1,0
68475,579823,1163.750416,36841.578331,36841.688729,0, 0, 0, 0,-99.000000,-99.000000,-99.000000,-1,1
68475,579824,1163.816277,36841.644192,36841.754591,0, 0, 0, 0,-99.000000,-99.000000,-99.000000,-1,1
68475,579825,1163.874396,36841.702311,36841.812709,1, 0, 0, 1,-2.717650,5.186821,-16.088501,-1,2
68475,579826,1163.898483,36841.726398,36841.836797,0, 0, 0, 0,-99.000000,-99.000000,-99.000000,-1,1
68475,579827,1163.987553,36841.815468,36841.925867,1, 0, 0, 1,-0.382242,2.053622,-12.485546,-1,2
68475,579828,1164.112070,36841.939985,36842.050383,0, 0, 0, 0,-99.000000,-99.000000,-99.000000,-1,0
68475,579829,1164.372507,36842.200422,36842.310821,0, 0, 0, 0,-99.000000,-99.000000,-99.000000,-1,0
68475,579830,1164.445975,36842.273889,36842.384289,0, 0, 0, 0,-99.000000,-99.000000,-99.000000,-1,1
68475,579831,1164.465928,36842.293842,36842.404241,1, 0, 0, 1,1.804339,-4.641199,-6.808897,-1,2
68475,579832,1164.478458,36842.306371,36842.416771,1, 0, 0, 1,4.595779,-3.057556,5.614525,-1,2
68475,579833,1164.693073,36842.520987,36842.631387,1, 0, 0, 1,-1.480778,2.840452,8.173685,-1,2
68475,579834,1164.779840,36842.607754,36842.718154,0, 0, 0, 0,-99.000000,-99.000000,-99.000000,-1,1
68475,579835,1165.157024,36842.984937,36843.095338,1, 0, 0, 1,-7.242404,0.017400,-7.692646,-1,2
68475,579836,1165.271745,36843.099657,36843.210058,1, 0, 0, 1,-4.113099,7.629099,-2.594759,-1,2
68475,579837,1165.378114,36843.206026,36843.316427,0, 0, 0, 0,-99.000000,-99.000000,-99.000000,-1,0
68475,579838,1165.464920,36843.292832,36843.403234,0, 0, 0, 0,-99.000000,-99.000000,-99.000000,-1,0
68475,579839,1165.665227,36843.493138,36843.603540,0, 0, 0, 0,-99.000000,-99.000000,-99.000000,-1,1
68475,579840,1165.677723,36843.505635,36843.616037,0, 0, 0, 0,-99.000000,-99.000000,-99.000000,-1,1
68475,579841,1165.710019,36843.537931,36843.648333,1, 0, 0, 1,1.247603,-9.287428,16.341729,-1,2
68475,579842,1165.782823,36843.610735,36843.721137,0, 0, 0, 0,-99.000000,-99.000000,-99.000000,-1,1
68475,579843,1165.929322,36843.757233,36843.867636,1, 0, 0, 1,3.205110,-0.301975,-13.861003,-1,2
68475,579844,1165.933548,36843.761459,36843.871862,0, 0, 0, 0,-99.000000,-99.000000,-99.000000,-1,1
68475,579845,1165.957452,36843.785363,36843.895766,0, 0, 0, 0,-99.000000,-99.000000,-99.000000,-1,1
68475,579846,1165.959195,36843.787106,36843.897508,1, 0, 0, 1,0.516242,2.686910,15.658834,-1,2
68475,579847,1165.988580,36843.816491,36843.926893,1, 1, 0, 1,1.809409,-1.479681,-9.850419,-1,3
68475,579848,1166.023844,36843.851754,36843.962157,0, 0, 0, 0,-99.000000,-99.000000,-99.000000,-1,1
68475,579849,1166.056543,36843.884454,36843.994857,0, 0, 0, 0,-99.000000,-99.000000,-99.000000,-1,1
68475,579850,1166.159926,36843.987837,36844.098240,1, 0, 0, 1,-3.141063,4.163091,3.612483,-1,2
68475,579851,1166.183000,36844.010910,36844.121313,1, 0, 0, 1,4.516278,3.147949,-0.767468,-1,2
68475,579852,1166.462949,36844.290858,36844.401262,1, 0, 0, 1,-4.601793,2.435299,-1.873126,-1,2
68475,579853,1166.476782,36844.304692,36844.415096,1, 0, 0, 1,-3.700301,-2.725641,18.906097,-1,2
68475,579854,1166.550627,36844.378537,36844.488941,0, 0, 0, 0,-99.000000,-99.000000,-99.000000,-1,1
68475,579855,1166.603537,36844.431447,36844.541851,0, 0, 0, 0,-99.000000,-99.000000,-99.000000,-1,1
68475,579856,1166.636530,36844.464439,36844.574843,0, 0, 0, 0,-99.000000,-99.000000,-99.000000,-1,0
68475,579857,1166.934792,36844.762701,36844.873106,1, 0, 0, 1,2.728956,-9.856822,10.355280,-1,2
68475,579858,1167.051587,36844.879496,36844.989901,1, 0, 0, 1,-0.926030,-4.766179,-5.374091,-1,2
68475,579859,1167.100896,36844.928805,36845.039210,0, 0, 0, 0,-99.000000,-99.000000,-99.000000,-1,1
68475,579860,1167.378374,36845.206282,36845.316687,0, 0, 0, 0,-99.000000,-99.000000,-99.000000,-1,1
68475,579861,1167.607398,36845.435306,36845.545712,0, 0, 0, 0,-99.000000,-99.000000,-99.000000,-1,0
68475,579862,1167.904867,36845.732774,36845.843181,0, 0, 0, 0,-99.000000,-99.000000,-99.000000,-1,1
68475,579863,1167.957140,36845.785047,36845.895454,0, 0, 0, 0,-99.000000,-99.000000,-99.000000,-1,1
68475,579864,1168.178706,36846.006612,36846.117019,0, 0, 0, 0,-99.000000,-99.000000,-99.000000,-1,1
68475,579865,1168.185452,36846.013358,36846.123765,1, 0, 0, 1,-6.948250,0.514370,-10.622262,-1,2
68475,579866,1168.658936,36846.486842,36846.597250,1, 0, 0, 1,3.022390,3.693756,1.798185,-1,2
68475,579867,1168.662712,36846.490618,36846.601026,1, 0, 0, 1,1.595089,-8.794410,-5.229849,-1,2
68475,579868,1168.682049,36846.509955,36846.620363,1, 0, 0, 1,1.068779,5.509809,-10.278402,-1,2
68475,579869,1168.703901,36846.531806,36846.642214,0, 0, 0, 0,-99.000000,-99.000000,-99.000000,-1,1
68475,579870,1168.708685,36846.536591,36846.646999,1, 0, 0, 1,-0.225626,-2.776080,-1.466159,-1,2
68475,579871,1168.721881,36846.549786,36846.660194,0, 0, 0, 0,-99.000000,-99.000000,-99.000000,-1,0
68475,579872,1169.093680,36846.921585,36847.031994,0, 0, 0, 0,-99.000000,-99.000000,-99.000000,-1,1
68475,579873,1169.110391,36846.938295,36847.048704,0, 0, 0, 0,-99.000000,-99.000000,-99.000000,-1,1
68475,579874,1169.175625,36847.003529,36847.113938,0, 0, 0, 0,-99.000000,-99.000000,-99.000000,-1,1
68475,579875,1169.194201,36847.022105,36847.132514,1, 0, 0, 1,1.489316,6.543701,-8.212005,-1,2
68475,579876,1169.201427,36847.029332,36847.139741,1, 0, 0, 1,-7.865086,3.959054,-3.494946,-1,2
68475,579877,1169.209105,36847.037010,36847.147419,1, 0, 0, 1,-7.025495,4.358266,-3.981459,-1,2
68475,579878,1169.598732,36847.426635,36847.537045,1, 0, 0, 1,3.602008,-1.058397,9.034360,-1,2
68475,579879,1170.189765,36848.017668,36848.128079,1, 0, 0, 1,-1.587434,8.083084,-16.926909,-1,3
68475,580671,0.022602,36925.188352,36925.298919,1, 0, 0, 1,-7.741976,5.299456,17.421038,-1,2
68475,580672,0.164242,36925.329991,36925.440559,0, 0, 0, 0,-99.000000,-99.000000,-99.000000,-1,1
68475,580673,0.197911,36925.363660,36925.474227,1, 0, 0, 1,9.077802,-0.076225,-20.772698,-1,2
68475,580674,0.433695,36925.599444,36925.710011,1, 0, 0, 1,-5.111556,10.422375,8.146711,-1,2
68475,580675,0.617650,36925.783399,36925.893967,1, 0, 0, 1,-6.497485,2.649495,-5.717786,-1,2
68475,580676,0.704876,36925.870624,36925.981192,1, 0, 0, 1,-1.399703,6.433547,-1.552345,-1,2
68475,580677,0.711414,36925.877162,36925.987731,1, 0, 0, 1,-7.144201,4.569895,-6.034225,-1,2
68475,580678,0.786641,36925.952389,36926.062957,1, 0, 0, 1,-0.975913,-7.291989,6.027879,-1,2
68475,580679,0.811414,36925.977162,36926.087731,0, 0, 0, 0,-99.000000,-99.000000,-99.000000,-1,1
68475,580680,0.813396,36925.979144,36926.089713,1, 0, 0, 1,-4.310094,-0.981869,0.617481,-1,2
68475,580681,1.014752,36926.180499,36926.291068,1, 0, 0, 1,1.847919,1.466215,17.180401,-1,2
68475,580682,1.119904,36926.285651,36926.396221,0, 0, 0, 0,-99.000000,-99.000000,-99.000000,-1,1
68475,580683,1.308018,36926.473765,36926.584335,1, 0, 0, 1,7.553200,-8.006109,-16.236177,-1,2
68475,580684,1.453846,36926.619593,36926.730163,1, 0, 0, 1,-5.284919,-0.205836,19.152554,-1,2
68475,580685,1.461260,36926.627006,36926.737576,1, 0, 0, 1,-1.604672,0.420476,17.338460,-1,2
68475,580686,1.476981,36926.642727,36926.753297,0, 0, 0, 0,-99.000000,-99.000000,-99.000000,-1,1
68475,580687,1.629179,36926.794925,36926.905496,0, 0, 0, 0,-99.000000,-99.000000,-99.000000,-1,0
68475,580688,1.663239,36926.828985,36926.939556,0, 0, 0, 0,-99.000000,-99.000000,-99.000000,-1,1
68475,580689,1.734455,36926.900201,36927.010772,1, 0, 0, 1,4.846981,5.842887,6.181614,-1,2
68475,580690,1.938655,36927.104401,36927.214972,1, 0, 0, 1,0.159427,6.641041,-3.921299,-1,2
68475,580691,1.951890,36927.117635,36927.228206,1, 0, 0, 1,-6.061987,4.724081,-14.856690,-1,2
68475,580692,1.990083,36927.155828,36927.266399,1, 0, 0, 1,-4.424897,4.211372,14.575411,-1,3
68475,580693,2.214573,36927.380318,36927.490890,0, 0, 0, 0,-99.000000,-99.000000,-99.000000,-1,1
68475,580694,2.358288,36927.524033,36927.634604,0, 0, 0, 0,-99.000000,-99.000000,-99.000000,-1,1
68475,580695,2.421706,36927.587451,36927.698023,0, 0, 0, 0,-99.000000,-99.000000,-99.000000,-1,1
68475,580696,2.437836,36927.603581,36927.714153,1, 0, 0, 1,1.094544,6.387164,3.028662,-1,2
68475,580697,2.478475,36927.644219,36927.754791,0, 0, 0, 0,-99.000000,-99.000000,-99.000000,-1,1
68475,580698,2.772083,36927.937827,36928.048399,1, 0, 0, 1,3.229695,-0.019432,-16.065762,-1,2
68475,580699,2.881266,36928.047010,36928.157583,0, 0, 0, 0,-99.000000,-99.000000,-99.000000,-1,0
68475,580700,2.970728,36928.136471,36928.247044,0, 0, 0, 0,-99.000000,-99.000000,-99.000000,-1,1
68475,580701,3.025828,36928.191571,36928.302145,1, 0, 0, 1,3.213543,9.667773,22.589918,-1,4
68475,580702,3.072963,36928.238707,36928.349280,0, 0, 0, 0,-99.000000,-99.000000,-99.000000,-1,0
68475,580703,3.272141,36928.437884,36928.548458,1, 0, 0, 1,1.737544,-4.843947,9.581483,-1,2
68475,580704,3.649274,36928.815016,36928.925590,0, 0, 0, 0,-99.000000,-99.000000,-99.000000,-1,0
68475,580705,3.665737,36928.831479,36928.942054,0, 0, 0, 0,-99.000000,-99.000000,-99.000000,-1,1
68475,580706,3.674896,36928.840638,36928.951213,1, 0, 0, 1,-0.917326,-7.310391,-6.709591,-1,3
68475,580707,3.733158,36928.898900,36929.009474,0, 0, 0, 0,-99.000000,-99.000000,-99.000000,-1,0
68475,580708,3.865739,36929.031480,36929.142055,0, 0, 0, 0,-99.000000,-99.000000,-99.000000,-1,0
68475,580709,3.979129,36929.144870,36929.255445,1, 0, 0, 1,-0.650522,0.272582,16.277949,-1,2
68475,580710,4.302101,36929.467842,36929.578417,0, 0, 0, 0,-99.000000,-99.000000,-99.000000,-1,1
68475,580711,4.370367,36929.536108,36929.646684,1, 0, 0, 1,3.526675,2.737117,16.354678,-1,2
68475,580712,4.413307,36929.579047,36929.689623,1, 0, 0, 1,-2.509464,-0.334029,-12.570187,-1,2
68475,580713,4.435983,36929.601723,36929.712299,1, 0, 0, 1,2.455221,4.200061,-0.870176,-1,2
68475,580714,4.472854,36929.638595,36929.749171,0, 0, 0, 0,-99.000000,-99.000000,-99.000000,-1,1
68475,580715,4.529637,36929.695377,36929.805953,0, 0, 0, 0,-99.000000,-99.000000,-99.000000,-1,1
68475,580716,4.582642,36929.748382,36929.858958,0, 0, 0, 0,-99.000000,-99.000000,-99.000000,-1,1
68475,580717,4.584853,36929.750593,36929.861169,0, 0, 0, 0,-99.000000,-99.000000,-99.000000,-1,1
68475,580718,4.599400,36929.765140,36929.875717,0, 0, 0, 0,-99.000000,-99.000000,-99.000000,-1,0
68475,580719,4.607288,36929.773028,36929.883605,1, 0, 0, 1,-2.200215,0.951957,9.756543,-1,2
68475,580720,4.659391,36929.825131,36929.935707,1, 0, 0, 1,7.982315,-8.575355,14.100227,-1,2
68475,580721,4.832912,36929.998652,36930.109228,0, 0, 0, 0,-99.000000,-99.000000,-99.000000,-1,0
68475,580722,4.855129,36930.020869,36930.131446,1, 0, 0, 1,-5.284924,1.946930,-9.353240,-1,2
68475,580723,5.035377,36930.201116,36930.311694,0, 0, 0, 0,-99.000000,-99.000000,-99.000000,-1,1
68475,580724,5.092673,36930.258413,36930.368990,1, 0, 0, 1,-3.947190,-2.334667,0.895551,-1,2
68475,580725,5.142580,36930.308319,36930.418897,0, 0, 0, 0,-99.000000,-99.000000,-99.000000,-1,0
68475,580726,5.146926,36930.312665,36930.423243,1, 0, 0, 1,2.919540,2.009924,-0.000555,-1,2
68475,580727,5.328580,36930.494319,36930.604897,0, 0, 0, 0,-99.000000,-99.000000,-99.000000,-1,1
68475,580728,5.394409,36930.560147,36930.670725,1, 0, 0, 1,3.037760,-4.258558,-0.596006,-1,2
68475,580729,5.577010,36930.742748,36930.853327,0, 0, 0, 0,-99.000000,-99.000000,-99.000000,-1,1
68475,580730,5.641837,36930.807575,36930.918154,1, 0, 0, 1,0.696056,-7.986875,8.442900,-1,2
68475,580731,5.709244,36930.874982,36930.985560,0, 0, 0, 0,-99.000000,-99.000000,-99.000000,-1,1
68475,580732,5.716416,36930.882154,36930.992732,0, 0, 0, 0,-99.000000,-99.000000,-99.000000,-1,0
68475,580733,5.888127,36931.053865,36931.164444,0, 0, 0, 0,-99.000000,-99.000000,-99.000000,-1,0
68475,580734,6.009738,36931.175475,36931.286054,1, 0, 0, 1,-2.093888,3.831067,-1.427893,-1,2
68475,580735,6.153157,36931.318894,36931.429473,0, 0, 0, 0,-99.000000,-99.000000,-99.000000,-1,1
68475,580736,6.315333,36931.481070,36931.591649,1, 0, 0, 1,-1.160578,1.580996,6.263470,-1,2
68475,580737,6.488651,36931.654388,36931.764968,1, 0, 0, 1,-1.850913,8.667201,5.076958,-1,2
68475,580738,6.984320,36932.150055,36932.260637,1, 0, 0, 1,-2.574242,-10.090215,-6.909923,-1,2
68475,580739,7.066076,36932.231811,36932.342393,1, 0, 0, 1,5.524310,3.633415,9.276358,-1,2
68475,580740,7.239503,36932.405238,36932.515820,0, 0, 0, 0,-99.000000,-99.000000,-99.000000,-1,0
68475,580741,7.460094,36932.625828,36932.736410,1, 0, 0, 1,6.889105,-1.360010,17.050685,-1,2
68475,580742,7.514555,36932.680289,36932.790871,1, 0, 0, 1,-3.560408,6.443932,5.723295,-1,2
68475,580743,7.625244,36932.790978,36932.901560,1, 0, 0, 1,-2.750040,6.645350,-10.417996,-1,2
68475,580744,7.674486,36932.840220,36932.950802,1, 0, 0, 1,-2.095520,-5.333522,12.804585,-1,2
68475,580745,7.950302,36933.116035,36933.226618,1, 0, 0, 1,-2.825029,4.688802,-22.872967,-1,2
68475,580746,8.001765,36933.167498,36933.278082,1, 0, 0, 1,-4.551194,0.640685,-21.378473,-1,2
68475,580747,8.020099,36933.185832,36933.296416,0, 0, 0, 0,-99.000000,-99.000000,-99.000000,-1,1
68475,580748,8.020660,36933.186394,36933.296977,0, 0, 0, 0,-99.000000,-99.000000,-99.000000,-1,1
68475,580749,8.122404,36933.288137,36933.398720,0, 0, 0, 0,-99.000000,-99.000000,-99.000000,-1,1
68475,580750,8.274480,36933.440213,36933.550797,0, 0, 0, 0,-99.000000,-99.000000,-99.000000,-1,0
68475,581500,0.432381,37010.945976,37011.056716,1, 1, 0, 1,-2.494757,1.766278,-23.524273,-1,2
68475,581501,0.494183,37011.007777,37011.118517,1, 0, 0, 1,-4.046937,10.188877,16.895337,-1,2
68475,581502,0.497680,37011.011274,37011.122014,1, 0, 0, 1,-5.022527,-3.943061,4.584329,-1,2
68475,581503,0.580839,37011.094433,37011.205173,0, 0, 0, 0,-99.000000,-99.000000,-99.000000,-1,0
68475,581504,0.799410,37011.313004,37011.423744,1, 0, 0, 1,-2.186990,6.525157,-11.986716,-1,2
68475,581505,1.186636,37011.700229,37011.810971,1, 0, 0, 1,2.510276,-1.874935,-7.085227,-1,2
68475,581506,1.301502,37011.815095,37011.925837,1, 0, 0, 1,3.490751,4.893317,8.352109,-1,2
68475,581507,1.363745,37011.877338,37011.988080,0, 0, 0, 0,-99.000000,-99.000000,-99.000000,-1,0
68475,581508,1.470875,37011.984468,37012.095210,0, 0, 0, 0,-99.000000,-99.000000,-99.000000,-1,1
68475,581509,1.653198,37012.166790,37012.277532,0, 0, 0, 0,-99.000000,-99.000000,-99.000000,-1,0
68475,581510,1.702050,37012.215642,37012.326385,1, 0, 0, 1,2.246177,-10.866376,-12.896136,-1,2
68475,581511,1.909352,37012.422943,37012.533686,1, 0, 0, 1,5.048457,0.462135,0.046496,-1,2
68475,581512,2.192820,37012.706411,37012.817155,1, 0, 0, 1,-6.367891,-2.326771,4.263854,-1,2
68475,581513,2.271592,37012.785183,37012.895927,1, 0, 0, 1,3.356991,-1.477009,7.378407,-1,2
68475,581514,2.305020,37012.818610,37012.929354,1, 0, 0, 1,5.861919,0.001366,18.005604,-1,2
68475,581515,2.507295,37013.020885,37013.131629,1, 0, 0, 1,1.640072,0.462748,14.589172,-1,2
68475,581516,2.627575,37013.141165,37013.251910,1, 0, 0, 1,-8.859354,1.340909,-3.986050,-1,2
68475,581517,2.759523,37013.273113,37013.383857,0, 0, 0, 0,-99.000000,-99.000000,-99.000000,-1,1
68475,581518,2.815593,37013.329183,37013.439928,1, 0, 0, 1,-8.047137,2.022460,-18.807349,-1,2
68475,581519,3.035396,37013.548985,37013.659730,1, 0, 0, 1,0.654098,0.929689,-3.672312,-1,2
68475,581520,3.068590,37013.582179,37013.692925,0, 0, 0, 0,-99.000000,-99.000000,-99.000000,-1,1
68475,581521,3.115709,37013.629298,37013.740044,1, 0, 0, 1,-0.014345,-7.995029,-6.017805,-1,2
68475,581522,3.259169,37013.772758,37013.883504,0, 0, 0, 0,-99.000000,-99.000000,-99.000000,-1,1
68475,581523,3.473268,37013.986856,37014.097602,1, 0, 0, 1,7.109197,-2.514464,14.179195,-1,2
68475,581524,3.730122,37014.243710,37014.354456,0, 0, 0, 0,-99.000000,-99.000000,-99.000000,-1,1
68475,581525,4.051333,37014.564920,37014.675668,0, 0, 0, 0,-99.000000,-99.000000,-99.000000,-1,1
68475,581526,4.150806,37014.664392,37014.775140,0, 0, 0, 0,-99.000000,-99.000000,-99.000000,-1,0
68475,581527,4.259193,37014.772780,37014.883528,0, 0, 0, 0,-99.000000,-99.000000,-99.000000,-1,1
68475,581528,4.456673,37014.970259,37015.081007,1, 0, 0, 1,5.835920,1.080732,6.517132,-1,2
68475,581529,4.486070,37014.999656,37015.110404,1, 0, 0, 1,-5.313393,2.990846,-18.963732,-1,2
68475,581530,4.523296,37015.036882,37015.147630,1, 0, 0, 1,7.336771,0.428024,-8.861837,-1,2
68475,581531,4.557062,37015.070648,37015.181396,1, 0, 0, 1,-1.878169,9.366351,-18.114906,-1,2
68475,581532,4.568757,37015.082343,37015.193092,1, 0, 0, 1,-2.716942,-9.161334,-13.060426,-1,2
68475,581533,4.713899,37015.227485,37015.338233,0, 0, 0, 0,-99.000000,-99.000000,-99.000000,-1,1
68475,581534,4.829963,37015.343549,37015.454298,0, 0, 0, 0,-99.000000,-99.000000,-99.000000,-1,1
68475,581535,4.971564,37015.485149,37015.595898,1, 0, 0, 1,-3.354165,-2.934017,-12.952726,-1,2
68475,581536,5.017640,37015.531225,37015.641974,1, 0, 0, 1,-7.355269,2.030394,-11.734118,-1,2
68475,581537,5.023121,37015.536706,37015.647455,1, 0, 0, 1,0.768324,-1.305909,8.526124,-1,2
68475,581538,5.092416,37015.606001,37015.716751,1, 0, 0, 1,1.326061,-3.024995,-14.080185,-1,2
68475,581539,5.210039,37015.723624,37015.834374,1, 0, 0, 1,4.723664,-0.349273,10.840651,-1,2
68475,581540,5.229415,37015.743000,37015.853749,0, 0, 0, 0,-99.000000,-99.000000,-99.000000,-1,0
68475,581541,5.518054,37016.031638,37016.142388,1, 0, 0, 1,-3.382390,-4.571770,-3.449207,-1,2
68475,581542,5.643894,37016.157478,37016.268228,1, 0, 0, 1,-5.870457,-0.237088,-3.440429,-1,2
68475,581543,5.651875,37016.165459,37016.276210,0, 0, 0, 0,-99.000000,-99.000000,-99.000000,-1,1
68475,581544,5.715260,37016.228843,37016.339594,1, 0, 0, 1,7.379707,-8.297054,13.756351,-1,2
68475,581545,5.803835,37016.317419,37016.428169,0, 0, 0, 0,-99.000000,-99.000000,-99.000000,-1,1
68475,581546,5.949321,37016.462905,37016.573656,1, 0, 0, 1,-1.556850,2.134632,-2.243688,-1,2
68475,581547,6.047557,37016.561140,37016.671891,0, 0, 0, 0,-99.000000,-99.000000,-99.000000,-1,1
68475,581548,6.118294,37016.631877,37016.742628,1, 0, 0, 1,-1.220400,-8.625516,-6.409961,-1,2
68475,581549,6.190135,37016.703718,37016.814469,1, 0, 0, 1,-4.410218,-2.307468,-12.203634,-1,2
68475,581550,6.465858,37016.979440,37017.090192,1, 0, 0, 1,9.071045,13.864623,-14.468662,-1,2
68475,581551,6.640014,37017.153596,37017.264349,1, 0, 0, 1,8.015743,2.444592,-15.807584,-1,2
68475,581552,6.661022,37017.174604,37017.285357,1, 0, 0, 1,3.354489,3.334336,-12.700637,-1,2
68475,581553,6.680180,37017.193762,37017.304514,1, 0, 0, 1,0.465834,-7.794426,16.636682,-1,2
68475,581554,6.694375,37017.207957,37017.318710,1, 0, 0, 1,3.103198,2.787170,10.900532,-1,2
68475,581555,6.699031,37017.212613,37017.323366,1, 0, 0, 1,-0.913508,4.137770,-3.332728,-1,2
68475,581556,6.725904,37017.239486,37017.350238,0, 0, 0, 0,-99.000000,-99.000000,-99.000000,-1,0
68475,581557,6.839271,37017.352853,37017.463606,1, 0, 0, 1,-2.476167,-4.388058,5.031098,-1,2
68475,581558,6.886995,37017.400577,37017.511330,0, 0, 0, 0,-99.000000,-99.000000,-99.000000,-1,1
68475,581559,6.931746,37017.445327,37017.556080,1, 0, 0, 1,7.381623,-7.881602,4.479088,-1,2
68475,581560,7.117618,37017.631199,37017.741953,1, 0, 0, 1,-1.094405,2.846058,-5.328474,-1,2
68475,581561,7.205104,37017.718685,37017.829438,1, 0, 0, 1,3.935800,-0.303764,17.586071,-1,2
68475,581562,7.305597,37017.819177,37017.929931,1, 0, 0, 1,-0.811708,-4.646776,1.451763,-1,3
68475,581563,7.761364,37018.274943,37018.385698,0, 0, 0, 0,-99.000000,-99.000000,-99.000000,-1,0
68475,581564,7.965282,37018.478861,37018.589616,0, 0, 0, 0,-99.000000,-99.000000,-99.000000,-1,1
68475,581565,8.030783,37018.544362,37018.655117,1, 0, 0, 1,8.250428,5.307913,6.569023,-1,2
68475,581566,8.075507,37018.589086,37018.699842,0, 0, 0, 0,-99.000000,-99.000000,-99.000000,-1,1
68475,581567,8.116939,37018.630518,37018.741274,1, 0, 0, 1,1.684111,3.075394,15.368959,-1,2
68475,582345,0.171878,37096.043124,37096.154035,0, 0, 0, 0,-99.000000,-99.000000,-99.000000,-1,1
68475,582346,0.172800,37096.044046,37096.154958,1, 0, 0, 1,3.382674,1.296843,1.788478,-1,2
68475,582347,0.216287,37096.087532,37096.198444,1, 0, 0, 1,2.685728,7.064790,10.467979,-1,2
68475,582348,0.345024,37096.216269,37096.327181,1, 0, 0, 1,-7.701639,6.223201,5.979121,-1,2
68475,582349,0.372976,37096.244221,37096.355133,1, 0, 0, 1,-4.327547,-6.848460,-9.559148,-1,3
68475,582350,0.462717,37096.333963,37096.444875,0, 0, 0, 0,-99.000000,-99.000000,-99.000000,-1,1
68475,582351,0.465457,37096.336702,37096.447615,1, 0, 0, 1,4.887995,-4.752089,18.097677,-1,2
68475,582352,0.491685,37096.362931,37096.473843,1, 0, 0, 1,-0.879629,1.949941,20.655576,-1,2
68475,582353,0.656394,37096.527639,37096.638551,1, 0, 0, 1,5.112552,1.494448,1.910219,-1,2
68475,582354,0.853472,37096.724716,37096.835629,1, 0, 0, 1,-4.182407,-3.012659,7.197331,-1,2
68475,582355,0.928194,37096.799439,37096.910352,1, 0, 0, 1,7.364248,-4.149649,15.826792,-1,2
68475,582356,1.114387,37096.985631,37097.096545,1, 0, 0, 1,-4.942518,-6.428833,-9.399415,-1,2
68475,582357,1.359174,37097.230418,37097.341332,1, 0, 0, 1,-2.353904,1.768824,-5.596472,-1,2
68475,582358,1.390265,37097.261509,37097.372423,1, 0, 0, 1,-2.418721,0.819658,14.419982,-1,2
68475,582359,1.462840,37097.334083,37097.444997,0, 0, 0, 0,-99.000000,-99.000000,-99.000000,-1,1
68475,582360,1.477301,37097.348545,37097.459459,0, 0, 0, 0,-99.000000,-99.000000,-99.000000,-1,1
68475,582361,1.520295,37097.391538,37097.502452,1, 0, 0, 1,1.262539,1.533804,-7.692592,-1,2
68475,582362,2.065806,37097.937048,37098.047964,1, 0, 0, 1,-1.269477,-3.147510,10.497725,-1,2
68475,582363,2.381587,37098.252828,37098.363744,1, 0, 0, 1,-5.580164,-4.474105,5.955999,-1,2
68475,582364,2.560955,37098.432197,37098.543113,1, 0, 0, 1,-5.517742,3.828048,17.776056,-1,2
68475,582365,2.579598,37098.450839,37098.561755,0, 0, 0, 0,-99.000000,-99.000000,-99.000000,-1,1
68475,582366,2.628003,37098.499244,37098.610160,1, 0, 0, 1,5.256013,4.930940,-14.368256,-1,2
68475,582367,2.913205,37098.784446,37098.895363,1, 0, 0, 1,-0.629264,2.425812,2.482113,-1,2
68475,582368,2.916730,37098.787970,37098.898887,1, 0, 0, 1,4.940311,-2.006402,13.693714,-1,2
68475,582369,2.919749,37098.790989,37098.901907,0, 0, 0, 0,-99.000000,-99.000000,-99.000000,-1,1
68475,582370,2.928708,37098.799948,37098.910865,0, 0, 0, 0,-99.000000,-99.000000,-99.000000,-1,1
68475,582371,3.075269,37098.946509,37099.057426,1, 0, 0, 1,2.286497,-2.888437,14.304300,-1,2
68475,582372,3.076024,37098.947264,37099.058182,1, 0, 0, 1,-2.476959,6.196721,-3.005459,-1,2
68475,582373,3.094226,37098.965466,37099.076384,0, 0, 0, 0,-99.000000,-99.000000,-99.000000,-1,0
68475,582374,3.353474,37099.224713,37099.335631,1, 0, 0, 1,-1.764747,4.443967,-4.415106,-1,2
68475,582375,3.498864,37099.370103,37099.481021,1, 0, 0, 1,-1.471831,1.881490,9.719795,-1,2
68475,582376,3.519018,37099.390257,37099.501175,1, 0, 0, 1,1.679741,5.696632,9.142928,-1,2
68475,582377,3.889445,37099.760683,37099.871602,0, 0, 0, 0,-99.000000,-99.000000,-99.000000,-1,0
68475,582378,4.123756,37099.994994,37100.105913,1, 0, 0, 1,-1.395798,2.634696,-13.349212,-1,2
68475,582379,4.177353,37100.048591,37100.159511,1, 0, 0, 1,6.681519,4.348973,5.384175,-1,2
68475,582380,4.225153,37100.096390,37100.207310,1, 0, 0, 1,-0.166858,6.275042,-10.791138,-1,2
68475,582381,4.231633,37100.102871,37100.213790,1, 0, 0, 1,0.866303,7.921247,7.768334,-1,2
68475,582382,4.243657,37100.114895,37100.225815,0, 0, 0, 0,-99.000000,-99.000000,-99.000000,-1,1
68475,582383,4.308494,37100.179731,37100.290652,0, 0, 0, 0,-99.000000,-99.000000,-99.000000,-1,0
68475,582384,4.336945,37100.208182,37100.319102,0, 0, 0, 0,-99.000000,-99.000000,-99.000000,-1,1
68475,582385,4.405608,37100.276845,37100.387765,1, 1, 0, 1,-2.095873,2.317611,10.245631,-1,2
68475,582386,4.433514,37100.304752,37100.415672,1, 0, 0, 1,-7.667830,2.993407,-19.679957,-1,2
68475,582387,4.456824,37100.328061,37100.438981,0, 0, 0, 0,-99.000000,-99.000000,-99.000000,-1,1
68475,582388,4.469419,37100.340657,37100.451577,1, 0, 0, 1,4.597259,-7.369148,4.262254,-1,3
68475,582389,4.661830,37100.533067,37100.643988,0, 0, 0, 0,-99.000000,-99.000000,-99.000000,-1,0
68475,582390,4.963153,37100.834390,37100.945311,0, 0, 0, 0,-99.000000,-99.000000,-99.000000,-1,1
68475,582391,4.968312,37100.839549,37100.950470,0, 0, 0, 0,-99.000000,-99.000000,-99.000000,-1,1
68475,582392,5.073064,37100.944300,37101.055222,0, 0, 0, 0,-99.000000,-99.000000,-99.000000,-1,1
68475,582393,5.283919,37101.155155,37101.266077,0, 0, 0, 0,-99.000000,-99.000000,-99.000000,-1,1
68475,582394,5.289422,37101.160658,37101.271580,1, 0, 0, 1,-1.733615,6.468910,0.410801,-1,2
68475,582395,5.312880,37101.184115,37101.295037,0, 0, 0, 0,-99.000000,-99.000000,-99.000000,-1,1
68475,582396,5.408656,37101.279891,37101.390813,0, 0, 0, 0,-99.000000,-99.000000,-99.000000,-1,1
68475,582397,5.505620,37101.376855,37101.487778,0, 0, 0, 0,-99.000000,-99.000000,-99.000000,-1,1
68475,582398,5.587537,37101.458772,37101.569694,1, 0, 0, 1,6.724727,0.296252,-1.696067,-1,2
68475,582399,5.659770,37101.531005,37101.641927,1, 0, 0, 1,-1.027191,3.136681,-17.327108,-1,2
68475,582400,5.759807,37101.631041,37101.741964,1, 0, 0, 1,-0.176879,-1.956491,-11.297426,-1,2
68475,582401,5.795178,37101.666412,37101.777335,1, 0, 0, 1,5.759361,3.678498,5.758066,-1,2
68475,582402,5.870952,37101.742186,37101.853109,1, 0, 0, 1,-2.876649,-3.518406,3.887860,-1,2
68475,582403,5.935278,37101.806513,37101.917436,1, 0, 0, 1,1.648694,-5.726946,2.448496,-1,4
68475,582404,6.083858,37101.955092,37102.066016,0, 0, 0, 0,-99.000000,-99.000000,-99.000000,-1,1
68475,582405,6.123327,37101.994560,37102.105484,0, 0, 0, 0,-99.000000,-99.000000,-99.000000,-1,0
68475,582406,6.149351,37102.020585,37102.131509,1, 0, 0, 1,-3.540481,-5.529530,-7.598376,-1,2
68475,582407,6.246643,37102.117876,37102.228800,1, 0, 0, 1,8.777687,0.618991,21.407141,-1,2
68475,582408,6.308409,37102.179642,37102.290566,1, 0, 0, 1,4.169618,-1.974547,-17.649870,-1,2
68475,582409,6.310736,37102.181969,37102.292893,0, 0, 0, 0,-99.000000,-99.000000,-99.000000,-1,1
68475,582410,6.388530,37102.259763,37102.370687,1, 0, 0, 1,3.949104,0.722095,-6.149379,-1,2
68475,582411,6.451435,37102.322668,37102.433593,1, 0, 0, 1,3.371874,3.528918,-6.038060,-1,2
68475,582412,6.503327,37102.374560,37102.485484,0, 0, 0, 0,-99.000000,-99.000000,-99.000000,-1,0
68475,582413,6.673749,37102.544982,37102.655907,1, 0, 0, 1,-1.456328,-1.281884,-14.164701,-1,2
68475,582414,6.676780,37102.548013,37102.658937,1, 0, 0, 1,6.301238,-1.495157,-14.893767,-1,2
68475,582415,6.699268,37102.570501,37102.681425,1, 0, 0, 1,6.822844,-6.518853,5.101302,-1,2
68475,582416,6.733855,37102.605088,37102.716013,1, 0, 0, 1,4.093935,-6.713988,15.919603,-1,2
68475,582417,6.864647,37102.735879,37102.846804,1, 0, 0, 1,6.634150,2.710366,9.857006,-1,2
68475,582418,6.874731,37102.745963,37102.856889,0, 0, 0, 0,-99.000000,-99.000000,-99.000000,-1,0
68475,582419,6.987638,37102.858870,37102.969796,1, 0, 0, 1,5.445540,-0.333950,3.858341,-1,2
68475,582420,7.062855,37102.934087,37103.045013,1, 0, 0, 1,-0.057456,-8.290715,-2.607259,-1,2
68475,582421,7.171281,37103.042513,37103.153439,1, 0, 0, 1,4.434046,-0.304376,9.049159,-1,2
68475,582422,7.380168,37103.251400,37103.362326,1, 0, 0, 1,-2.925890,3.707482,-8.623615,-1,2
68475,582423,7.454832,37103.326063,37103.436989,0, 0, 0, 0,-99.000000,-99.000000,-99.000000,-1,1
68475,582424,7.626168,37103.497399,37103.608325,1, 0, 0, 1,-4.793018,-3.006478,-13.627829,-1,2
68475,582425,7.802781,37103.674011,37103.784938,0, 0, 0, 0,-99.000000,-99.000000,-99.000000,-1,1
68475,582426,7.914428,37103.785658,37103.896586,0, 0, 0, 0,-99.000000,-99.000000,-99.000000,-1,1
68475,582427,8.010444,37103.881674,37103.992601,0, 0, 0, 0,-99.000000,-99.000000,-99.000000,-1,0
68475,582428,8.193893,37104.065122,37104.176050,1, 0, 0, 1,5.738287,-1.058200,-13.786867,-1,2
68475,582429,8.285783,37104.157013,37104.267941,1, 0, 0, 1,-5.563218,1.745180,-14.731101,-1,2
68475,582430,8.318852,37104.190082,37104.301010,1, 0, 0, 1,-3.389973,-0.837784,-14.017851,-1,5
68475,583172,0.062897,37181.272230,37181.383314,0, 0, 0, 0,-99.000000,-99.000000,-99.000000,-1,0
68475,583173,0.843695,37182.053026,37182.164111,0, 0, 0, 0,-99.000000,-99.000000,-99.000000,-1,0
68475,583174,0.853839,37182.063170,37182.174255,1, 0, 0, 1,1.827673,-2.038895,0.855533,-1,2
68475,583175,0.981053,37182.190384,37182.301470,0, 0, 0, 0,-99.000000,-99.000000,-99.000000,-1,1
68475,583176,1.243039,37182.452370,37182.563456,0, 0, 0, 0,-99.000000,-99.000000,-99.000000,-1,0
68475,583177,1.296013,37182.505344,37182.616430,1, 0, 0, 1,-2.390890,2.985269,6.190191,-1,2
68475,583178,1.336153,37182.545484,37182.656570,0, 0, 0, 0,-99.000000,-99.000000,-99.000000,-1,1
68475,583179,1.339379,37182.548710,37182.659796,1, 0, 0, 1,-0.326867,-0.389811,-17.206281,-1,2
68475,583180,1.386255,37182.595585,37182.706672,1, 0, 0, 1,-6.895459,-2.161274,-5.319152,-1,2
68475,583181,1.410137,37182.619467,37182.730554,1, 0, 0, 1,-5.556202,-4.976244,10.049742,-1,3
68475,583182,1.480485,37182.689815,37182.800902,0, 0, 0, 0,-99.000000,-99.000000,-99.000000,-1,0
68475,583183,1.604570,37182.813900,37182.924987,0, 0, 0, 0,-99.000000,-99.000000,-99.000000,-1,1
68475,583184,1.709004,37182.918334,37183.029421,0, 0, 0, 0,-99.000000,-99.000000,-99.000000,-1,1
68475,583185,2.035411,37183.244740,37183.355828,1, 0, 0, 1,-7.464850,-5.273072,6.265259,-1,2
68475,583186,2.065210,37183.274539,37183.385627,1, 0, 0, 1,3.308031,6.154108,10.614477,-1,2
68475,583187,2.113364,37183.322693,37183.433781,1, 0, 0, 1,1.875671,2.770233,-16.159298,-1,2
68475,583188,2.467650,37183.676978,37183.788067,1, 0, 0, 1,3.788105,4.186146,18.379574,-1,2
68475,583189,2.583941,37183.793269,37183.904358,1, 1, 1, 1,0.402290,1.797857,6.109985,-1,3
68475,583190,2.655376,37183.864704,37183.975793,0, 0, 0, 0,-99.000000,-99.000000,-99.000000,-1,0
68475,583191,2.665726,37183.875054,37183.986143,1, 0, 0, 1,0.043990,4.182383,-8.028298,-1,2
68475,583192,2.752383,37183.961711,37184.072800,1, 0, 0, 1,2.764770,-8.442545,19.047973,-1,2
68475,583193,2.909606,37184.118934,37184.230023,0, 0, 0, 0,-99.000000,-99.000000,-99.000000,-1,0
68475,583194,2.972342,37184.181669,37184.292759,1, 0, 0, 1,2.212944,-1.160875,-6.046781,-1,2
68475,583195,3.197489,37184.406815,37184.517905,1, 0, 0, 1,3.593432,-0.771868,13.997463,-1,2
68475,583196,3.285286,37184.494612,37184.605703,1, 0, 0, 1,-0.423227,0.998929,-16.722894,-1,2
68475,583197,3.291665,37184.500992,37184.612082,1, 0, 0, 1,7.664453,-4.542923,-12.020582,-1,3
68475,583198,3.325128,37184.534454,37184.645545,0, 0, 0, 0,-99.000000,-99.000000,-99.000000,-1,1
68475,583199,3.374830,37184.584157,37184.695247,1, 0, 0, 1,-1.722527,-0.846138,20.997452,-1,2
68475,583200,3.466599,37184.675925,37184.787015,1, 0, 0, 1,4.695853,5.526660,13.310124,-1,2
68475,583201,3.482982,37184.692308,37184.803399,1, 0, 0, 1,0.304623,1.490174,-3.057572,-1,2
68475,583202,3.576363,37184.785689,37184.896780,0, 0, 0, 0,-99.000000,-99.000000,-99.000000,-1,1
68475,583203,3.911156,37185.120481,37185.231572,0, 0, 0, 0,-99.000000,-99.000000,-99.000000,-1,0
68475,583204,3.926489,37185.135815,37185.246906,1, 0, 0, 1,5.337029,-0.589484,0.279625,-1,2
68475,583205,3.944068,37185.153393,37185.264485,1, 0, 0, 1,6.553211,-2.295324,14.724466,-1,2
68475,583206,4.136809,37185.346134,37185.457226,1, 0, 0, 1,-7.587704,-2.016229,6.193846,-1,2
68475,583207,4.278466,37185.487790,37185.598883,1, 0, 0, 1,1.117987,7.238720,-10.316843,-1,2
68475,583208,4.333526,37185.542850,37185.653942,1, 1, 1, 1,2.604993,-0.035967,0.041229,-1,4
68475,583209,4.414935,37185.624259,37185.735352,1, 0, 0, 1,8.723046,7.450916,7.938173,-1,2
68475,583210,4.551849,37185.761173,37185.872266,0, 0, 0, 0,-99.000000,-99.000000,-99.000000,-1,1
68475,583211,4.595161,37185.804485,37185.915578,1, 0, 0, 1,-0.259684,3.275928,-18.166809,-1,2
68475,583212,4.595651,37185.804975,37185.916068,0, 0, 0, 0,-99.000000,-99.000000,-99.000000,-1,1
68475,583213,4.749618,37185.958942,37186.070035,1, 0, 0, 1,-0.807430,-10.748688,9.933958,-1,2
68475,583214,4.751539,37185.960862,37186.071956,0, 0, 0, 0,-99.000000,-99.000000,-99.000000,-1,1
68475,583215,4.753129,37185.962452,37186.073546,1, 0, 0, 1,8.725767,6.533190,-20.108859,-1,2
68475,583216,4.843935,37186.053258,37186.164352,1, 0, 0, 1,-6.613833,5.334805,-9.076480,-1,3
68475,583217,4.870119,37186.079442,37186.190536,0, 0, 0, 0,-99.000000,-99.000000,-99.000000,-1,1
68475,583218,4.931663,37186.140986,37186.252080,1, 0, 0, 1,-2.769513,5.348146,-2.826921,-1,2
68475,583219,5.000420,37186.209743,37186.320837,0, 0, 0, 0,-99.000000,-99.000000,-99.000000,-1,1
68475,583220,5.025091,37186.234414,37186.345507,0, 0, 0, 0,-99.000000,-99.000000,-99.000000,-1,0
68475,583221,5.129649,37186.338972,37186.450066,1, 0, 0, 1,0.423536,2.474729,-16.168815,-1,2
68475,583222,5.294851,37186.504173,37186.615267,0, 0, 0, 0,-99.000000,-99.000000,-99.000000,-1,1
68475,583223,5.342731,37186.552054,37186.663148,1, 0, 0, 1,-5.871473,5.120703,-12.397597,-1,2
68475,583224,5.453816,37186.663138,37186.774233,0, 0, 0, 0,-99.000000,-99.000000,-99.000000,-1,0
68475,583225,5.556626,37186.765948,37186.877043,1, 0, 0, 1,5.393753,4.753782,13.241445,-1,2
68475,583226,5.635875,37186.845197,37186.956292,1, 0, 0, 1,-2.126983,-0.640548,-4.948405,-1,2
68475,583227,5.720091,37186.929413,37187.040508,1, 0, 0, 1,1.946927,-0.341699,-14.280936,-1,2
68475,583228,5.742955,37186.952276,37187.063371,1, 0, 0, 1,-1.423935,-6.908084,16.865877,-1,2
68475,583229,5.899349,37187.108670,37187.219766,1, 0, 0, 1,4.656972,-7.445365,-7.758717,-1,2
68475,583230,5.958011,37187.167332,37187.278428,1, 0, 0, 1,1.213518,0.071114,1.969622,-1,2
68475,583231,6.022748,37187.232069,37187.343164,1, 0, 0, 1,2.023608,3.014991,-17.702782,-1,2
68475,583232,6.375477,37187.584797,37187.695894,0, 0, 0, 0,-99.000000,-99.000000,-99.000000,-1,1
68475,583233,6.550655,37187.759975,37187.871072,1, 0, 0, 1,5.573865,5.747779,-6.535926,-1,2
68475,583234,6.675751,37187.885071,37187.996168,1, 0, 0, 1,6.048847,-0.755278,7.896235,-1,2
68475,583235,6.723145,37187.932465,37188.043562,0, 0, 0, 0,-99.000000,-99.000000,-99.000000,-1,0
68475,583236,6.912426,37188.121745,37188.232843,0, 0, 0, 0,-99.000000,-99.000000,-99.000000,-1,1
68475,583237,6.915737,37188.125056,37188.236154,1, 0, 0, 1,-0.431975,2.532134,-4.082336,-1,2
68475,583238,6.920942,37188.130261,37188.241359,1, 0, 0, 1,-0.640295,-0.150177,-9.192950,-1,2
68475,583239,6.949206,37188.158525,37188.269623,1, 0, 0, 1,6.055073,3.970003,-4.363339,-1,2
68475,583240,7.258312,37188.467631,37188.578729,0, 0, 0, 0,-99.000000,-99.000000,-99.000000,-1,1
68475,583241,7.337955,37188.547273,37188.658372,1, 0, 0, 1,3.852773,0.154445,18.310216,-1,2
68475,583242,7.511672,37188.720990,37188.832089,1, 0, 0, 1,7.846263,-2.523581,10.127159,-1,2
68475,583243,7.626416,37188.835734,37188.946833,1, 0, 0, 1,-6.382911,4.443341,19.867890,-1,2
68475,583244,7.643932,37188.853250,37188.964349,1, 0, 0, 1,-4.422066,0.568674,-2.234385,-1,2
68475,583245,7.659225,37188.868543,37188.979642,1, 0, 0, 1,-3.303827,-1.703537,-10.945622,-1,2
68475,583246,7.684379,37188.893697,37189.004796,1, 0, 0, 1,-6.427324,-3.742478,-6.635983,-1,2
68475,583247,7.696206,37188.905523,37189.016622,1, 0, 0, 1,2.223773,-3.961934,11.838213,-1,2
68475,583248,7.780084,37188.989402,37189.100501,0, 0, 0, 0,-99.000000,-99.000000,-99.000000,-1,1
68475,583249,8.282265,37189.491581,37189.602682,1, 0, 0, 1,-1.342203,2.163765,15.817798,-1,2
68475,584029,0.119088,37266.678061,37266.789318,1, 0, 0, 1,7.751959,3.789934,8.232718,-1,2
68475,584030,0.163859,37266.722832,37266.834088,0, 0, 0, 0,-99.000000,-99.000000,-99.000000,-1,1
68475,584031,0.265161,37266.824134,37266.935390,1, 0, 0, 1,-4.902937,3.133439,26.205281,-1,2
68475,584032,0.290353,37266.849325,37266.960582,0, 0, 0, 0,-99.000000,-99.000000,-99.000000,-1,0
68475,584033,0.308010,37266.866983,37266.978240,1, 0, 0, 1,6.705394,3.937867,-5.405366,-1,2
68475,584034,0.357967,37266.916940,37267.028197,1, 0, 0, 1,3.539516,-9.759308,8.257233,-1,2
68475,584035,0.429092,37266.988064,37267.099321,0, 0, 0, 0,-99.000000,-99.000000,-99.000000,-1,1
68475,584036,0.451517,37267.010489,37267.121746,1, 0, 0, 1,-6.205902,1.487970,3.494750,-1,3
68475,584037,0.567741,37267.126713,37267.237970,1, 0, 0, 1,2.256950,-0.045556,-10.793784,-1,2
68475,584038,0.679281,37267.238253,37267.349511,0, 0, 0, 0,-99.000000,-99.000000,-99.000000,-1,1
68475,584039,0.747008,37267.305979,37267.417237,0, 0, 0, 0,-99.000000,-99.000000,-99.000000,-1,1
68475,584040,0.893790,37267.452762,37267.564020,0, 0, 0, 0,-99.000000,-99.000000,-99.000000,-1,1
68475,584041,0.985635,37267.544606,37267.655864,1, 0, 0, 1,-3.849653,2.598447,20.433355,-1,2
68475,584042,1.072672,37267.631643,37267.742902,1, 0, 0, 1,-2.164804,1.525492,-19.243144,-1,2
68475,584043,1.214757,37267.773728,37267.884987,0, 0, 0, 0,-99.000000,-99.000000,-99.000000,-1,1
68475,584044,1.260852,37267.819823,37267.931082,0, 0, 0, 0,-99.000000,-99.000000,-99.000000,-1,1
68475,584045,1.269615,37267.828586,37267.939845,1, 0, 0, 1,0.181172,-1.148097,14.919261,-1,2
68475,584046,1.327213,37267.886184,37267.997442,0, 0, 0, 0,-99.000000,-99.000000,-99.000000,-1,1
68475,584047,1.404740,37267.963710,37268.074969,1, 0, 0, 1,4.092807,9.755117,10.876279,-1,2
68475,584048,1.434955,37267.993926,37268.105185,1, 0, 0, 1,-2.059843,-0.818577,15.291609,-1,2
68475,584049,1.484843,37268.043813,37268.155073,1, 0, 0, 1,4.048647,1.030702,3.121288,-1,2
68475,584050,1.499973,37268.058943,37268.170202,1, 0, 0, 1,-6.160642,-6.763152,13.765677,-1,2
68475,584051,1.518008,37268.076978,37268.188238,1, 0, 0, 1,6.257193,-8.684367,-20.112625,-1,2
68475,584052,1.817112,37268.376082,37268.487341,1, 0, 0, 1,-6.224301,-5.642440,-8.956300,-1,2
68475,584053,1.960205,37268.519174,37268.630435,1, 0, 0, 1,3.549482,-5.476810,19.049488,-1,2
68475,584054,1.995020,37268.553989,37268.665249,0, 0, 0, 0,-99.000000,-99.000000,-99.000000,-1,0
68475,584055,2.106770,37268.665739,37268.777000,0, 0, 0, 0,-99.000000,-99.000000,-99.000000,-1,1
68475,584056,2.133833,37268.692802,37268.804062,1, 0, 0, 1,-2.213215,6.750497,-3.419074,-1,2
68475,584057,2.219749,37268.778718,37268.889978,1, 0, 0, 1,-7.291860,4.908608,6.260750,-1,2
68475,584058,2.225507,37268.784476,37268.895737,1, 0, 0, 1,-2.001356,3.460246,-1.290297,-1,2
68475,584059,2.286599,37268.845568,37268.956829,0, 0, 0, 0,-99.000000,-99.000000,-99.000000,-1,1
68475,584060,2.293157,37268.852125,37268.963386,1, 0, 0, 1,-2.158074,-10.376417,8.744793,-1,2
68475,584061,2.319166,37268.878134,37268.989395,1, 0, 0, 1,4.088275,-4.617631,12.826954,-1,2
68475,584062,2.336750,37268.895719,37269.006980,1, 0, 0, 1,-0.177792,-3.799273,2.826362,-1,2
68475,584063,2.361851,37268.920819,37269.032080,1, 0, 0, 1,-0.553029,9.032632,-11.000937,-1,2
68475,584064,2.365797,37268.924765,37269.036026,1, 0, 0, 1,0.468481,0.232757,5.103324,-1,2
68475,584065,2.477926,37269.036894,37269.148156,1, 0, 0, 1,6.924256,2.049790,-15.712446,-1,2
68475,584066,2.560786,37269.119754,37269.231015,1, 0, 0, 1,3.884123,-0.549852,8.237341,-1,2
68475,584067,2.713896,37269.272864,37269.384126,1, 0, 0, 1,-0.530744,8.536500,14.172961,-1,2
68475,584068,2.764551,37269.323519,37269.434781,1, 0, 0, 1,5.961247,6.281200,13.872973,-1,2
68475,584069,2.799248,37269.358216,37269.469478,0, 0, 0, 0,-99.000000,-99.000000,-99.000000,-1,1
68475,584070,2.954217,37269.513185,37269.624447,1, 0, 0, 1,8.204969,-1.514311,-18.809285,-1,4
68475,584071,3.036818,37269.595785,37269.707047,1, 0, 0, 1,-5.140980,3.727528,8.876976,-1,2
68475,584072,3.117792,37269.676759,37269.788021,1, 0, 0, 1,-6.297212,5.489207,0.433730,-1,2
68475,584073,3.181026,37269.739993,37269.851256,1, 0, 0, 1,-9.410934,-11.064290,-9.131633,-1,2
68475,584074,3.207820,37269.766786,37269.878049,1, 0, 0, 1,-4.343905,7.808839,19.252891,-1,2
68475,584075,3.211990,37269.770957,37269.882220,1, 0, 0, 1,-5.462714,-2.571414,-16.668643,-1,2
68475,584076,3.237304,37269.796270,37269.907533,0, 0, 0, 0,-99.000000,-99.000000,-99.000000,-1,0
68475,584077,3.242610,37269.801577,37269.912839,1, 0, 0, 1,-1.994792,0.587465,6.963789,-1,2
68475,584078,3.263617,37269.822584,37269.933847,1, 0, 0, 1,3.504512,-9.150658,2.909771,-1,2
68475,584079,3.315916,37269.874882,37269.986145,1, 0, 0, 1,-2.271221,5.224349,-12.515249,-1,2
68475,584080,3.332085,37269.891052,37270.002315,1, 0, 0, 1,2.558411,-3.606254,5.621716,-1,2
68475,584081,3.359503,37269.918470,37270.029733,0, 0, 0, 0,-99.000000,-99.000000,-99.000000,-1,1
68475,584082,3.793982,37270.352948,37270.464212,1, 0, 0, 1,4.713214,3.548031,-11.520362,-1,2
68475,584083,3.805896,37270.364861,37270.476125,0, 0, 0, 0,-99.000000,-99.000000,-99.000000,-1,1
68475,584084,3.888105,37270.447070,37270.558334,0, 0, 0, 0,-99.000000,-99.000000,-99.000000,-1,1
68475,584085,3.920222,37270.479187,37270.590452,0, 0, 0, 0,-99.000000,-99.000000,-99.000000,-1,0
68475,584086,4.008603,37270.567569,37270.678833,1, 0, 0, 1,1.206788,-9.999981,1.415973,-1,3
68475,584087,4.266882,37270.825847,37270.937112,1, 0, 0, 1,7.219577,-1.332022,8.174665,-1,2
68475,584088,4.290024,37270.848988,37270.960253,1, 0, 0, 1,6.864711,-2.679500,2.527835,-1,4
68475,584089,4.330059,37270.889024,37271.000289,1, 0, 0, 1,0.164959,-4.188977,-15.754485,-1,2
68475,584090,4.446091,37271.005055,37271.116321,1, 0, 0, 1,3.098070,-3.638916,20.058335,-1,2
68475,584091,4.566785,37271.125749,37271.237014,1, 0, 0, 1,6.044582,2.080416,-3.343633,-1,2
68475,584092,4.673555,37271.232519,37271.343785,1, 0, 0, 1,-0.278935,2.526310,-15.880356,-1,2
68475,584093,4.811111,37271.370075,37271.481340,0, 0, 0, 0,-99.000000,-99.000000,-99.000000,-1,1
68475,584094,4.963581,37271.522544,37271.633811,1, 0, 0, 1,-6.099536,-1.165568,-11.360659,-1,2
68475,584095,5.086263,37271.645226,37271.756492,0, 0, 0, 0,-99.000000,-99.000000,-99.000000,-1,1
68475,584096,5.103214,37271.662177,37271.773444,1, 0, 0, 1,-6.408657,0.857600,-6.235577,-1,2
68475,584097,5.121181,37271.680144,37271.791411,1, 0, 0, 1,-0.777236,-3.395329,-13.641432,-1,3
68475,584098,5.122484,37271.681447,37271.792713,1, 0, 0, 1,-0.716741,1.881659,7.582601,-1,2
68475,584099,5.146641,37271.705604,37271.816870,1, 0, 0, 1,-4.895649,5.716789,-14.840983,-1,2
68475,584100,5.192615,37271.751578,37271.862845,1, 0, 0, 1,3.998458,-6.433936,-10.691732,-1,2
68475,584101,5.253408,37271.812371,37271.923637,1, 0, 0, 1,1.410460,-3.344087,4.012675,-1,2
68475,584102,5.269496,37271.828459,37271.939726,0, 0, 0, 0,-99.000000,-99.000000,-99.000000,-1,0
68475,584103,5.272749,37271.831712,37271.942979,1, 0, 0, 1,-7.091001,-2.569299,-9.549644,-1,2
68475,584104,5.553493,37272.112455,37272.223723,1, 0, 0, 1,-0.760608,-3.503914,-1.922221,-1,2
68475,584105,5.664738,37272.223700,37272.334968,0, 0, 0, 0,-99.000000,-99.000000,-99.000000,-1,1
68475,584106,5.691059,37272.250021,37272.361288,0, 0, 0, 0,-99.000000,-99.000000,-99.000000,-1,1
68475,584107,5.780831,37272.339793,37272.451060,0, 0, 0, 0,-99.000000,-99.000000,-99.000000,-1,1
68475,584108,5.893084,37272.452046,37272.563314,0, 0, 0, 0,-99.000000,-99.000000,-99.000000,-1,1
68475,584109,5.942119,37272.501081,37272.612349,1, 0, 0, 1,-2.213671,2.172948,5.988606,-1,2
68475,584110,6.076430,37272.635391,37272.746660,1, 0, 0, 1,1.282615,9.603141,9.577628,-1,4
68475,584111,6.167484,37272.726445,37272.837713,0, 0, 0, 0,-99.000000,-99.000000,-99.000000,-1,1
68475,584112,6.178356,37272.737316,37272.848585,0, 0, 0, 0,-99.000000,-99.000000,-99.000000,-1,1
68475,584113,6.200032,37272.758993,37272.870261,0, 0, 0, 0,-99.000000,-99.000000,-99.000000,-1,0
68475,584114,6.601896,37273.160856,37273.272126,1, 0, 0, 1,-1.948584,-4.213117,6.636225,-1,2
68475,584115,6.839058,37273.398018,37273.509288,0, 0, 0, 0,-99.000000,-99.000000,-99.000000,-1,1
68475,584116,7.007270,37273.566230,37273.677500,1, 0, 0, 1,7.936161,9.468288,-21.380157,-1,3
68475,584117,7.016851,37273.575810,37273.687081,0, 0, 0, 0,-99.000000,-99.000000,-99.000000,-1,1
68475,584118,7.034472,37273.593431,37273.704701,0, 0, 0, 0,-99.000000,-99.000000,-99.000000,-1,0
68475,584119,7.236504,37273.795463,37273.906733,0, 0, 0, 0,-99.000000,-99.000000,-99.000000,-1,1
68475,584120,7.289716,37273.848674,37273.959945,0, 0, 0, 0,-99.000000,-99.000000,-99.000000,-1,1
68475,584121,7.313393,37273.872351,37273.983622,1, 0, 0, 1,-2.265194,-4.364826,12.587197,-1,2
68475,584122,7.385563,37273.944521,37274.055792,1, 0, 0, 1,3.492459,7.487431,-20.069233,-1,2
68475,584123,7.427709,37273.986667,37274.097938,1, 0, 0, 1,4.234819,5.495085,-10.524346,-1,2
68475,584124,7.467027,37274.025985,37274.137257,1, 0, 0, 1,-2.225897,7.120228,12.249048,-1,2
68475,584125,7.586558,37274.145515,37274.256787,0, 0, 0, 0,-99.000000,-99.000000,-99.000000,-1,1
68475,584126,7.657555,37274.216513,37274.327785,0, 0, 0, 0,-99.000000,-99.000000,-99.000000,-1,0
68475,584127,7.691660,37274.250618,37274.361889,1, 0, 0, 1,-5.139568,4.465239,-8.579873,-1,2
68475,584128,7.698990,37274.257948,37274.369220,1, 0, 0, 1,0.559083,6.058004,-9.923570,-1,2
68475,584129,7.754466,37274.313423,37274.424695,1, 0, 0, 1,6.540770,-4.746350,10.690495,-1,2
68475,584130,7.764265,37274.323223,37274.434495,1, 0, 0, 1,5.992277,5.879099,-6.320399,-1,2
68475,584131,7.986662,37274.545619,37274.656892,1, 0, 0, 1,0.311390,0.882428,10.946160,-1,2
68475,584132,8.031761,37274.590718,37274.701990,1, 0, 0, 1,-5.443376,3.509001,-17.205595,-1,2
68475,584133,8.116262,37274.675219,37274.786491,0, 0, 0, 0,-99.000000,-99.000000,-99.000000,-1,0
68475,584134,8.174944,37274.733901,37274.845174,1, 0, 0, 1,-7.415468,-2.780602,6.128516,-1,2
68475,584135,8.230887,37274.789844,37274.901117,0, 0, 0, 0,-99.000000,-99.000000,-99.000000,-1,1
68475,584901,0.285487,37352.207647,37352.319076,1, 0, 0, 1,-1.917818,8.762984,-13.334700,-1,2
68475,584902,0.534099,37352.456258,37352.567688,0, 0, 0, 0,-99.000000,-99.000000,-99.000000,-1,0
68475,584903,0.574530,37352.496689,37352.608119,0, 0, 0, 0,-99.000000,-99.000000,-99.000000,-1,1
68475,584904,0.605455,37352.527614,37352.639044,0, 0, 0, 0,-99.000000,-99.000000,-99.000000,-1,1
68475,584905,0.806625,37352.728784,37352.840214,0, 0, 0, 0,-99.000000,-99.000000,-99.000000,-1,1
68475,584906,1.182048,37353.104206,37353.215637,1, 0, 0, 1,0.399145,2.071594,-16.817110,-1,2
68475,584907,1.336790,37353.258948,37353.370379,1, 0, 0, 1,-7.750372,4.260641,-4.153593,-1,2
68475,584908,1.394444,37353.316601,37353.428033,1, 0, 0, 1,-1.387310,-0.555180,-4.327118,-1,2
68475,584909,1.502096,37353.424253,37353.535685,1, 0, 0, 1,2.039190,8.079914,12.548318,-1,2
68475,584910,1.551038,37353.473195,37353.584627,1, 0, 0, 1,-2.135870,4.948192,-6.839941,-1,2
68475,584911,1.555448,37353.477605,37353.589037,0, 0, 0, 0,-99.000000,-99.000000,-99.000000,-1,1
68475,584912,1.604817,37353.526974,37353.638406,0, 0, 0, 0,-99.000000,-99.000000,-99.000000,-1,1
68475,584913,1.741454,37353.663610,37353.775043,0, 0, 0, 0,-99.000000,-99.000000,-99.000000,-1,1
68475,584914,1.816011,37353.738168,37353.849600,1, 0, 0, 1,3.106138,0.731681,-3.167623,-1,2
68475,584915,1.818841,37353.740997,37353.852430,1, 0, 0, 1,7.896764,-0.561301,8.382994,-1,2
68475,584916,1.921082,37353.843238,37353.954671,1, 0, 0, 1,10.329729,7.182213,-9.957117,-1,2
68475,584917,1.964194,37353.886351,37353.997783,1, 0, 0, 1,-2.712135,-0.680601,8.010137,-1,2
68475,584918,1.992832,37353.914988,37354.026421,0, 0, 0, 0,-99.000000,-99.000000,-99.000000,-1,1
68475,584919,2.041953,37353.964110,37354.075543,0, 0, 0, 0,-99.000000,-99.000000,-99.000000,-1,1
68475,584920,2.248525,37354.170680,37354.282114,0, 0, 0, 0,-99.000000,-99.000000,-99.000000,-1,1
68475,584921,2.506922,37354.429077,37354.540511,1, 0, 0, 1,0.085775,1.737660,3.477133,-1,2
68475,584922,2.510542,37354.432697,37354.544131,1, 0, 0, 1,-0.950627,7.263374,-15.369096,-1,2
68475,584923,2.531710,37354.453866,37354.565300,1, 0, 0, 1,10.168211,5.569834,-1.537737,-1,2
68475,584924,2.557865,37354.480020,37354.591454,0, 0, 0, 0,-99.000000,-99.000000,-99.000000,-1,1
68475,584925,2.719406,37354.641560,37354.752995,0, 0, 0, 0,-99.000000,-99.000000,-99.000000,-1,0
68475,584926,2.967644,37354.889799,37355.001234,1, 0, 0, 1,4.180333,-5.302794,15.162989,-1,2
68475,584927,2.978489,37354.900644,37355.012078,0, 0, 0, 0,-99.000000,-99.000000,-99.000000,-1,1
68475,584928,3.121156,37355.043310,37355.154745,1, 0, 0, 1,-3.155637,-7.488857,11.648590,-1,2
68475,584929,3.138044,37355.060198,37355.171633,1, 0, 0, 1,4.678235,-2.651673,-6.339046,-1,2
68475,584930,3.172383,37355.094536,37355.205972,0, 0, 0, 0,-99.000000,-99.000000,-99.000000,-1,1
68475,584931,3.348830,37355.270983,37355.382419,0, 0, 0, 0,-99.000000,-99.000000,-99.000000,-1,0
68475,584932,3.399030,37355.321183,37355.432619,1, 0, 0, 1,-5.343836,-5.922795,-14.375822,-1,2
68475,584933,3.513068,37355.435222,37355.546658,0, 0, 0, 0,-99.000000,-99.000000,-99.000000,-1,1
68475,584934,3.568963,37355.491116,37355.602552,0, 0, 0, 0,-99.000000,-99.000000,-99.000000,-1,1
68475,584935,3.951970,37355.874122,37355.985559,0, 0, 0, 0,-99.000000,-99.000000,-99.000000,-1,1
68475,584936,4.012290,37355.934443,37356.045880,1, 0, 0, 1,-6.719912,0.888331,-4.547333,-1,2
68475,584937,4.698206,37356.620357,37356.731795,1, 0, 0, 1,6.473714,2.019013,0.356201,-1,2
68475,584938,4.712210,37356.634361,37356.745799,0, 0, 0, 0,-99.000000,-99.000000,-99.000000,-1,1
68475,584939,4.957193,37356.879343,37356.990782,1, 0, 0, 1,9.548735,0.238638,6.089354,-1,2
68475,584940,5.029947,37356.952097,37357.063536,1, 0, 0, 1,-5.488434,6.368514,5.983444,-1,2
68475,584941,5.062334,37356.984484,37357.095923,1, 0, 0, 1,-3.666267,9.126164,-4.314962,-1,2
68475,584942,5.072780,37356.994930,37357.106369,0, 0, 0, 0,-99.000000,-99.000000,-99.000000,-1,0
68475,584943,5.216617,37357.138766,37357.250206,1, 0, 0, 1,4.101963,3.048516,-14.253393,-1,2
68475,584944,5.237189,37357.159339,37357.270779,1, 0, 0, 1,0.774630,-3.948858,-11.623005,-1,2
68475,584945,5.430976,37357.353125,37357.464565,0, 0, 0, 0,-99.000000,-99.000000,-99.000000,-1,1
68475,584946,5.462501,37357.384650,37357.496090,0, 0, 0, 0,-99.000000,-99.000000,-99.000000,-1,0
68475,584947,5.607765,37357.529914,37357.641354,1, 0, 0, 1,-14.590388,9.139109,0.987413,-1,2
68475,584948,5.633150,37357.555299,37357.666739,0, 0, 0, 0,-99.000000,-99.000000,-99.000000,-1,0
68475,584949,5.729516,37357.651664,37357.763105,1, 0, 0, 1,-6.897280,5.673964,-15.068596,-1,2
68475,584950,5.782831,37357.704980,37357.816420,1, 0, 0, 1,-10.354127,-3.863215,-14.096268,-1,2
68475,584951,5.895187,37357.817335,37357.928776,1, 0, 0, 1,3.749435,1.265838,-17.336569,-1,2
68475,584952,6.162918,37358.085066,37358.196508,0, 0, 0, 0,-99.000000,-99.000000,-99.000000,-1,1
68475,584953,6.239713,37358.161860,37358.273302,1, 0, 0, 1,5.412882,-0.117709,-1.597266,-1,2
68475,584954,6.314529,37358.236676,37358.348118,1, 0, 0, 1,0.940470,-7.261738,-2.408073,-1,2
68475,584955,6.402191,37358.324338,37358.435780,1, 0, 0, 1,-7.852895,0.037403,-18.678247,-1,2
68475,584956,6.445211,37358.367358,37358.478800,0, 0, 0, 0,-99.000000,-99.000000,-99.000000,-1,1
68475,584957,6.810464,37358.732611,37358.844054,1, 0, 0, 1,-5.845194,-0.537651,6.846273,-1,2
68475,584958,6.905868,37358.828015,37358.939457,0, 0, 0, 0,-99.000000,-99.000000,-99.000000,-1,1
68475,584959,6.915261,37358.837407,37358.948850,0, 0, 0, 0,-99.000000,-99.000000,-99.000000,-1,1
68475,584960,7.003853,37358.925999,37359.037442,0, 0, 0, 0,-99.000000,-99.000000,-99.000000,-1,1
68475,584961,7.022862,37358.945008,37359.056451,0, 0, 0, 0,-99.000000,-99.000000,-99.000000,-1,1
68475,584962,7.034435,37358.956581,37359.068024,0, 0, 0, 0,-99.000000,-99.000000,-99.000000,-1,1
68475,584963,7.407200,37359.329345,37359.440789,1, 0, 0, 1,-1.262899,-0.650747,-12.691219,-1,2
68475,584964,7.687140,37359.609285,37359.720729,0, 0, 0, 0,-99.000000,-99.000000,-99.000000,-1,1
68475,584965,7.746207,37359.668352,37359.779797,1, 0, 0, 1,-0.641879,14.057543,-11.518352,-1,2
68475,584966,7.793496,37359.715640,37359.827085,0, 0, 0, 0,-99.000000,-99.000000,-99.000000,-1,0
68475,584967,7.835063,37359.757207,37359.868652,1, 0, 0, 1,-4.645334,-0.340375,2.406235,-1,2
68475,584968,7.839265,37359.761410,37359.872855,0, 0, 0, 0,-99.000000,-99.000000,-99.000000,-1,0
68475,584969,7.879104,37359.801248,37359.912693,1, 0, 0, 1,5.288089,-1.741758,7.132592,-1,2
68475,584970,7.883432,37359.805576,37359.917021,1, 0, 0, 1,-0.701597,-2.031867,6.776151,-1,2
68475,584971,8.241822,37360.163965,37360.275411,1, 0, 0, 1,2.672250,-9.999981,-2.068724,-1,3
68475,585771,0.124473,37437.398292,37437.509894,0, 0, 0, 0,-99.000000,-99.000000,-99.000000,-1,1
68475,585772,0.314665,37437.588483,37437.700086,0, 0, 0, 0,-99.000000,-99.000000,-99.000000,-1,0
68475,585773,0.471844,37437.745662,37437.857265,1, 0, 0, 1,-8.327399,2.109125,19.968356,-1,2
68475,585774,0.517651,37437.791469,37437.903072,1, 0, 0, 1,0.610146,-7.124333,11.208149,-1,2
68475,585775,0.549814,37437.823632,37437.935235,1, 0, 0, 1,0.492761,1.277740,13.655005,-1,2
68475,585776,0.598678,37437.872495,37437.984098,0, 0, 0, 0,-99.000000,-99.000000,-99.000000,-1,1
68475,585777,0.772656,37438.046473,37438.158077,1, 0, 0, 1,-2.897292,5.158953,18.680793,-1,2
68475,585778,0.838781,37438.112599,37438.224202,1, 0, 0, 1,1.645220,-1.884494,-6.331868,-1,2
68475,585779,1.036055,37438.309872,37438.421476,1, 0, 0, 1,2.250920,-5.064400,6.947687,-1,2
68475,585780,1.038682,37438.312499,37438.424103,0, 0, 0, 0,-99.000000,-99.000000,-99.000000,-1,1
68475,585781,1.350670,37438.624486,37438.736090,0, 0, 0, 0,-99.000000,-99.000000,-99.000000,-1,1
68475,585782,1.536457,37438.810273,37438.921878,0, 0, 0, 0,-99.000000,-99.000000,-99.000000,-1,0
68475,585783,1.673350,37438.947166,37439.058771,0, 0, 0, 0,-99.000000,-99.000000,-99.000000,-1,1
68475,585784,1.873409,37439.147224,37439.258830,1, 0, 0, 1,2.392264,-5.469798,9.803740,-1,2
68475,585785,1.963595,37439.237410,37439.349016,0, 0, 0, 0,-99.000000,-99.000000,-99.000000,-1,1
68475,585786,2.063235,37439.337050,37439.448656,0, 0, 0, 0,-99.000000,-99.000000,-99.000000,-1,1
68475,585787,2.146375,37439.420189,37439.531795,0, 0, 0, 0,-99.000000,-99.000000,-99.000000,-1,1
68475,585788,2.232795,37439.506610,37439.618216,1, 0, 0, 1,7.946808,-1.354648,-20.053148,-1,2
68475,585789,2.235434,37439.509248,37439.620854,1, 0, 0, 1,3.619430,3.040668,-14.025530,-1,2
68475,585790,2.262488,37439.536302,37439.647908,1, 0, 0, 1,5.481327,2.259144,1.999421,-1,3
68475,585791,2.328149,37439.601963,37439.713570,0, 0, 0, 0,-99.000000,-99.000000,-99.000000,-1,0
68475,585792,2.432166,37439.705980,37439.817586,0, 0, 0, 0,-99.000000,-99.000000,-99.000000,-1,0
68475,585793,2.464440,37439.738254,37439.849860,0, 0, 0, 0,-99.000000,-99.000000,-99.000000,-1,0
68475,585794,2.480540,37439.754354,37439.865961,0, 0, 0, 0,-99.000000,-99.000000,-99.000000,-1,1
68475,585795,2.494275,37439.768089,37439.879696,1, 0, 0, 1,4.535506,-7.735871,8.830226,-1,3
68475,585796,2.529472,37439.803286,37439.914893,1, 0, 0, 1,4.726057,-0.444187,7.325224,-1,2
68475,585797,2.617674,37439.891488,37440.003095,0, 0, 0, 0,-99.000000,-99.000000,-99.000000,-1,1
68475,585798,2.625297,37439.899111,37440.010718,0, 0, 0, 0,-99.000000,-99.000000,-99.000000,-1,1
68475,585799,2.632661,37439.906475,37440.018082,0, 0, 0, 0,-99.000000,-99.000000,-99.000000,-1,1
68475,585800,2.636592,37439.910406,37440.022013,1, 0, 0, 1,-3.703148,6.985693,-7.534905,-1,2
68475,585801,3.032550,37440.306362,37440.417970,0, 0, 0, 0,-99.000000,-99.000000,-99.000000,-1,0
68475,585802,3.195139,37440.468951,37440.580560,1, 0, 0, 1,2.457280,7.461238,5.163817,-1,2
68475,585803,3.451982,37440.725794,37440.837403,0, 0, 0, 0,-99.000000,-99.000000,-99.000000,-1,1
68475,585804,3.501095,37440.774907,37440.886516,0, 0, 0, 0,-99.000000,-99.000000,-99.000000,-1,1
68475,585805,3.555743,37440.829555,37440.941164,1, 0, 0, 1,3.360848,5.139808,19.408831,-1,2
68475,585806,3.782338,37441.056149,37441.167758,1, 0, 0, 1,-6.668533,2.591208,-21.201627,-1,2
68475,585807,4.050507,37441.324317,37441.435927,1, 0, 0, 1,-5.375612,-0.708584,-2.920716,-1,2
68475,585808,4.128242,37441.402053,37441.513663,0, 0, 0, 0,-99.000000,-99.000000,-99.000000,-1,1
68475,585809,4.148391,37441.422201,37441.533811,1, 0, 0, 1,4.427221,0.617302,10.932050,-1,2
68475,585810,4.248992,37441.522802,37441.634412,1, 0, 0, 1,5.924618,-8.355318,-19.074739,-1,2
68475,585811,4.294476,37441.568286,37441.679896,1, 0, 0, 1,5.625824,3.953434,4.619057,-1,2
68475,585812,4.359521,37441.633332,37441.744942,1, 0, 0, 1,-5.303951,-1.724980,-19.596521,-1,2
68475,585813,4.624159,37441.897969,37442.009580,1, 0, 0, 1,7.640031,-2.573162,4.426593,-1,2
68475,585814,4.647616,37441.921426,37442.033037,0, 0, 0, 0,-99.000000,-99.000000,-99.000000,-1,1
68475,585815,4.780242,37442.054051,37442.165662,1, 0, 0, 1,4.624789,5.052345,-16.309316,-1,2
68475,585816,4.879009,37442.152818,37442.264429,0, 0, 0, 0,-99.000000,-99.000000,-99.000000,-1,1
68475,585817,5.112246,37442.386055,37442.497667,1, 0, 0, 1,-3.643088,-3.699991,-6.257304,-1,2
68475,585818,5.147387,37442.421196,37442.532808,0, 0, 0, 0,-99.000000,-99.000000,-99.000000,-1,1
68475,585819,5.164051,37442.437859,37442.549471,0, 0, 0, 0,-99.000000,-99.000000,-99.000000,-1,0
68475,585820,5.164130,37442.437939,37442.549551,0, 0, 0, 0,-99.000000,-99.000000,-99.000000,-1,0
68475,585821,5.165289,37442.439097,37442.550709,0, 0, 0, 0,-99.000000,-99.000000,-99.000000,-1,0
68475,585822,5.175828,37442.449637,37442.561249,1, 0, 0, 1,4.895600,13.949102,-1.362031,-1,2
68475,585823,5.297104,37442.570912,37442.682525,0, 0, 0, 0,-99.000000,-99.000000,-99.000000,-1,1
68475,585824,5.355222,37442.629030,37442.740643,0, 0, 0, 0,-99.000000,-99.000000,-99.000000,-1,1
68475,585825,5.489946,37442.763753,37442.875366,1, 0, 0, 1,-3.801379,9.527391,-13.959852,-1,2
68475,585826,5.549553,37442.823361,37442.934974,1, 0, 0, 1,-3.042934,0.799212,20.438303,-1,2
68475,585827,5.682389,37442.956197,37443.067810,1, 0, 0, 1,1.742530,-9.293207,18.677190,-1,2
68475,585828,5.867390,37443.141197,37443.252811,1, 0, 0, 1,-2.876551,5.938246,-12.835706,-1,2
68475,585829,6.017062,37443.290868,37443.402482,1, 0, 0, 1,4.009612,6.957492,-8.269035,-1,4
68475,585830,6.111536,37443.385342,37443.496956,1, 0, 0, 1,2.833106,-5.543853,-2.074021,-1,2
68475,585831,6.326443,37443.600249,37443.711864,1, 0, 0, 1,-2.977447,-7.511790,-4.554766,-1,2
68475,585832,6.843250,37444.117056,37444.228671,0, 0, 0, 0,-99.000000,-99.000000,-99.000000,-1,0
68475,585833,6.978015,37444.251819,37444.363435,0, 0, 0, 0,-99.000000,-99.000000,-99.000000,-1,0
68475,585834,7.388256,37444.662060,37444.773677,0, 0, 0, 0,-99.000000,-99.000000,-99.000000,-1,1
68475,585835,7.431925,37444.705729,37444.817346,0, 0, 0, 0,-99.000000,-99.000000,-99.000000,-1,1
68475,585836,7.442347,37444.716151,37444.827768,1, 0, 0, 1,8.000007,-1.378642,22.049871,-1,2
68475,585837,7.532693,37444.806497,37444.918114,1, 0, 0, 1,1.145281,6.435441,-0.941303,-1,2
68475,585838,7.609104,37444.882907,37444.994524,1, 0, 0, 1,5.875789,-0.943084,-19.864717,-1,2
68475,585839,7.660390,37444.934193,37445.045810,1, 0, 0, 1,-2.952920,-0.006931,-0.826266,-1,2
68475,585840,7.677157,37444.950960,37445.062578,1, 0, 0, 1,5.963854,3.940083,-12.249598,-1,2
68475,585841,7.788787,37445.062590,37445.174207,0, 0, 0, 0,-99.000000,-99.000000,-99.000000,-1,1
68475,585842,7.889497,37445.163300,37445.274917,0, 0, 0, 0,-99.000000,-99.000000,-99.000000,-1,1
68475,585843,8.170607,37445.444410,37445.556028,1, 0, 0, 1,-0.920196,-4.645282,21.341288,-1,2
68475,585844,8.187017,37445.460819,37445.572437,0, 0, 0, 0,-99.000000,-99.000000,-99.000000,-1,1
68475,586656,0.011705,37522.658684,37522.770459,1, 0, 0, 1,0.760007,1.477911,2.407522,-1,2
68475,586657,0.089806,37522.736786,37522.848561,1, 0, 0, 1,5.776191,0.923935,-15.952852,-1,2
68475,586658,0.148988,37522.795967,37522.907742,0, 0, 0, 0,-99.000000,-99.000000,-99.000000,-1,1
68475,586659,0.153261,37522.800240,37522.912015,1, 0, 0, 1,-1.034806,9.152789,7.252694,-1,2
68475,586660,0.231164,37522.878144,37522.989919,1, 0, 0, 1,6.027167,-1.141796,0.259292,-1,2
68475,586661,0.423446,37523.070425,37523.182200,0, 0, 0, 0,-99.000000,-99.000000,-99.000000,-1,0
68475,586662,0.449199,37523.096177,37523.207953,0, 0, 0, 0,-99.000000,-99.000000,-99.000000,-1,1
68475,586663,0.738899,37523.385877,37523.497653,0, 0, 0, 0,-99.000000,-99.000000,-99.000000,-1,1
68475,586664,0.871591,37523.518569,37523.630346,0, 0, 0, 0,-99.000000,-99.000000,-99.000000,-1,1
68475,586665,1.027124,37523.674102,37523.785878,1, 0, 0, 1,2.501698,-4.600079,14.794976,-1,2
68475,586666,1.161578,37523.808556,37523.920332,0, 0, 0, 0,-99.000000,-99.000000,-99.000000,-1,0
68475,586667,1.225150,37523.872127,37523.983904,1, 0, 0, 1,-2.491536,-4.732429,-21.168238,-1,2
68475,586668,1.230508,37523.877486,37523.989263,1, 0, 0, 1,1.535463,-3.172833,1.403251,-1,2
68475,586669,1.298480,37523.945457,37524.057235,1, 0, 0, 1,7.282184,-0.181994,-10.772561,-1,2
68475,586670,1.464742,37524.111719,37524.223496,0, 0, 0, 0,-99.000000,-99.000000,-99.000000,-1,0
68475,586671,1.521317,37524.168294,37524.280071,0, 0, 0, 0,-99.000000,-99.000000,-99.000000,-1,1
68475,586672,1.797952,37524.444928,37524.556706,0, 0, 0, 0,-99.000000,-99.000000,-99.000000,-1,0
68475,586673,2.164748,37524.811723,37524.923502,1, 0, 0, 1,2.466179,-6.873007,-2.466321,-1,2
68475,586674,2.229190,37524.876165,37524.987944,0, 0, 0, 0,-99.000000,-99.000000,-99.000000,-1,1
68475,586675,2.235638,37524.882614,37524.994393,1, 0, 0, 1,0.218691,-0.013371,16.561317,-1,2
68475,586676,2.329819,37524.976794,37525.088573,1, 0, 0, 1,-5.850565,2.227326,-4.318226,-1,2
68475,586677,2.395861,37525.042836,37525.154615,1, 0, 0, 1,2.271552,-4.125711,-3.281161,-1,2
68475,586678,2.401798,37525.048773,37525.160553,1, 0, 0, 1,8.004086,-1.454610,8.116160,-1,3
68475,586679,2.437378,37525.084353,37525.196132,1, 0, 0, 1,1.601393,-10.234079,18.293454,-1,2
68475,586680,2.508372,37525.155347,37525.267127,0, 0, 0, 0,-99.000000,-99.000000,-99.000000,-1,0
68475,586681,2.608866,37525.255840,37525.367620,1, 0, 0, 1,2.558613,2.531118,13.064411,-1,2
68475,586682,2.802178,37525.449152,37525.560933,0, 0, 0, 0,-99.000000,-99.000000,-99.000000,-1,1
68475,586683,2.805171,37525.452145,37525.563925,0, 0, 0, 0,-99.000000,-99.000000,-99.000000,-1,0
68475,586684,2.897210,37525.544184,37525.655964,1, 0, 0, 1,-8.747503,-2.160519,22.432735,-1,2
68475,586685,3.011600,37525.658573,37525.770354,1, 0, 0, 1,6.976051,1.572495,-2.882710,-1,2
68475,586686,3.054488,37525.701462,37525.813242,1, 0, 0, 1,-4.070252,3.627134,7.422075,-1,2
68475,586687,3.117458,37525.764432,37525.876213,1, 0, 0, 1,-2.663463,-0.984930,6.959950,-1,4
68475,586688,3.142341,37525.789315,37525.901095,1, 0, 0, 1,-2.337584,-2.369874,-12.195534,-1,2
68475,586689,3.187864,37525.834838,37525.946619,1, 0, 0, 1,-5.558893,-9.238304,1.627238,-1,2
68475,586690,3.359798,37526.006771,37526.118552,0, 0, 0, 0,-99.000000,-99.000000,-99.000000,-1,0
68475,586691,3.618891,37526.265864,37526.377645,0, 0, 0, 0,-99.000000,-99.000000,-99.000000,-1,1
68475,586692,3.652551,37526.299523,37526.411305,1, 0, 0, 1,-5.514530,0.296507,2.665969,-1,2
68475,586693,3.688803,37526.335775,37526.447557,0, 0, 0, 0,-99.000000,-99.000000,-99.000000,-1,0
68475,586694,3.834871,37526.481843,37526.593625,1, 0, 0, 1,-4.791185,-1.364267,13.267558,-1,2
68475,586695,4.166436,37526.813407,37526.925190,1, 0, 0, 1,7.155224,11.329432,21.664623,-1,2
68475,586696,4.217579,37526.864550,37526.976333,0, 0, 0, 0,-99.000000,-99.000000,-99.000000,-1,1
68475,586697,4.413805,37527.060776,37527.172559,1, 0, 0, 1,0.304403,13.912301,0.875470,-1,2
68475,586698,4.424299,37527.071270,37527.183053,0, 0, 0, 0,-99.000000,-99.000000,-99.000000,-1,1
68475,586699,4.673480,37527.320450,37527.432234,1, 0, 0, 1,6.251706,-1.742844,13.512010,-1,2
68475,586700,4.697529,37527.344500,37527.456284,1, 0, 0, 1,-2.630080,2.625537,18.206265,-1,2
68475,586701,4.720795,37527.367765,37527.479549,0, 0, 0, 0,-99.000000,-99.000000,-99.000000,-1,1
68475,586702,4.725407,37527.372377,37527.484161,0, 0, 0, 0,-99.000000,-99.000000,-99.000000,-1,1
68475,586703,5.013371,37527.660340,37527.772125,1, 0, 0, 1,-6.882502,0.023799,5.651583,-1,2
68475,586704,5.366164,37528.013133,37528.124919,1, 0, 0, 1,-2.178446,-3.041138,6.123979,-1,2
68475,586705,5.427355,37528.074324,37528.186109,1, 0, 0, 1,-6.250141,-0.884480,4.943666,-1,2
68475,586706,5.428104,37528.075073,37528.186858,0, 0, 0, 0,-99.000000,-99.000000,-99.000000,-1,1
68475,586707,5.665528,37528.312496,37528.424282,0, 0, 0, 0,-99.000000,-99.000000,-99.000000,-1,1
68475,586708,5.690693,37528.337661,37528.449447,1, 0, 0, 1,-2.935878,-5.364917,5.460769,-1,2
68475,586709,5.761473,37528.408441,37528.520228,1, 0, 0, 1,2.678978,0.988340,-3.581084,-1,2
68475,586710,5.903863,37528.550831,37528.662617,0, 0, 0, 0,-99.000000,-99.000000,-99.000000,-1,1
68475,586711,6.095374,37528.742342,37528.854128,0, 0, 0, 0,-99.000000,-99.000000,-99.000000,-1,1
68475,586712,6.225266,37528.872233,37528.984020,0, 0, 0, 0,-99.000000,-99.000000,-99.000000,-1,1
68475,586713,6.234067,37528.881034,37528.992821,1, 0, 0, 1,0.332262,-5.883083,22.858798,-1,2
68475,586714,6.305421,37528.952388,37529.064176,1, 0, 0, 1,0.340231,-9.284491,5.039674,-1,2
68475,586715,6.350582,37528.997549,37529.109336,0, 0, 0, 0,-99.000000,-99.000000,-99.000000,-1,1
68475,586716,6.420848,37529.067815,37529.179603,1, 0, 0, 1,4.667140,-0.582025,8.522107,-1,2
68475,586717,6.576349,37529.223316,37529.335104,1, 0, 0, 1,-5.062375,-5.652685,-10.142758,-1,2
68475,586718,6.605977,37529.252944,37529.364732,0, 0, 0, 0,-99.000000,-99.000000,-99.000000,-1,1
68475,586719,6.650515,37529.297481,37529.409269,0, 0, 0, 0,-99.000000,-99.000000,-99.000000,-1,1
68475,586720,6.768628,37529.415594,37529.527383,1, 0, 0, 1,-1.360653,5.160477,-4.318808,-1,2
68475,586721,6.786165,37529.433131,37529.544919,0, 0, 0, 0,-99.000000,-99.000000,-99.000000,-1,1
68475,586722,6.939144,37529.586110,37529.697899,1, 0, 0, 1,10.234507,-7.447244,20.097469,-1,2
68475,586723,7.078586,37529.725551,37529.837340,0, 0, 0, 0,-99.000000,-99.000000,-99.000000,-1,1
68475,586724,7.232424,37529.879389,37529.991178,0, 0, 0, 0,-99.000000,-99.000000,-99.000000,-1,1
68475,586725,7.293135,37529.940100,37530.051889,1, 0, 0, 1,-2.396271,-3.192069,19.113810,-1,2
68475,586726,7.334697,37529.981662,37530.093451,1, 0, 0, 1,3.276576,0.703099,3.272091,-1,2
68475,586727,7.605641,37530.252605,37530.364395,1, 0, 0, 1,7.515220,2.567601,8.721102,-1,2
68475,586728,7.652361,37530.299325,37530.411115,0, 0, 0, 0,-99.000000,-99.000000,-99.000000,-1,1
68475,586729,7.683382,37530.330346,37530.442136,1, 0, 0, 1,2.652513,7.668346,15.315623,-1,2
68475,586730,7.960392,37530.607356,37530.719146,1, 0, 0, 1,2.438412,5.985397,4.947935,-1,2
68475,586731,7.967334,37530.614298,37530.726089,0, 0, 0, 0,-99.000000,-99.000000,-99.000000,-1,1
68475,586732,8.143811,37530.790775,37530.902566,1, 0, 0, 1,-1.729977,2.504583,19.883119,-1,2
68475,586733,8.241634,37530.888597,37531.000388,1, 0, 0, 1,0.585582,2.479266,-9.280887,-1,2
68475,587532,0.173000,37608.196012,37608.307960,1, 0, 0, 1,-2.592619,5.947889,6.233807,-1,2
68475,587533,0.263755,37608.286767,37608.398715,1, 0, 0, 1,-4.833120,-4.444040,-20.397625,-1,2
68475,587534,0.274329,37608.297341,37608.409289,0, 0, 0, 0,-99.000000,-99.000000,-99.000000,-1,1
68475,587535,0.469610,37608.492620,37608.604569,1, 0, 0, 1,-0.586134,2.328578,21.856113,-1,2
68475,587536,0.474537,37608.497547,37608.609496,0, 0, 0, 0,-99.000000,-99.000000,-99.000000,-1,1
68475,587537,0.551496,37608.574507,37608.686456,0, 0, 0, 0,-99.000000,-99.000000,-99.000000,-1,1
68475,587538,0.630829,37608.653839,37608.765788,0, 0, 0, 0,-99.000000,-99.000000,-99.000000,-1,0
68475,587539,0.685243,37608.708254,37608.820203,0, 0, 0, 0,-99.000000,-99.000000,-99.000000,-1,1
68475,587540,0.757999,37608.781009,37608.892959,1, 0, 0, 1,-1.912755,-0.735050,-12.958484,-1,2
68475,587541,1.486293,37609.509302,37609.621253,0, 0, 0, 0,-99.000000,-99.000000,-99.000000,-1,1
68475,587542,1.541232,37609.564241,37609.676192,0, 0, 0, 0,-99.000000,-99.000000,-99.000000,-1,1
68475,587543,1.566607,37609.589616,37609.701567,1, 0, 0, 1,6.017064,-2.740601,-18.668761,-1,2
68475,587544,1.580529,37609.603538,37609.715489,0, 0, 0, 0,-99.000000,-99.000000,-99.000000,-1,0
68475,587545,1.891673,37609.914681,37610.026632,1, 0, 0, 1,6.189183,-2.692142,-22.152832,-1,2
68475,587546,2.046791,37610.069799,37610.181751,0, 0, 0, 0,-99.000000,-99.000000,-99.000000,-1,0
68475,587547,2.053266,37610.076274,37610.188226,1, 0, 0, 1,2.651451,0.730040,15.037376,-1,2
68475,587548,2.178176,37610.201183,37610.313135,0, 0, 0, 0,-99.000000,-99.000000,-99.000000,-1,1
68475,587549,2.204417,37610.227425,37610.339377,0, 0, 0, 0,-99.000000,-99.000000,-99.000000,-1,0
68475,587550,2.222153,37610.245161,37610.357113,0, 0, 0, 0,-99.000000,-99.000000,-99.000000,-1,1
68475,587551,2.306057,37610.329064,37610.441016,0, 0, 0, 0,-99.000000,-99.000000,-99.000000,-1,0
68475,587552,2.379907,37610.402914,37610.514867,0, 0, 0, 0,-99.000000,-99.000000,-99.000000,-1,1
68475,587553,2.590533,37610.613539,37610.725492,0, 0, 0, 0,-99.000000,-99.000000,-99.000000,-1,1
68475,587554,2.617223,37610.640229,37610.752182,1, 0, 0, 1,-3.129678,-3.243915,0.443206,-1,2
68475,587555,2.626622,37610.649628,37610.761581,1, 0, 0, 1,2.292623,-8.925504,-3.676994,-1,2
68475,587556,2.816412,37610.839418,37610.951372,0, 0, 0, 0,-99.000000,-99.000000,-99.000000,-1,1
68475,587557,2.924363,37610.947369,37611.059323,0, 0, 0, 0,-99.000000,-99.000000,-99.000000,-1,1
68475,587558,3.039609,37611.062614,37611.174568,1, 0, 0, 1,0.073708,7.905206,-6.700420,-1,2
68475,587559,3.115182,37611.138187,37611.250141,1, 0, 0, 1,-3.330255,3.138806,15.853954,-1,2
68475,587560,3.677068,37611.700072,37611.812028,0, 0, 0, 0,-99.000000,-99.000000,-99.000000,-1,1
68475,587561,3.859569,37611.882573,37611.994529,0, 0, 0, 0,-99.000000,-99.000000,-99.000000,-1,0
68475,587562,4.028379,37612.051383,37612.163339,1, 0, 0, 1,-7.174221,7.194127,8.686486,-1,2
68475,587563,4.148325,37612.171329,37612.283285,0, 0, 0, 0,-99.000000,-99.000000,-99.000000,-1,1
68475,587564,4.254329,37612.277332,37612.389288,1, 0, 0, 1,5.859628,-2.975577,-12.998533,-1,2
68475,587565,4.320214,37612.343217,37612.455173,0, 0, 0, 0,-99.000000,-99.000000,-99.000000,-1,0
68475,587566,4.359626,37612.382629,37612.494585,0, 0, 0, 0,-99.000000,-99.000000,-99.000000,-1,1
68475,587567,4.554858,37612.577861,37612.689818,1, 0, 0, 1,3.038697,-6.576752,7.378108,-1,2
68475,587568,4.755885,37612.778887,37612.890845,0, 0, 0, 0,-99.000000,-99.000000,-99.000000,-1,1
68475,587569,4.830425,37612.853427,37612.965385,1, 0, 0, 1,3.825429,-6.025332,-10.987370,-1,2
68475,587570,5.078482,37613.101483,37613.213441,1, 0, 0, 1,-1.947856,-5.182326,20.445106,-1,2
68475,587571,5.112962,37613.135963,37613.247921,1, 0, 0, 1,-5.415382,9.577184,-13.757768,-1,7
68475,587572,5.308460,37613.331461,37613.443419,0, 0, 0, 0,-99.000000,-99.000000,-99.000000,-1,1
68475,587573,5.355791,37613.378792,37613.490751,1, 0, 0, 1,3.435590,-0.396664,9.455440,-1,2
68475,587574,5.356281,37613.379282,37613.491241,0, 0, 0, 0,-99.000000,-99.000000,-99.000000,-1,1
68475,587575,5.400933,37613.423934,37613.535892,1, 0, 0, 1,-7.783474,-0.108324,5.901121,-1,2
68475,587576,5.540274,37613.563274,37613.675233,1, 0, 0, 1,-7.267397,-2.348085,11.227860,-1,2
68475,587577,5.587075,37613.610076,37613.722035,1, 0, 0, 1,-0.587755,-3.088143,7.620891,-1,2
68475,587578,5.672914,37613.695915,37613.807874,0, 0, 0, 0,-99.000000,-99.000000,-99.000000,-1,1
68475,587579,5.678070,37613.701070,37613.813029,1, 0, 0, 1,8.124821,-4.107240,2.596257,-1,2
68475,587580,5.693684,37613.716685,37613.828644,0, 0, 0, 0,-99.000000,-99.000000,-99.000000,-1,0
68475,587581,5.702368,37613.725368,37613.837328,0, 0, 0, 0,-99.000000,-99.000000,-99.000000,-1,0
68475,587582,5.920748,37613.943748,37614.055707,0, 0, 0, 0,-99.000000,-99.000000,-99.000000,-1,0
68475,587583,6.136186,37614.159185,37614.271146,0, 0, 0, 0,-99.000000,-99.000000,-99.000000,-1,1
68475,587584,6.136666,37614.159665,37614.271625,1, 0, 0, 1,3.806213,-4.882461,17.458322,-1,2
68475,587585,6.279496,37614.302496,37614.414456,1, 0, 0, 1,-8.298551,3.880055,13.134982,-1,2
68475,587586,6.308280,37614.331279,37614.443240,1, 0, 0, 1,1.358889,-0.490596,9.696643,-1,2
68475,587587,6.315199,37614.338198,37614.450158,0, 0, 0, 0,-99.000000,-99.000000,-99.000000,-1,1
68475,587588,6.528854,37614.551853,37614.663814,1, 0, 0, 1,6.564185,-1.026109,-16.700555,-1,2
68475,587589,6.652609,37614.675607,37614.787568,0, 0, 0, 0,-99.000000,-99.000000,-99.000000,-1,1
68475,587590,6.725515,37614.748513,37614.860474,1, 0, 0, 1,-0.655081,-7.158759,-19.894022,-1,2
68475,587591,6.759741,37614.782740,37614.894701,1, 0, 0, 1,-3.347318,1.679178,7.555426,-1,2
68475,587592,6.776221,37614.799219,37614.911180,1, 0, 0, 1,-6.940197,2.620201,-13.654438,-1,2
68475,587593,6.829502,37614.852500,37614.964461,1, 0, 0, 1,-3.784746,-3.732748,-5.401895,-1,2
68475,587594,6.894357,37614.917355,37615.029316,1, 0, 0, 1,-3.000843,7.639152,13.752755,-1,2
68475,587595,6.937010,37614.960008,37615.071970,1, 0, 0, 1,-3.006846,-3.925575,-12.358518,-1,2
68475,587596,7.040322,37615.063320,37615.175282,1, 0, 0, 1,-6.628642,7.011225,14.624232,-1,2
68475,587597,7.262236,37615.285233,37615.397195,1, 0, 0, 1,-2.665114,-1.754294,0.340811,-1,2
68475,587598,7.317246,37615.340243,37615.452206,1, 0, 0, 1,-4.540380,2.114328,19.853547,-1,2
68475,587599,7.658941,37615.681938,37615.793901,1, 0, 0, 1,-5.602838,6.848175,17.310593,-1,2
68475,587600,7.695136,37615.718133,37615.830096,0, 0, 0, 0,-99.000000,-99.000000,-99.000000,-1,1
68475,587601,7.851382,37615.874378,37615.986342,0, 0, 0, 0,-99.000000,-99.000000,-99.000000,-1,1
68475,587602,7.935726,37615.958722,37616.070686,1, 0, 0, 1,-9.676694,1.913624,-3.848306,-1,2
68475,587603,8.035533,37616.058529,37616.170492,1, 0, 0, 1,-1.723404,-1.564151,16.081421,-1,2
68475,587604,8.225555,37616.248550,37616.360515,1, 0, 0, 1,-4.778297,7.992129,-2.639937,-1,2
68475,588338,0.000011,37693.371635,37693.483755,1, 0, 0, 1,-2.838504,5.332769,15.578016,-1,2
68475,588339,0.056849,37693.428473,37693.540594,0, 0, 0, 0,-99.000000,-99.000000,-99.000000,-1,1
68475,588340,0.141785,37693.513408,37693.625529,1, 0, 0, 1,4.353972,-1.673466,-0.052015,-1,2
68475,588341,0.158323,37693.529947,37693.642067,0, 0, 0, 0,-99.000000,-99.000000,-99.000000,-1,1
68475,588342,0.193342,37693.564966,37693.677087,1, 0, 0, 1,6.185664,-2.774988,-11.532274,-1,6
68475,588343,0.329832,37693.701456,37693.813577,0, 0, 0, 0,-99.000000,-99.000000,-99.000000,-1,1
68475,588344,0.425282,37693.796905,37693.909026,0, 0, 0, 0,-99.000000,-99.000000,-99.000000,-1,0
68475,588345,0.479934,37693.851557,37693.963678,1, 0, 0, 1,5.132401,6.254849,6.794398,-1,2
68475,588346,0.667653,37694.039275,37694.151397,0, 0, 0, 0,-99.000000,-99.000000,-99.000000,-1,1
68475,588347,0.753130,37694.124753,37694.236875,1, 0, 0, 1,10.059991,1.127786,15.385933,-1,2
68475,588348,0.783973,37694.155595,37694.267717,1, 0, 0, 1,4.423086,0.236456,5.656415,-1,2
68475,588349,0.810873,37694.182495,37694.294617,0, 0, 0, 0,-99.000000,-99.000000,-99.000000,-1,1
68475,588350,0.921901,37694.293523,37694.405645,0, 0, 0, 0,-99.000000,-99.000000,-99.000000,-1,0
68475,588351,0.945230,37694.316853,37694.428975,1, 0, 0, 1,1.101677,-4.331990,16.766458,-1,2
68475,588352,0.992692,37694.364315,37694.476437,0, 0, 0, 0,-99.000000,-99.000000,-99.000000,-1,1
68475,588353,1.047681,37694.419303,37694.531425,0, 0, 0, 0,-99.000000,-99.000000,-99.000000,-1,1
68475,588354,1.060656,37694.432278,37694.544401,0, 0, 0, 0,-99.000000,-99.000000,-99.000000,-1,1
68475,588355,1.575156,37694.946777,37695.058900,0, 0, 0, 0,-99.000000,-99.000000,-99.000000,-1,1
68475,588356,1.950664,37695.322284,37695.434409,1, 0, 0, 1,-4.986460,-3.144200,-7.352196,-1,2
68475,588357,1.993048,37695.364669,37695.476793,0, 0, 0, 0,-99.000000,-99.000000,-99.000000,-1,1
68475,588358,2.039115,37695.410735,37695.522860,1, 0, 0, 1,-4.958695,-1.795398,-12.513431,-1,2
68475,588359,2.206361,37695.577981,37695.690106,1, 0, 0, 1,7.808304,1.859373,-13.153203,-1,2
68475,588360,2.366780,37695.738399,37695.850525,0, 0, 0, 0,-99.000000,-99.000000,-99.000000,-1,1
68475,588361,2.377788,37695.749408,37695.861533,1, 0, 0, 1,2.828820,-10.183364,10.740767,-1,2
68475,588362,2.593647,37695.965266,37696.077391,0, 0, 0, 0,-99.000000,-99.000000,-99.000000,-1,0
68475,588363,2.596757,37695.968376,37696.080501,1, 0, 0, 1,-0.529850,-2.305720,17.595873,-1,2
68475,588364,2.603142,37695.974761,37696.086887,0, 0, 0, 0,-99.000000,-99.000000,-99.000000,-1,1
68475,588365,2.637469,37696.009088,37696.121213,1, 0, 0, 1,5.772739,1.517005,-4.634256,-1,2
68475,588366,2.815165,37696.186783,37696.298909,1, 0, 0, 1,4.355697,-4.515537,10.606515,-1,2
68475,588367,3.033094,37696.404712,37696.516838,1, 0, 0, 1,-5.623024,-3.979035,4.348075,-1,2
68475,588368,3.348635,37696.720252,37696.832380,0, 0, 0, 0,-99.000000,-99.000000,-99.000000,-1,1
68475,588369,3.559354,37696.930971,37697.043098,1, 0, 0, 1,-2.506247,-2.890130,0.927484,-1,2
68475,588370,3.657528,37697.029144,37697.141272,1, 0, 0, 1,2.451145,6.841695,19.067689,-1,2
68475,588371,3.680904,37697.052521,37697.164649,0, 0, 0, 0,-99.000000,-99.000000,-99.000000,-1,1
68475,588372,3.711649,37697.083266,37697.195394,0, 0, 0, 0,-99.000000,-99.000000,-99.000000,-1,0
68475,588373,3.718388,37697.090005,37697.202133,1, 0, 0, 1,-0.396881,-0.054328,2.798657,-1,2
68475,588374,3.827021,37697.198637,37697.310765,1, 0, 0, 1,-7.551826,-2.387612,8.643466,-1,2
68475,588375,3.858063,37697.229679,37697.341808,0, 0, 0, 0,-99.000000,-99.000000,-99.000000,-1,1
68475,588376,4.374929,37697.746544,37697.858673,0, 0, 0, 0,-99.000000,-99.000000,-99.000000,-1,1
68475,588377,4.602039,37697.973654,37698.085784,1, 0, 0, 1,3.692204,16.877290,38.203422,-1,2
68475,588378,4.848952,37698.220566,37698.332696,1, 0, 0, 1,-0.562033,1.307462,2.250113,-1,2
68475,588379,5.072887,37698.444501,37698.556632,0, 0, 0, 0,-99.000000,-99.000000,-99.000000,-1,1
68475,588380,5.247068,37698.618681,37698.730812,1, 0, 0, 1,2.895729,-16.748709,19.098196,-1,2
68475,588381,5.514802,37698.886415,37698.998546,1, 0, 0, 1,-0.513958,0.400591,-12.171508,-1,2
68475,588382,5.719674,37699.091286,37699.203418,1, 0, 0, 1,-4.292476,2.877599,0.148793,-1,2
68475,588383,5.740349,37699.111962,37699.224094,0, 0, 0, 0,-99.000000,-99.000000,-99.000000,-1,1
68475,588384,5.752262,37699.123875,37699.236007,0, 0, 0, 0,-99.000000,-99.000000,-99.000000,-1,1
68475,588385,5.774896,37699.146508,37699.258641,1, 0, 0, 1,5.329368,-2.998617,1.230149,-1,2
68475,588386,5.965043,37699.336655,37699.448788,1, 0, 0, 1,8.248455,-1.435287,20.765802,-1,2
68475,588387,6.002660,37699.374272,37699.486405,1, 0, 0, 1,-0.928665,2.036730,17.471943,-1,2
68475,588388,6.041672,37699.413284,37699.525416,0, 0, 0, 0,-99.000000,-99.000000,-99.000000,-1,1
68475,588389,6.399948,37699.771559,37699.883693,1, 0, 0, 1,-6.772164,-4.121836,-4.683876,-1,3
68475,588390,6.405945,37699.777556,37699.889689,1, 0, 0, 1,-2.112578,-0.202653,-20.701943,-1,2
68475,588391,6.592332,37699.963942,37700.076076,1, 0, 0, 1,-3.325342,-3.322921,-14.978861,-1,2
68475,588392,6.608849,37699.980460,37700.092594,0, 0, 0, 0,-99.000000,-99.000000,-99.000000,-1,0
68475,588393,6.611844,37699.983454,37700.095588,1, 0, 0, 1,8.689484,-4.333750,-21.803054,-1,2
68475,588394,6.802225,37700.173835,37700.285969,1, 0, 0, 1,2.496565,10.470791,-13.850220,-1,2
68475,588395,6.863093,37700.234704,37700.346838,1, 0, 0, 1,6.642985,-11.182142,6.231352,-1,2
68475,588396,6.937658,37700.309269,37700.421403,0, 0, 0, 0,-99.000000,-99.000000,-99.000000,-1,0
68475,588397,7.040109,37700.411719,37700.523854,1, 0, 0, 1,7.724962,-2.577021,-9.437772,-1,3
68475,588398,7.219401,37700.591010,37700.703146,1, 0, 0, 1,4.986551,-3.232824,-5.623812,-1,2
68475,588399,7.404524,37700.776133,37700.888269,0, 0, 0, 0,-99.000000,-99.000000,-99.000000,-1,0
68475,588400,7.541998,37700.913607,37701.025742,0, 0, 0, 0,-99.000000,-99.000000,-99.000000,-1,1
68475,588401,7.557466,37700.929075,37701.041211,1, 0, 0, 1,-7.324071,2.017499,15.457401,-1,2
68475,588402,7.585991,37700.957600,37701.069736,1, 0, 0, 1,-7.319754,6.239592,-14.894695,-1,2
68475,588403,7.587070,37700.958678,37701.070814,0, 0, 0, 0,-99.000000,-99.000000,-99.000000,-1,0
68475,588404,7.615321,37700.986929,37701.099065,1, 0, 0, 1,3.681935,-2.772617,-0.373843,-1,2
68475,588405,7.789897,37701.161506,37701.273642,0, 0, 0, 0,-99.000000,-99.000000,-99.000000,-1,1
68475,588406,7.832068,37701.203676,37701.315813,0, 0, 0, 0,-99.000000,-99.000000,-99.000000,-1,0
68475,588407,7.888636,37701.260245,37701.372381,1, 0, 0, 1,4.133209,-1.327021,-4.182589,-1,2
68475,588408,7.997344,37701.368952,37701.481089,1, 0, 0, 1,-1.363908,-5.499089,-2.594567,-1,2
68475,588409,8.029568,37701.401176,37701.513313,1, 0, 0, 1,-1.638083,-1.002621,12.421951,-1,3
68475,588410,8.117849,37701.489457,37701.601594,1, 0, 0, 1,5.592099,3.470295,-16.097189,-1,2
68475,588411,8.216296,37701.587904,37701.700041,0, 0, 0, 0,-99.000000,-99.000000,-99.000000,-1,0
68475,588412,8.270492,37701.642100,37701.754237,1, 0, 0, 1,0.652818,4.482966,-18.356169,-1,2
68475,588413,8.293774,37701.665381,37701.777519,0, 0, 0, 0,-99.000000,-99.000000,-99.000000,-1,0
68475,588414,8.344997,37701.716604,37701.828741,0, 0, 0, 0,-99.000000,-99.000000,-99.000000,-1,1
68475,588415,8.426956,37701.798563,37701.910701,1, 0, 0, 1,4.221686,-0.734565,-2.405037,-1,2
68475,588416,8.472224,37701.843831,37701.955969,0, 0, 0, 0,-99.000000,-99.000000,-99.000000,-1,1
68475,588417,9.190679,37702.562284,37702.674424,1, 0, 0, 1,4.456813,-0.316236,-12.971884,-1,2
68475,588418,9.296978,37702.668583,37702.780723,1, 0, 0, 1,3.982721,-5.032931,-16.351797,-1,2
68475,588419,9.393970,37702.765575,37702.877714,0, 0, 0, 0,-99.000000,-99.000000,-99.000000,-1,0
68475,588420,9.606317,37702.977922,37703.090062,0, 0, 0, 0,-99.000000,-99.000000,-99.000000,-1,1
68475,588421,9.758659,37703.130264,37703.242404,1, 0, 0, 1,-5.582934,-1.533986,-17.533828,-1,2
68475,588422,9.767597,37703.139201,37703.251342,1, 0, 0, 1,2.056108,0.295219,10.934478,-1,2
68475,588423,9.800795,37703.172400,37703.284540,1, 0, 0, 1,7.666015,-2.389757,0.280008,-1,2
68475,588424,9.850113,37703.221717,37703.333858,1, 0, 0, 1,3.354848,1.215657,7.431550,-1,2
68475,588425,9.858368,37703.229973,37703.342113,1, 0, 0, 1,-8.154109,1.363625,-5.252448,-1,2
68475,588426,9.950258,37703.321862,37703.434002,0, 0, 0, 0,-99.000000,-99.000000,-99.000000,-1,1
68475,588427,9.980626,37703.352230,37703.464371,0, 0, 0, 0,-99.000000,-99.000000,-99.000000,-1,1
68475,588428,10.142383,37703.513986,37703.626128,1, 0, 0, 1,9.300390,6.676514,-5.060509,-1,2
68475,588429,10.235650,37703.607254,37703.719395,1, 0, 0, 1,-7.904772,4.265993,-6.043898,-1,2
68475,588430,10.279777,37703.651380,37703.763521,0, 0, 0, 0,-99.000000,-99.000000,-99.000000,-1,0
68475,588431,10.358018,37703.729622,37703.841763,0, 0, 0, 0,-99.000000,-99.000000,-99.000000,-1,1
68475,588432,10.614973,37703.986575,37704.098717,0, 0, 0, 0,-99.000000,-99.000000,-99.000000,-1,1
68475,588433,10.814119,37704.185721,37704.297863,1, 0, 0, 1,-1.182208,-10.475319,0.014137,-1,2
68475,588434,10.965269,37704.336871,37704.449013,1, 1, 0, 1,-0.080883,-1.533890,3.099616,-1,2
68475,588435,10.976963,37704.348565,37704.460708,0, 0, 0, 0,-99.000000,-99.000000,-99.000000,-1,0
68475,588436,11.088912,37704.460514,37704.572657,0, 0, 0, 0,-99.000000,-99.000000,-99.000000,-1,0
68475,588437,11.099752,37704.471353,37704.583496,1, 0, 0, 1,-0.214460,-2.695058,8.113907,-1,2
68475,588438,11.429427,37704.801028,37704.913172,1, 0, 0, 1,0.264127,8.605652,-9.385260,-1,3
68475,588439,11.488149,37704.859750,37704.971894,1, 0, 0, 1,-8.335066,0.131074,12.452289,-1,2
68475,588440,11.495747,37704.867348,37704.979492,1, 0, 0, 1,5.271977,4.725177,7.305348,-1,2
68475,588441,11.595660,37704.967261,37705.079405,0, 0, 0, 0,-99.000000,-99.000000,-99.000000,-1,1
68475,588442,11.616657,37704.988258,37705.100402,1, 0, 0, 1,0.647721,-4.106028,2.886111,-1,2
68475,588443,11.766832,37705.138432,37705.250577,0, 0, 0, 0,-99.000000,-99.000000,-99.000000,-1,0
68475,588444,11.939045,37705.310645,37705.422790,0, 0, 0, 0,-99.000000,-99.000000,-99.000000,-1,1
68475,588445,12.317594,37705.689193,37705.801338,0, 0, 0, 0,-99.000000,-99.000000,-99.000000,-1,1
68475,588446,12.433815,37705.805414,37705.917560,0, 0, 0, 0,-99.000000,-99.000000,-99.000000,-1,1
68475,588447,12.561929,37705.933528,37706.045674,1, 0, 0, 1,1.762385,-5.046023,13.342641,-1,2
68475,588448,12.718006,37706.089604,37706.201750,0, 0, 0, 0,-99.000000,-99.000000,-99.000000,-1,0
68475,588449,12.900255,37706.271853,37706.383999,0, 0, 0, 0,-99.000000,-99.000000,-99.000000,-1,1
68475,588450,13.005748,37706.377346,37706.489493,0, 0, 0, 0,-99.000000,-99.000000,-99.000000,-1,0
68475,588451,13.373138,37706.744736,37706.856883,1, 0, 0, 1,9.999981,-7.212264,8.943708,-1,3
68475,588452,13.403123,37706.774720,37706.886867,0, 0, 0, 0,-99.000000,-99.000000,-99.000000,-1,1
68475,588453,13.672930,37707.044527,37707.156675,0, 0, 0, 0,-99.000000,-99.000000,-99.000000,-1,0
68475,588454,13.911315,37707.282911,37707.395059,1, 0, 0, 1,-7.139545,2.630820,17.102238,-1,2
68475,588455,14.112918,37707.484514,37707.596663,1, 0, 0, 1,-1.697557,0.642066,-0.094790,-1,2
68475,588456,14.164790,37707.536386,37707.648535,1, 0, 0, 1,3.739509,-1.041985,-20.890422,-1,2
68475,588457,14.387740,37707.759335,37707.871484,1, 0, 0, 1,0.362769,-2.194274,13.470781,-1,2
68475,588458,14.448669,37707.820264,37707.932413,1, 0, 0, 1,3.207349,-14.722030,7.898436,-1,2
68475,588459,14.677415,37708.049010,37708.161160,0, 0, 0, 0,-99.000000,-99.000000,-99.000000,-1,1
68475,588460,14.687636,37708.059230,37708.171381,0, 0, 0, 0,-99.000000,-99.000000,-99.000000,-1,0
68475,588461,14.699294,37708.070888,37708.183038,1, 0, 0, 1,-3.493194,12.007916,-3.204030,-1,2
68475,588462,14.741809,37708.113403,37708.225554,0, 0, 0, 0,-99.000000,-99.000000,-99.000000,-1,0
68475,588463,15.175997,37708.547590,37708.659741,1, 0, 0, 1,-0.398191,6.096167,7.328306,-1,2
68475,588464,15.354462,37708.726055,37708.838207,0, 0, 0, 0,-99.000000,-99.000000,-99.000000,-1,0
68475,588465,15.410988,37708.782581,37708.894732,1, 0, 0, 1,2.568805,5.840740,15.055034,-1,2
68475,588466,15.490122,37708.861715,37708.973867,1, 0, 0, 1,1.880954,-8.063825,17.489446,-1,2
68475,588467,15.507386,37708.878978,37708.991130,0, 0, 0, 0,-99.000000,-99.000000,-99.000000,-1,1
68475,588468,15.609756,37708.981348,37709.093500,0, 0, 0, 0,-99.000000,-99.000000,-99.000000,-1,0
68475,588469,15.687722,37709.059315,37709.171467,0, 0, 0, 0,-99.000000,-99.000000,-99.000000,-1,1
68475,588470,15.714586,37709.086179,37709.198331,1, 0, 0, 1,1.444280,-0.683068,10.559587,-1,2
68475,588471,15.753020,37709.124613,37709.236765,1, 0, 0, 1,3.044937,-0.134518,3.233415,-1,2
68475,588472,16.176031,37709.547623,37709.659776,0, 0, 0, 0,-99.000000,-99.000000,-99.000000,-1,1
68475,588473,16.401378,37709.772969,37709.885123,1, 0, 0, 1,3.712253,-7.817943,-7.649943,-1,2
68475,588474,16.455782,37709.827373,37709.939527,1, 0, 0, 1,-3.449653,-3.096845,5.100582,-1,2
68475,588475,16.471504,37709.843095,37709.955249,1, 0, 0, 1,-2.217611,-1.158413,-1.447497,-1,2
68475,588476,16.582697,37709.954287,37710.066442,1, 0, 0, 1,-3.426704,-0.539248,14.331631,-1,2
68475,588477,16.596400,37709.967991,37710.080145,1, 0, 0, 1,-0.111136,-2.721855,-18.140810,-1,2
68475,588478,16.597871,37709.969461,37710.081615,0, 0, 0, 0,-99.000000,-99.000000,-99.000000,-1,1
68475,588479,17.024222,37710.395812,37710.507966,0, 0, 0, 0,-99.000000,-99.000000,-99.000000,-1,0
68475,588480,17.150644,37710.522233,37710.634389,0, 0, 0, 0,-99.000000,-99.000000,-99.000000,-1,1
68475,588481,17.289793,37710.661382,37710.773537,1, 0, 0, 1,-4.914510,6.155501,5.027046,-1,2
68475,588482,17.305643,37710.677232,37710.789387,1, 0, 0, 1,3.751687,-0.781796,5.079836,-1,2
68475,588483,17.442950,37710.814539,37710.926695,0, 0, 0, 0,-99.000000,-99.000000,-99.000000,-1,1
68475,588484,17.757431,37711.129019,37711.241176,1, 0, 0, 1,4.752200,6.002225,16.258492,-1,2
68475,588485,17.777311,37711.148899,37711.261055,0, 0, 0, 0,-99.000000,-99.000000,-99.000000,-1,0
68475,588486,18.184805,37711.556392,37711.668549,0, 0, 0, 0,-99.000000,-99.000000,-99.000000,-1,1
68475,588487,18.300343,37711.671930,37711.784087,0, 0, 0, 0,-99.000000,-99.000000,-99.000000,-1,1
68475,588488,18.303443,37711.675031,37711.787188,1, 0, 0, 1,3.399738,4.053504,0.259173,-1,2
68475,588489,18.352755,37711.724342,37711.836500,1, 0, 0, 1,-1.636550,3.335238,8.400670,-1,2
68475,588490,18.370348,37711.741935,37711.854092,0, 0, 0, 0,-99.000000,-99.000000,-99.000000,-1,1
68475,588491,18.396016,37711.767603,37711.879760,1, 0, 0, 1,5.932566,-1.389304,-9.653270,-1,2
68475,588492,18.492654,37711.864240,37711.976398,0, 0, 0, 0,-99.000000,-99.000000,-99.000000,-1,1
68475,588493,18.567361,37711.938948,37712.051106,1, 0, 0, 1,-1.272673,-8.494714,-8.256269,-1,2
68475,588494,18.633867,37712.005454,37712.117612,0, 0, 0, 0,-99.000000,-99.000000,-99.000000,-1,1
68475,588495,18.732316,37712.103903,37712.216061,0, 0, 0, 0,-99.000000,-99.000000,-99.000000,-1,1
68475,588496,18.909818,37712.281404,37712.393562,0, 0, 0, 0,-99.000000,-99.000000,-99.000000,-1,1
68475,588497,19.227685,37712.599270,37712.711429,1, 0, 0, 1,-5.845134,5.658219,-12.648871,-1,2
68475,588498,19.357111,37712.728696,37712.840856,1, 0, 0, 1,7.511469,-3.271821,14.060405,-1,2
68475,588499,19.466205,37712.837790,37712.949949,1, 0, 0, 1,-5.887282,-4.815948,-16.948280,-1,2
68475,588500,19.508738,37712.880322,37712.992482,0, 0, 0, 0,-99.000000,-99.000000,-99.000000,-1,1
68475,588501,19.669361,37713.040945,37713.153105,0, 0, 0, 0,-99.000000,-99.000000,-99.000000,-1,1
68475,588502,19.821308,37713.192892,37713.305053,1, 0, 0, 1,4.058378,-0.077305,8.680947,-1,2
68475,588503,19.984138,37713.355722,37713.467883,0, 0, 0, 0,-99.000000,-99.000000,-99.000000,-1,0
68475,588504,20.320244,37713.691827,37713.803988,1, 0, 0, 1,4.281079,-1.982369,-14.712629,-1,2
68475,588505,20.384283,37713.755866,37713.868028,0, 0, 0, 0,-99.000000,-99.000000,-99.000000,-1,0
68475,588506,20.398072,37713.769655,37713.881816,0, 0, 0, 0,-99.000000,-99.000000,-99.000000,-1,0
68475,588507,20.438033,37713.809616,37713.921777,1, 0, 0, 1,7.109423,-2.133960,5.879577,-1,2
68475,588508,20.590422,37713.962004,37714.074166,1, 0, 0, 1,6.426580,-2.718036,-7.987853,-1,2
68475,588509,20.756728,37714.128310,37714.240472,0, 0, 0, 0,-99.000000,-99.000000,-99.000000,-1,0
68475,588510,21.068128,37714.439710,37714.551873,1, 0, 0, 1,-1.642326,-6.013223,-22.088868,-1,2
68475,588511,21.564251,37714.935831,37715.047995,1, 0, 0, 1,-4.612400,-2.598196,7.689324,-1,2
68475,588512,21.688580,37715.060161,37715.172325,0, 0, 0, 0,-99.000000,-99.000000,-99.000000,-1,1
68475,588513,21.729995,37715.101575,37715.213739,0, 0, 0, 0,-99.000000,-99.000000,-99.000000,-1,0
68475,588514,21.759967,37715.131547,37715.243711,0, 0, 0, 0,-99.000000,-99.000000,-99.000000,-1,1
68475,588515,21.918024,37715.289603,37715.401768,1, 0, 0, 1,-2.687656,-1.784502,17.203371,-1,2
68475,588516,22.021332,37715.392912,37715.505077,1, 0, 0, 1,-4.687423,6.624714,14.993535,-1,2
68475,588517,22.045148,37715.416728,37715.528893,1, 0, 0, 1,-8.671740,-0.659517,14.850872,-1,2
68475,588518,22.167293,37715.538873,37715.651038,1, 0, 0, 1,-3.606348,-8.943130,17.135546,-1,3
68475,588519,22.352324,37715.723903,37715.836069,1, 0, 0, 1,7.131568,-2.263936,17.436192,-1,2
68475,588520,22.360234,37715.731812,37715.843978,1, 0, 0, 1,-3.367274,-0.378050,-3.424972,-1,2
68475,588521,22.362454,37715.734032,37715.846198,1, 0, 0, 1,0.673385,-7.662182,17.564177,-1,2
68475,588522,22.558998,37715.930577,37716.042743,0, 0, 0, 0,-99.000000,-99.000000,-99.000000,-1,0
68475,588523,22.568568,37715.940146,37716.052313,0, 0, 0, 0,-99.000000,-99.000000,-99.000000,-1,1
68475,588524,22.859944,37716.231522,37716.343688,0, 0, 0, 0,-99.000000,-99.000000,-99.000000,-1,0
68475,588525,22.967059,37716.338636,37716.450803,1, 0, 0, 1,-0.872654,-1.329529,-0.272142,-1,2
68475,588526,23.041484,37716.413062,37716.525229,1, 0, 0, 1,7.810669,1.775348,4.432363,-1,2
68475,588527,23.160563,37716.532140,37716.644308,0, 0, 0, 0,-99.000000,-99.000000,-99.000000,-1,1
68475,588528,23.218100,37716.589678,37716.701845,0, 0, 0, 0,-99.000000,-99.000000,-99.000000,-1,0
68475,588529,23.407886,37716.779463,37716.891631,0, 0, 0, 0,-99.000000,-99.000000,-99.000000,-1,1
68475,588530,23.446018,37716.817595,37716.929763,0, 0, 0, 0,-99.000000,-99.000000,-99.000000,-1,1
68475,588531,23.461300,37716.832876,37716.945044,1, 0, 0, 1,0.724366,3.252469,14.482769,-1,2
68475,588532,23.497985,37716.869561,37716.981729,1, 0, 0, 1,-0.275730,-1.474767,-9.097097,-1,2
68475,588533,23.576734,37716.948311,37717.060479,1, 0, 0, 1,3.135281,-1.233527,-3.536482,-1,2
68475,588534,23.745495,37717.117072,37717.229240,1, 0, 0, 1,10.316210,8.092822,9.448963,-1,2
68475,588535,23.830499,37717.202075,37717.314244,0, 0, 0, 0,-99.000000,-99.000000,-99.000000,-1,1
68475,588536,23.837917,37717.209492,37717.321661,1, 0, 0, 1,-7.498352,-1.873105,9.817940,-1,2
68475,588537,23.869567,37717.241142,37717.353311,0, 0, 0, 0,-99.000000,-99.000000,-99.000000,-1,1
68475,588538,23.957609,37717.329185,37717.441354,1, 0, 0, 1,0.491665,5.568604,9.039314,-1,2
68475,588539,24.047838,37717.419414,37717.531583,0, 0, 0, 0,-99.000000,-99.000000,-99.000000,-1,1
68475,588540,24.134673,37717.506249,37717.618418,1, 0, 0, 1,1.873462,-0.668403,12.692254,-1,2
68475,588541,24.207277,37717.578852,37717.691021,1, 0, 0, 1,4.957567,-0.575756,-1.176627,-1,2
68475,588542,24.312243,37717.683818,37717.795987,1, 0, 0, 1,1.148096,-8.748736,10.417767,-1,2
68475,588543,24.397684,37717.769259,37717.881428,1, 0, 0, 1,9.031830,1.767645,12.470699,-1,2
68475,588544,24.420192,37717.791767,37717.903937,1, 0, 0, 1,0.706171,7.045504,-15.805689,-1,2
68475,588545,24.943805,37718.315379,37718.427550,1, 0, 0, 1,4.689745,-5.743576,11.691393,-1,2
68475,588546,25.134121,37718.505694,37718.617865,0, 0, 0, 0,-99.000000,-99.000000,-99.000000,-1,1
68475,588547,25.421103,37718.792676,37718.904848,1, 0, 0, 1,10.156776,29.892617,21.283608,-1,2
68475,588548,25.467524,37718.839097,37718.951269,0, 0, 0, 0,-99.000000,-99.000000,-99.000000,-1,1
68475,588549,25.485738,37718.857311,37718.969483,0, 0, 0, 0,-99.000000,-99.000000,-99.000000,-1,1
68475,588550,25.668332,37719.039904,37719.152076,1, 0, 0, 1,4.297415,1.958000,11.358068,-1,2
68475,588551,25.714534,37719.086106,37719.198278,0, 0, 0, 0,-99.000000,-99.000000,-99.000000,-1,0
68475,588552,25.866407,37719.237979,37719.350152,1, 0, 0, 1,1.765335,0.150953,-8.827465,-1,2
68475,588553,25.981806,37719.353377,37719.465550,0, 0, 0, 0,-99.000000,-99.000000,-99.000000,-1,1
68475,588554,26.099182,37719.470754,37719.582927,0, 0, 0, 0,-99.000000,-99.000000,-99.000000,-1,0
68475,588555,26.411120,37719.782691,37719.894865,1, 0, 0, 1,-2.711748,1.712545,7.216699,-1,2
68475,588556,26.602131,37719.973701,37720.085875,0, 0, 0, 0,-99.000000,-99.000000,-99.000000,-1,1
68475,588557,26.749662,37720.121232,37720.233407,1, 0, 0, 1,-3.087450,-3.810242,-14.591329,-1,2
68475,588558,26.799593,37720.171163,37720.283338,1, 0, 0, 1,2.324091,6.201816,-7.728758,-1,2
68475,588559,26.808204,37720.179774,37720.291949,1, 0, 0, 1,-5.358481,4.165230,-9.030934,-1,2
68475,588560,26.932593,37720.304163,37720.416338,0, 0, 0, 0,-99.000000,-99.000000,-99.000000,-1,1
68475,588561,27.327090,37720.698659,37720.810835,0, 0, 0, 0,-99.000000,-99.000000,-99.000000,-1,0
68475,588562,27.462521,37720.834089,37720.946265,0, 0, 0, 0,-99.000000,-99.000000,-99.000000,-1,0
68475,588563,27.484410,37720.855978,37720.968154,1, 0, 0, 1,3.208569,-4.600895,16.864065,-1,2
68475,588564,27.528268,37720.899837,37721.012013,1, 0, 0, 1,-0.646062,-6.168430,8.986551,-1,2
68475,588565,27.565162,37720.936730,37721.048906,0, 0, 0, 0,-99.000000,-99.000000,-99.000000,-1,1
68475,588566,27.648084,37721.019652,37721.131828,1, 0, 0, 1,-3.128390,6.969980,9.432987,-1,2
68475,588567,27.734664,37721.106232,37721.218409,1, 0, 0, 1,1.505203,-5.753014,-4.165968,-1,2
68475,588568,27.755419,37721.126987,37721.239163,1, 0, 0, 1,3.120578,0.786931,9.402774,-1,2
68475,588569,27.990339,37721.361907,37721.474084,0, 0, 0, 0,-99.000000,-99.000000,-99.000000,-1,1
68475,588570,28.258128,37721.629695,37721.741873,0, 0, 0, 0,-99.000000,-99.000000,-99.000000,-1,1
68475,588571,28.404087,37721.775653,37721.887831,0, 0, 0, 0,-99.000000,-99.000000,-99.000000,-1,1
68475,588572,28.436269,37721.807835,37721.920013,1, 0, 0, 1,-6.414295,-2.722987,-21.521004,-1,2
68475,588573,28.441100,37721.812667,37721.924845,0, 0, 0, 0,-99.000000,-99.000000,-99.000000,-1,1
68475,588574,28.488004,37721.859571,37721.971749,0, 0, 0, 0,-99.000000,-99.000000,-99.000000,-1,1
68475,588575,28.552862,37721.924428,37722.036607,0, 0, 0, 0,-99.000000,-99.000000,-99.000000,-1,0
68475,588576,28.559704,37721.931270,37722.043449,1, 0, 0, 1,-2.965990,-5.426843,11.902522,-1,2
68475,588577,28.575678,37721.947245,37722.059423,1, 0, 0, 1,-0.961864,1.572199,6.762820,-1,2
68475,588578,28.621255,37721.992821,37722.105000,1, 0, 0, 1,1.522634,-7.208819,15.015430,-1,2
68475,588579,28.732603,37722.104169,37722.216348,1, 0, 0, 1,0.660648,14.385712,10.654781,-1,2
68475,588580,28.733698,37722.105264,37722.217443,1, 0, 0, 1,7.047330,7.318538,-10.993206,-1,2
68475,588581,28.754463,37722.126029,37722.238207,1, 0, 0, 1,-5.389361,5.325528,12.462613,-1,2
68475,588582,28.814277,37722.185843,37722.298022,1, 0, 0, 1,-2.496575,5.455208,-11.937688,-1,2
68475,588583,28.830810,37722.202376,37722.314555,0, 0, 0, 0,-99.000000,-99.000000,-99.000000,-1,1
68475,588584,28.863622,37722.235187,37722.347366,1, 0, 0, 1,-6.671832,-2.740245,-13.648482,-1,2
68475,588585,28.965371,37722.336937,37722.449116,1, 0, 0, 1,6.409360,2.173866,16.390218,-1,2
68475,588586,29.050194,37722.421759,37722.533939,0, 0, 0, 0,-99.000000,-99.000000,-99.000000,-1,1
68475,588587,29.175022,37722.546587,37722.658767,0, 0, 0, 0,-99.000000,-99.000000,-99.000000,-1,1
68475,588588,29.387122,37722.758686,37722.870866,1, 0, 0, 1,0.525442,0.039073,-0.168534,-1,2
68475,588589,30.003134,37723.374697,37723.486878,0, 0, 0, 0,-99.000000,-99.000000,-99.000000,-1,1
68475,588590,30.049437,37723.421001,37723.533182,1, 0, 0, 1,-9.456357,-1.170907,7.352087,-1,2
68475,588591,30.104173,37723.475736,37723.587917,1, 0, 0, 1,1.739634,1.582833,-21.518662,-1,5
68475,588592,30.250328,37723.621891,37723.734073,0, 0, 0, 0,-99.000000,-99.000000,-99.000000,-1,1
68475,588593,30.310071,37723.681634,37723.793816,0, 0, 0, 0,-99.000000,-99.000000,-99.000000,-1,1
68475,588594,30.348587,37723.720150,37723.832332,0, 0, 0, 0,-99.000000,-99.000000,-99.000000,-1,1
68475,588595,30.371346,37723.742909,37723.855091,1, 0, 0, 1,5.952671,2.366695,-13.430451,-1,2
68475,588596,30.469908,37723.841470,37723.953652,0, 0, 0, 0,-99.000000,-99.000000,-99.000000,-1,1
68475,588597,30.501612,37723.873174,37723.985356,0, 0, 0, 0,-99.000000,-99.000000,-99.000000,-1,1
68475,588598,30.565860,37723.937422,37724.049604,1, 0, 0, 1,-0.324048,2.516534,9.360746,-1,2
68475,588599,30.634499,37724.006061,37724.118244,1, 0, 0, 1,2.170591,5.632062,18.598047,-1,2
68475,588600,30.698104,37724.069666,37724.181849,0, 0, 0, 0,-99.000000,-99.000000,-99.000000,-1,0
68475,588601,30.874054,37724.245615,37724.357798,1, 0, 0, 1,5.327277,2.399731,-8.647954,-1,2
68475,588602,31.051447,37724.423008,37724.535192,1, 0, 0, 1,6.858518,-3.612290,-13.219058,-1,2
68475,588603,31.173927,37724.545488,37724.657672,0, 0, 0, 0,-99.000000,-99.000000,-99.000000,-1,1
68475,588604,31.229639,37724.601200,37724.713384,1, 0, 0, 1,-2.723576,-8.917401,-15.660434,-1,2
68475,588605,31.350809,37724.722370,37724.834554,1, 0, 0, 1,-7.562377,2.343939,19.040720,-1,2
68475,588606,31.400356,37724.771917,37724.884101,1, 0, 0, 1,-2.536072,-10.480797,13.016835,-1,2
68475,588607,31.416753,37724.788313,37724.900497,1, 0, 0, 1,-2.103155,4.597989,-16.687918,-1,2
68475,588608,31.622967,37724.994527,37725.106711,0, 0, 0, 0,-99.000000,-99.000000,-99.000000,-1,1
68475,588609,31.983974,37725.355533,37725.467718,1, 0, 0, 1,5.395497,-0.716862,1.995378,-1,2
68475,588610,32.200412,37725.571971,37725.684157,1, 0, 0, 1,-2.058621,0.003055,10.387513,-1,2
68475,588611,32.226411,37725.597970,37725.710156,1, 0, 0, 1,5.053287,1.075020,5.837240,-1,2
68475,588612,32.320364,37725.691923,37725.804108,1, 0, 0, 1,-1.117943,0.952241,-11.241952,-1,2
68475,588613,32.713203,37726.084761,37726.196947,0, 0, 0, 0,-99.000000,-99.000000,-99.000000,-1,1
68475,588614,32.777274,37726.148832,37726.261019,1, 0, 0, 1,-5.890077,2.964771,13.389002,-1,2
68475,588615,32.926466,37726.298023,37726.410210,0, 0, 0, 0,-99.000000,-99.000000,-99.000000,-1,0
68475,588616,32.956333,37726.327890,37726.440077,1, 0, 0, 1,-8.073198,0.714019,-11.997193,-1,2
68475,588617,32.999760,37726.371317,37726.483504,1, 0, 0, 1,-5.330238,8.183622,5.074167,-1,2
68475,588618,33.072792,37726.444349,37726.556536,1, 0, 0, 1,4.405567,2.530851,-20.069596,-1,2
68475,588619,33.111957,37726.483514,37726.595701,0, 0, 0, 0,-99.000000,-99.000000,-99.000000,-1,1
68475,588620,33.159673,37726.531230,37726.643417,1, 0, 0, 1,-8.301514,2.873523,13.433073,-1,2
68475,588621,33.283128,37726.654685,37726.766872,1, 0, 0, 1,9.181543,-2.659013,1.744498,-1,2
68475,588622,33.298163,37726.669720,37726.781907,0, 0, 0, 0,-99.000000,-99.000000,-99.000000,-1,0
68475,588623,33.406584,37726.778141,37726.890329,1, 0, 0, 1,3.466506,-1.361320,-10.168044,-1,2
68475,588624,33.487839,37726.859395,37726.971583,1, 0, 0, 1,2.856574,2.004818,6.779995,-1,2
68475,588625,33.517448,37726.889004,37727.001193,1, 0, 0, 1,-4.380457,5.123542,-8.261870,-1,2
68475,588626,33.554784,37726.926340,37727.038528,1, 0, 0, 1,-5.788765,-1.371043,-8.215321,-1,2
68475,588627,33.659356,37727.030912,37727.143101,1, 0, 0, 1,-0.881114,2.399606,0.907120,-1,2
68475,588628,33.851175,37727.222731,37727.334920,1, 0, 0, 1,0.591774,3.423465,7.810938,-1,2
68475,588629,33.989074,37727.360629,37727.472818,1, 0, 0, 1,0.204790,-7.427159,-13.755935,-1,2
68475,588630,34.222333,37727.593888,37727.706077,1, 0, 0, 1,0.787449,-0.260436,-5.658835,-1,2
68475,588631,34.239079,37727.610634,37727.722824,1, 0, 0, 1,0.735407,-3.320147,0.903255,-1,2
68475,588632,34.341307,37727.712861,37727.825051,1, 0, 0, 1,-0.945860,-8.842834,20.462649,-1,2
68475,588633,34.559470,37727.931024,37728.043215,0, 0, 0, 0,-99.000000,-99.000000,-99.000000,-1,1
68475,588634,34.573486,37727.945040,37728.057230,1, 0, 0, 1,-5.258165,-2.088042,13.652753,-1,2
68475,588635,34.695440,37728.066994,37728.179185,1, 0, 0, 1,3.256602,-6.826363,14.127725,-1,2
68475,588636,34.794293,37728.165847,37728.278038,1, 0, 0, 1,-3.497094,-3.719342,9.449923,-1,2
68475,588637,34.930753,37728.302307,37728.414498,0, 0, 0, 0,-99.000000,-99.000000,-99.000000,-1,0
68475,588638,35.085692,37728.457245,37728.569437,1, 0, 0, 1,3.320514,-3.509644,2.225897,-1,2
68475,588639,35.093385,37728.464938,37728.577130,1, 0, 0, 1,-0.324689,-0.753901,14.530068,-1,2
68475,588640,35.102923,37728.474476,37728.586668,1, 0, 0, 1,8.326730,-4.006143,-16.804191,-1,2
68475,588641,35.126776,37728.498329,37728.610520,0, 0, 0, 0,-99.000000,-99.000000,-99.000000,-1,0
68475,588642,35.167318,37728.538871,37728.651063,1, 0, 0, 1,0.311264,-3.479739,-13.418323,-1,2
68475,588643,35.246542,37728.618095,37728.730287,1, 0, 0, 1,1.921820,-3.845662,-2.681109,-1,2
68475,588644,35.277942,37728.649495,37728.761687,0, 0, 0, 0,-99.000000,-99.000000,-99.000000,-1,1
68475,588645,35.379768,37728.751320,37728.863512,1, 0, 0, 1,6.567196,-2.959674,-7.090808,-1,2
68475,588646,35.410909,37728.782461,37728.894653,1, 0, 0, 1,7.945463,2.964380,9.601161,-1,2
68475,588647,35.776975,37729.148526,37729.260719,1, 0, 0, 1,-2.577533,3.209637,-1.309051,-1,2
68475,588648,35.786181,37729.157733,37729.269926,0, 0, 0, 0,-99.000000,-99.000000,-99.000000,-1,0
68475,588649,35.847426,37729.218978,37729.331171,1, 0, 0, 1,-4.387214,3.674854,10.561699,-1,2
68475,588650,35.935254,37729.306805,37729.418998,0, 0, 0, 0,-99.000000,-99.000000,-99.000000,-1,1
68475,588651,35.974361,37729.345912,37729.458106,0, 0, 0, 0,-99.000000,-99.000000,-99.000000,-1,1
68475,588652,35.990433,37729.361985,37729.474178,1, 0, 0, 1,2.236245,-8.459480,8.682890,-1,2
68475,588653,36.008121,37729.379672,37729.491866,1, 0, 0, 1,2.425000,8.973237,9.274073,-1,2
68475,588654,36.024392,37729.395943,37729.508137,0, 0, 0, 0,-99.000000,-99.000000,-99.000000,-1,1
68475,588655,36.107313,37729.478864,37729.591057,0, 0, 0, 0,-99.000000,-99.000000,-99.000000,-1,1
68475,588656,36.203293,37729.574844,37729.687038,0, 0, 0, 0,-99.000000,-99.000000,-99.000000,-1,1
68475,588657,36.227891,37729.599442,37729.711636,1, 0, 0, 1,4.726229,0.059738,-13.082589,-1,2
68475,588658,36.234479,37729.606030,37729.718224,1, 0, 0, 1,-0.917355,7.195613,2.135324,-1,4
68475,588659,36.527122,37729.898672,37730.010866,0, 0, 0, 0,-99.000000,-99.000000,-99.000000,-1,1
68475,588660,36.546723,37729.918273,37730.030468,1, 0, 0, 1,-4.538296,-7.242744,-15.777695,-1,2
68475,588661,36.893671,37730.265220,37730.377415,1, 0, 0, 1,4.875923,-7.313176,-10.527400,-1,2
68475,588662,36.911804,37730.283353,37730.395549,0, 0, 0, 0,-99.000000,-99.000000,-99.000000,-1,0
68475,588663,36.951561,37730.323110,37730.435306,0, 0, 0, 0,-99.000000,-99.000000,-99.000000,-1,0
68475,588664,36.980080,37730.351630,37730.463825,1, 0, 0, 1,-7.491766,-9.999981,-3.851992,-1,3
68475,588665,37.041032,37730.412581,37730.524777,0, 0, 0, 0,-99.000000,-99.000000,-99.000000,-1,0
68475,588666,37.064314,37730.435864,37730.548059,1, 0, 0, 1,3.733353,4.779786,-15.569045,-1,2
68475,588667,37.140328,37730.511877,37730.624073,1, 0, 0, 1,-0.789131,3.601914,-12.398782,-1,2
68475,588668,37.224122,37730.595671,37730.707867,1, 0, 0, 1,-0.802423,6.935732,-5.492629,-1,2
68475,588669,37.355045,37730.726593,37730.838789,1, 0, 0, 1,5.758140,-2.300154,-19.367358,-1,2
68475,588670,37.459525,37730.831073,37730.943269,1, 0, 0, 1,-5.540004,-1.497650,10.125689,-1,2
68475,588671,37.507588,37730.879136,37730.991333,1, 0, 0, 1,2.793460,-6.429075,-10.069981,-1,3
68475,588672,37.521868,37730.893416,37731.005613,1, 0, 0, 1,-2.678711,4.257513,-13.286321,-1,2
68475,588673,37.595750,37730.967298,37731.079494,1, 0, 0, 1,7.090345,-1.397563,-5.957191,-1,2
68475,588674,37.656198,37731.027746,37731.139942,1, 0, 0, 1,6.843500,0.244137,13.159523,-1,2
68475,588675,37.695960,37731.067507,37731.179704,0, 0, 0, 0,-99.000000,-99.000000,-99.000000,-1,1
68475,588676,37.885974,37731.257522,37731.369719,0, 0, 0, 0,-99.000000,-99.000000,-99.000000,-1,0
68475,588677,37.892381,37731.263928,37731.376125,0, 0, 0, 0,-99.000000,-99.000000,-99.000000,-1,1
68475,588678,37.966937,37731.338484,37731.450681,0, 0, 0, 0,-99.000000,-99.000000,-99.000000,-1,0
68475,588679,38.031311,37731.402858,37731.515056,0, 0, 0, 0,-99.000000,-99.000000,-99.000000,-1,1
68475,588680,38.035107,37731.406654,37731.518851,1, 0, 0, 1,-2.151648,0.319037,-14.563742,-1,2
68475,588681,38.108987,37731.480534,37731.592732,0, 0, 0, 0,-99.000000,-99.000000,-99.000000,-1,1
68475,588682,38.155054,37731.526601,37731.638799,1, 0, 0, 1,-0.906173,-0.434034,8.116496,-1,2
68475,588683,38.248900,37731.620446,37731.732644,1, 0, 0, 1,-8.434998,0.238288,-19.741687,-1,2
68475,588684,38.253512,37731.625059,37731.737257,1, 0, 0, 1,-5.952095,-1.363593,-12.542153,-1,2
68475,588685,38.344322,37731.715869,37731.828067,1, 0, 0, 1,8.153898,-2.351622,18.710176,-1,2
68475,588686,38.399288,37731.770835,37731.883033,0, 0, 0, 0,-99.000000,-99.000000,-99.000000,-1,1
68475,588687,38.507418,37731.878965,37731.991163,0, 0, 0, 0,-99.000000,-99.000000,-99.000000,-1,1
68475,588688,38.508113,37731.879660,37731.991858,0, 0, 0, 0,-99.000000,-99.000000,-99.000000,-1,1
68475,588689,38.640379,37732.011925,37732.124124,1, 0, 0, 1,-3.651701,7.351635,-15.629274,-1,2
68475,588690,38.705442,37732.076988,37732.189187,1, 0, 0, 1,-5.210872,6.925186,0.132123,-1,2
68475,588691,38.768893,37732.140439,37732.252638,1, 0, 0, 1,3.373964,1.013408,12.939476,-1,2
68475,588692,38.807553,37732.179098,37732.291297,0, 0, 0, 0,-99.000000,-99.000000,-99.000000,-1,1
68475,588693,38.843106,37732.214652,37732.326851,0, 0, 0, 0,-99.000000,-99.000000,-99.000000,-1,1
68475,588694,38.865882,37732.237427,37732.349626,0, 0, 0, 0,-99.000000,-99.000000,-99.000000,-1,1
68475,588695,39.055102,37732.426647,37732.538847,1, 0, 0, 1,7.516368,1.065548,-9.587544,-1,2
68475,588696,39.111827,37732.483372,37732.595571,0, 0, 0, 0,-99.000000,-99.000000,-99.000000,-1,0
68475,588697,39.258335,37732.629880,37732.742080,0, 0, 0, 0,-99.000000,-99.000000,-99.000000,-1,1
68475,588698,39.398711,37732.770255,37732.882455,0, 0, 0, 0,-99.000000,-99.000000,-99.000000,-1,1
68475,588699,39.450199,37732.821743,37732.933944,1, 0, 0, 1,-3.865251,0.637288,-18.589720,-1,2
68475,588700,39.558300,37732.929844,37733.042044,1, 0, 0, 1,-4.537819,1.659733,14.520482,-1,2
68475,588701,39.568444,37732.939988,37733.052188,1, 0, 0, 1,-4.433173,-0.982817,-16.060722,-1,2
68475,588702,39.617475,37732.989019,37733.101220,1, 0, 0, 1,2.053728,3.026052,-2.509405,-1,2
68475,588703,39.723027,37733.094571,37733.206771,1, 0, 0, 1,4.017930,-5.224382,-1.819797,-1,2
68475,588704,39.861146,37733.232689,37733.344890,1, 0, 0, 1,-2.285804,0.997129,3.548731,-1,2
68475,588705,39.961300,37733.332843,37733.445045,1, 0, 0, 1,7.650299,-5.681682,2.114780,-1,2
68475,588706,39.975081,37733.346624,37733.458825,1, 0, 0, 1,6.702934,1.199577,12.277894,-1,2
68475,588707,39.979802,37733.351346,37733.463547,1, 0, 0, 1,-2.643233,-2.816514,13.138551,-1,2
68475,588708,40.069263,37733.440806,37733.553007,1, 0, 0, 1,-2.978624,-1.462055,6.143057,-1,2
68475,588709,40.149847,37733.521390,37733.633591,1, 0, 0, 1,-6.415077,-2.736194,-2.429657,-1,2
68475,588710,40.164252,37733.535795,37733.647996,0, 0, 0, 0,-99.000000,-99.000000,-99.000000,-1,1
68475,588711,40.165182,37733.536725,37733.648927,1, 0, 0, 1,1.224027,-11.028033,14.895298,-1,2
68475,588712,40.544400,37733.915942,37734.028145,1, 0, 0, 1,-7.617165,-3.500780,-21.032849,-1,2
68475,588713,40.653345,37734.024887,37734.137090,0, 0, 0, 0,-99.000000,-99.000000,-99.000000,-1,0
68475,588714,40.935090,37734.306631,37734.418835,0, 0, 0, 0,-99.000000,-99.000000,-99.000000,-1,1
68475,588715,40.967672,37734.339213,37734.451416,0, 0, 0, 0,-99.000000,-99.000000,-99.000000,-1,0
68475,588716,40.990014,37734.361556,37734.473759,0, 0, 0, 0,-99.000000,-99.000000,-99.000000,-1,0
68475,588717,41.020193,37734.391734,37734.503938,1, 0, 0, 1,-2.683656,-3.395032,-15.403319,-1,2
68475,588718,41.047960,37734.419501,37734.531705,1, 0, 0, 1,-3.661067,6.407609,13.442343,-1,2
68475,588719,41.077380,37734.448921,37734.561124,1, 0, 0, 1,5.394063,-5.768846,-8.927970,-1,2
68475,588720,41.088362,37734.459903,37734.572107,1, 0, 0, 1,3.261110,-3.802399,3.995576,-1,2
68475,588721,41.164435,37734.535976,37734.648179,1, 0, 0, 1,2.962628,-0.916570,6.174777,-1,2
68475,588722,41.194446,37734.565987,37734.678191,0, 0, 0, 0,-99.000000,-99.000000,-99.000000,-1,1
68475,588723,41.286222,37734.657763,37734.769967,0, 0, 0, 0,-99.000000,-99.000000,-99.000000,-1,1
68475,588724,41.355902,37734.727443,37734.839647,0, 0, 0, 0,-99.000000,-99.000000,-99.000000,-1,1
68475,588725,41.606358,37734.977898,37735.090102,1, 0, 0, 1,2.741077,1.092627,4.177893,-1,2
68475,588726,41.647978,37735.019518,37735.131723,0, 0, 0, 0,-99.000000,-99.000000,-99.000000,-1,0
68475,588727,41.689264,37735.060804,37735.173008,0, 0, 0, 0,-99.000000,-99.000000,-99.000000,-1,0
68475,588728,41.735331,37735.106871,37735.219076,0, 0, 0, 0,-99.000000,-99.000000,-99.000000,-1,1
68475,588729,41.857224,37735.228763,37735.340968,0, 0, 0, 0,-99.000000,-99.000000,-99.000000,-1,1
68475,588730,41.861362,37735.232902,37735.345107,0, 0, 0, 0,-99.000000,-99.000000,-99.000000,-1,0
68475,588731,42.068540,37735.440079,37735.552284,0, 0, 0, 0,-99.000000,-99.000000,-99.000000,-1,1
68475,588732,42.523032,37735.894571,37736.006777,1, 0, 0, 1,5.452156,-0.503095,-10.356500,-1,2
68475,588733,42.979670,37736.351207,37736.463414,1, 0, 0, 1,8.403705,-1.019261,-11.228805,-1,2
68475,588734,43.132398,37736.503935,37736.616143,0, 0, 0, 0,-99.000000,-99.000000,-99.000000,-1,1
68475,588735,43.253038,37736.624574,37736.736782,0, 0, 0, 0,-99.000000,-99.000000,-99.000000,-1,1
68475,588736,43.355478,37736.727014,37736.839222,0, 0, 0, 0,-99.000000,-99.000000,-99.000000,-1,1
68475,588737,43.393518,37736.765054,37736.877262,0, 0, 0, 0,-99.000000,-99.000000,-99.000000,-1,1
68475,588738,43.445373,37736.816909,37736.929117,1, 0, 0, 1,2.672279,-5.422690,-6.403700,-1,2
68475,588739,43.515901,37736.887437,37736.999646,1, 0, 0, 1,-7.483616,0.481402,-9.489939,-1,2
68475,588740,43.812505,37737.184041,37737.296250,1, 0, 0, 1,4.859419,3.996865,1.226976,-1,2
68475,588741,43.910540,37737.282075,37737.394285,0, 0, 0, 0,-99.000000,-99.000000,-99.000000,-1,1
68475,588742,43.932977,37737.304512,37737.416721,1, 0, 0, 1,1.094727,-3.006532,16.179902,-1,2
68475,588743,44.114205,37737.485740,37737.597950,0, 0, 0, 0,-99.000000,-99.000000,-99.000000,-1,1
68475,588744,44.191789,37737.563324,37737.675534,0, 0, 0, 0,-99.000000,-99.000000,-99.000000,-1,1
68475,588745,44.272814,37737.644348,37737.756558,1, 0, 0, 1,-5.041520,8.388207,-13.775461,-1,3
68475,588746,44.392380,37737.763915,37737.876125,0, 0, 0, 0,-99.000000,-99.000000,-99.000000,-1,1
68475,588747,44.478976,37737.850510,37737.962721,1, 0, 0, 1,-0.013234,-4.359659,-1.145212,-1,2
68475,588748,44.554597,37737.926131,37738.038342,1, 0, 0, 1,0.554161,-1.432791,-0.704979,-1,3
68475,588749,45.450645,37738.822177,37738.934390,1, 0, 0, 1,-1.564546,5.678385,-0.995782,-1,2
68475,588750,45.600369,37738.971901,37739.084113,0, 0, 0, 0,-99.000000,-99.000000,-99.000000,-1,0
68475,588751,45.878077,37739.249609,37739.361822,1, 0, 0, 1,-2.163102,2.861344,-21.133120,-1,2
68475,588752,45.917548,37739.289079,37739.401292,1, 0, 0, 1,-3.719029,9.136140,-15.712454,-1,2
68475,588753,45.961169,37739.332700,37739.444914,1, 0, 0, 1,-6.427945,-4.775726,1.437876,-1,2
68475,588754,46.191910,37739.563441,37739.675655,0, 0, 0, 0,-99.000000,-99.000000,-99.000000,-1,0
68475,588755,46.434193,37739.805723,37739.917937,0, 0, 0, 0,-99.000000,-99.000000,-99.000000,-1,0
68475,588756,46.477785,37739.849315,37739.961529,1, 0, 0, 1,-3.086604,-4.669144,-7.056816,-1,2
68475,588757,46.651004,37740.022534,37740.134749,1, 0, 0, 1,6.668421,-0.489808,-14.154562,-1,2
68475,588758,46.928400,37740.299929,37740.412145,1, 0, 0, 1,6.366135,1.316129,-1.940668,-1,2
68475,588759,47.134118,37740.505647,37740.617863,0, 0, 0, 0,-99.000000,-99.000000,-99.000000,-1,0
68475,588760,47.298414,37740.669943,37740.782159,0, 0, 0, 0,-99.000000,-99.000000,-99.000000,-1,1
68475,588761,47.333455,37740.704984,37740.817200,1, 0, 0, 1,4.875330,-7.239420,2.570950,-1,2
68475,588762,47.381219,37740.752747,37740.864963,0, 0, 0, 0,-99.000000,-99.000000,-99.000000,-1,1
68475,588763,47.431814,37740.803342,37740.915559,1, 0, 0, 1,4.845324,-2.424282,9.766093,-1,2
68475,588764,47.753346,37741.124874,37741.237091,0, 0, 0, 0,-99.000000,-99.000000,-99.000000,-1,0
68475,588765,47.794849,37741.166376,37741.278593,1, 0, 0, 1,-1.896205,8.062548,14.662272,-1,2
68475,588766,47.834268,37741.205796,37741.318013,1, 0, 0, 1,4.863905,-0.280532,-10.206312,-1,2
68475,588767,47.878415,37741.249942,37741.362159,0, 0, 0, 0,-99.000000,-99.000000,-99.000000,-1,0
68475,588768,48.043537,37741.415063,37741.527281,0, 0, 0, 0,-99.000000,-99.000000,-99.000000,-1,0
68475,588769,48.209891,37741.581417,37741.693635,1, 0, 0, 1,4.360930,4.762361,11.407526,-1,2
68475,588770,48.244439,37741.615965,37741.728183,0, 0, 0, 0,-99.000000,-99.000000,-99.000000,-1,1
68475,588771,48.293290,37741.664816,37741.777035,0, 0, 0, 0,-99.000000,-99.000000,-99.000000,-1,0
68475,588772,48.346206,37741.717732,37741.829950,1, 0, 0, 1,-4.410079,-2.435327,-10.420897,-1,2
68475,588773,48.371072,37741.742598,37741.854817,0, 0, 0, 0,-99.000000,-99.000000,-99.000000,-1,0
68475,588774,48.392948,37741.764474,37741.876692,1, 0, 0, 1,3.128510,-2.397181,18.536404,-1,2
68475,588775,48.459675,37741.831201,37741.943419,0, 0, 0, 0,-99.000000,-99.000000,-99.000000,-1,1
68475,588776,48.542401,37741.913927,37742.026146,1, 0, 0, 1,-6.633613,0.634095,-18.841313,-1,2
68475,588777,48.742034,37742.113559,37742.225778,1, 0, 0, 1,0.417768,-2.345386,-7.933439,-1,2
68475,588778,48.819806,37742.191331,37742.303550,1, 0, 0, 1,0.437643,-3.097786,-3.133660,-1,2
68475,588779,48.868637,37742.240162,37742.352381,1, 0, 0, 1,3.690545,1.237718,-5.417132,-1,2
68475,588780,49.279035,37742.650560,37742.762780,1, 0, 0, 1,8.008615,-0.317817,-3.289692,-1,2
68475,588781,49.381439,37742.752963,37742.865183,0, 0, 0, 0,-99.000000,-99.000000,-99.000000,-1,1
68475,588782,49.523609,37742.895133,37743.007354,0, 0, 0, 0,-99.000000,-99.000000,-99.000000,-1,1
68475,588783,49.581167,37742.952690,37743.064911,0, 0, 0, 0,-99.000000,-99.000000,-99.000000,-1,1
68475,588784,49.607216,37742.978740,37743.090961,1, 0, 0, 1,-5.304190,-0.939946,-5.612837,-1,2
68475,588785,49.671955,37743.043478,37743.155699,1, 0, 0, 1,-2.682966,-6.603390,8.533585,-1,2
68475,588786,49.799504,37743.171028,37743.283249,1, 0, 0, 1,3.314512,-0.824203,-17.379355,-1,2
68475,588787,50.164359,37743.535882,37743.648104,1, 0, 0, 1,0.994947,-6.493684,-18.675202,-1,3
68475,588788,50.234563,37743.606085,37743.718307,1, 0, 0, 1,-1.317649,-3.634719,-15.623600,-1,2
68475,588789,50.265603,37743.637126,37743.749348,1, 0, 0, 1,-6.903341,-2.020617,-11.415202,-1,2
68475,588790,50.468791,37743.840313,37743.952536,0, 0, 0, 0,-99.000000,-99.000000,-99.000000,-1,1
68475,588791,50.746333,37744.117855,37744.230078,0, 0, 0, 0,-99.000000,-99.000000,-99.000000,-1,1
68475,588792,50.759667,37744.131188,37744.243411,0, 0, 0, 0,-99.000000,-99.000000,-99.000000,-1,0
68475,588793,50.782144,37744.153665,37744.265889,1, 1, 0, 1,0.596851,-0.540332,-3.196417,-1,2
68475,588794,51.024403,37744.395924,37744.508148,1, 0, 0, 1,0.388868,-1.480950,-14.308040,-1,2
68475,588795,51.055218,37744.426739,37744.538963,0, 0, 0, 0,-99.000000,-99.000000,-99.000000,-1,0
68475,588796,51.135831,37744.507352,37744.619575,0, 0, 0, 0,-99.000000,-99.000000,-99.000000,-1,0
68475,588797,51.233933,37744.605453,37744.717678,1, 0, 0, 1,2.337026,2.102256,7.422939,-1,2
68475,588798,51.235124,37744.606645,37744.718869,0, 0, 0, 0,-99.000000,-99.000000,-99.000000,-1,0
68475,588799,51.266813,37744.638333,37744.750558,0, 0, 0, 0,-99.000000,-99.000000,-99.000000,-1,0
68475,588800,51.275424,37744.646944,37744.759169,1, 0, 0, 1,10.133008,2.286169,-20.108418,-1,2
68475,588801,51.360121,37744.731641,37744.843865,0, 0, 0, 0,-99.000000,-99.000000,-99.000000,-1,1
68475,588802,51.525286,37744.896806,37745.009031,1, 0, 0, 1,-8.241448,5.657075,-6.861760,-1,2
68475,588803,51.536044,37744.907564,37745.019789,0, 0, 0, 0,-99.000000,-99.000000,-99.000000,-1,1
68475,588804,51.613159,37744.984678,37745.096903,0, 0, 0, 0,-99.000000,-99.000000,-99.000000,-1,0
68475,588805,51.615718,37744.987238,37745.099463,1, 0, 0, 1,-1.990339,-6.811580,-6.621642,-1,2
68475,588806,51.634128,37745.005647,37745.117872,0, 0, 0, 0,-99.000000,-99.000000,-99.000000,-1,1
68475,588807,51.884743,37745.256262,37745.368487,1, 0, 0, 1,4.781849,-7.211095,7.942857,-1,2
68475,588808,51.934461,37745.305980,37745.418205,1, 0, 0, 1,-15.586215,10.761488,-16.004555,-1,2
68475,588809,52.022649,37745.394168,37745.506394,1, 0, 0, 1,1.836442,-10.837266,-12.339109,-1,2
68475,588810,52.061041,37745.432560,37745.544786,1, 0, 0, 1,4.803224,1.330696,-4.475266,-1,2
68475,588811,52.132686,37745.504204,37745.616430,0, 0, 0, 0,-99.000000,-99.000000,-99.000000,-1,1
68475,588812,52.140721,37745.512239,37745.624465,1, 0, 0, 1,5.416693,-1.464854,4.014378,-1,2
68475,588813,52.156750,37745.528268,37745.640494,1, 0, 0, 1,7.813659,-1.974916,13.390366,-1,2
68475,588814,52.167628,37745.539146,37745.651372,1, 0, 0, 1,-4.892697,-1.099313,-6.491472,-1,2
68475,588815,52.431923,37745.803441,37745.915668,1, 0, 0, 1,2.229152,-7.786271,1.373139,-1,2
68475,588816,52.584611,37745.956129,37746.068356,1, 0, 0, 1,1.259062,2.112076,-8.106629,-1,2
68475,588817,52.672335,37746.043853,37746.156080,1, 0, 0, 1,2.643884,0.534271,-4.259274,-1,2
68475,588818,52.744531,37746.116048,37746.228275,1, 0, 0, 1,1.938281,-8.115287,11.047790,-1,2
68475,588819,52.813424,37746.184942,37746.297169,0, 0, 0, 0,-99.000000,-99.000000,-99.000000,-1,1
68475,588820,52.887591,37746.259108,37746.371336,1, 0, 0, 1,1.000224,7.697836,-7.008570,-1,2
68475,588821,53.137931,37746.509448,37746.621676,1, 0, 0, 1,1.363991,6.914581,4.990145,-1,2
68475,588822,53.223787,37746.595303,37746.707532,0, 0, 0, 0,-99.000000,-99.000000,-99.000000,-1,1
68475,588823,53.324478,37746.695995,37746.808223,0, 0, 0, 0,-99.000000,-99.000000,-99.000000,-1,0
68475,588824,53.659901,37747.031417,37747.143646,1, 0, 0, 1,6.403891,12.160879,0.174097,-1,2
68475,588825,53.660238,37747.031754,37747.143983,1, 0, 0, 1,-6.692347,7.293349,-8.060780,-1,2
68475,588826,53.726817,37747.098332,37747.210561,1, 0, 0, 1,6.587061,1.011180,-1.780495,-1,2
68475,588827,53.762899,37747.134415,37747.246644,1, 0, 0, 1,3.883635,-0.808330,19.778510,-1,2
68475,588828,53.841712,37747.213227,37747.325457,0, 0, 0, 0,-99.000000,-99.000000,-99.000000,-1,1
68475,588829,54.051251,37747.422766,37747.534996,1, 0, 0, 1,-8.233424,-0.464416,-10.130592,-1,2
68475,588830,54.131090,37747.502604,37747.614834,0, 0, 0, 0,-99.000000,-99.000000,-99.000000,-1,0
68475,588831,54.240734,37747.612249,37747.724479,0, 0, 0, 0,-99.000000,-99.000000,-99.000000,-1,1
68475,588832,54.339013,37747.710527,37747.822757,0, 0, 0, 0,-99.000000,-99.000000,-99.000000,-1,1
68475,588833,54.614186,37747.985699,37748.097930,1, 0, 0, 1,0.910970,6.125808,2.437888,-1,2
68475,588834,54.951707,37748.323220,37748.435452,1, 0, 0, 1,2.297588,3.141896,-1.429757,-1,2
68475,588835,55.453186,37748.824698,37748.936931,1, 0, 0, 1,-4.044006,-2.684699,-14.297610,-1,2
68475,588836,55.553727,37748.925239,37749.037471,1, 0, 0, 1,0.844452,-0.577514,-5.375641,-1,2
68475,588837,55.590277,37748.961789,37749.074022,1, 0, 0, 1,6.061274,-0.541543,3.305607,-1,2
68475,588838,55.634699,37749.006211,37749.118444,1, 0, 0, 1,-1.047650,-0.885805,9.245538,-1,2
68475,588839,55.667036,37749.038547,37749.150780,0, 0, 0, 0,-99.000000,-99.000000,-99.000000,-1,0
68475,588840,55.747404,37749.118915,37749.231148,0, 0, 0, 0,-99.000000,-99.000000,-99.000000,-1,0
68475,588841,56.021745,37749.393256,37749.505490,0, 0, 0, 0,-99.000000,-99.000000,-99.000000,-1,1
68475,588842,56.278440,37749.649950,37749.762184,1, 0, 0, 1,-3.690418,5.290217,-6.400258,-1,2
68475,588843,56.291954,37749.663464,37749.775698,0, 0, 0, 0,-99.000000,-99.000000,-99.000000,-1,1
68475,588844,56.375011,37749.746521,37749.858756,1, 0, 0, 1,2.874004,-5.698978,-11.931396,-1,2
68475,588845,56.485989,37749.857498,37749.969733,0, 0, 0, 0,-99.000000,-99.000000,-99.000000,-1,0
68475,588846,56.490047,37749.861557,37749.973792,1, 0, 0, 1,3.290790,8.349551,-13.200358,-1,2
68475,588847,56.515761,37749.887270,37749.999505,0, 0, 0, 0,-99.000000,-99.000000,-99.000000,-1,0
68475,588848,56.620817,37749.992326,37750.104561,0, 0, 0, 0,-99.000000,-99.000000,-99.000000,-1,1
68475,588849,56.888898,37750.260407,37750.372643,1, 0, 0, 1,1.416346,2.871526,-10.724587,-1,2
68475,588850,56.995709,37750.367218,37750.479454,1, 0, 0, 1,-4.963801,2.082476,-11.422287,-1,2
68475,588851,57.012857,37750.384366,37750.496602,1, 0, 0, 1,-1.662864,-1.463917,14.035496,-1,2
68475,588852,57.077822,37750.449330,37750.561566,0, 0, 0, 0,-99.000000,-99.000000,-99.000000,-1,1
68475,588853,57.321228,37750.692736,37750.804972,0, 0, 0, 0,-99.000000,-99.000000,-99.000000,-1,1
68475,588854,57.788636,37751.160143,37751.272380,0, 0, 0, 0,-99.000000,-99.000000,-99.000000,-1,1
68475,588855,57.870091,37751.241598,37751.353835,1, 1, 0, 1,0.940650,-3.764443,-17.401324,-1,2
68475,588856,58.021367,37751.392874,37751.505112,0, 0, 0, 0,-99.000000,-99.000000,-99.000000,-1,1
68475,588857,58.071611,37751.443117,37751.555355,1, 0, 0, 1,1.002707,-4.883133,1.119240,-1,2
68475,588858,58.215002,37751.586508,37751.698746,0, 0, 0, 0,-99.000000,-99.000000,-99.000000,-1,1
68475,588859,58.366151,37751.737657,37751.849896,0, 0, 0, 0,-99.000000,-99.000000,-99.000000,-1,0
68475,588860,58.379014,37751.750520,37751.862759,0, 0, 0, 0,-99.000000,-99.000000,-99.000000,-1,1
68475,588861,58.415304,37751.786810,37751.899049,0, 0, 0, 0,-99.000000,-99.000000,-99.000000,-1,1
68475,588862,58.469816,37751.841322,37751.953561,1, 0, 0, 1,-8.375005,-5.426081,-0.947086,-1,2
68475,588863,58.697850,37752.069356,37752.181595,1, 0, 0, 1,-8.530865,1.812593,-14.735867,-1,2
68475,588864,58.790047,37752.161552,37752.273792,0, 0, 0, 0,-99.000000,-99.000000,-99.000000,-1,0
68475,588865,58.864831,37752.236336,37752.348576,1, 0, 0, 1,-1.452293,5.827333,14.607156,-1,2
68475,588866,58.907855,37752.279360,37752.391600,1, 0, 0, 1,-2.213054,6.091843,-7.544720,-1,2
68475,588867,58.926322,37752.297827,37752.410066,1, 0, 0, 1,-5.579146,-0.298213,-0.238514,-1,4
68475,588868,59.082285,37752.453789,37752.566029,0, 0, 0, 0,-99.000000,-99.000000,-99.000000,-1,1
68475,588869,59.174376,37752.545880,37752.658120,1, 0, 0, 1,0.975290,-1.650656,5.585307,-1,2
68475,588870,59.268059,37752.639563,37752.751803,0, 0, 0, 0,-99.000000,-99.000000,-99.000000,-1,1
68475,588871,59.388401,37752.759905,37752.872146,0, 0, 0, 0,-99.000000,-99.000000,-99.000000,-1,1
68475,588872,59.559229,37752.930733,37753.042974,1, 0, 0, 1,3.667071,-0.808060,-14.666783,-1,2
68475,588873,59.564746,37752.936250,37753.048491,1, 0, 0, 1,-4.868973,5.324763,-9.322947,-1,2
68475,588874,59.708149,37753.079652,37753.191894,1, 0, 0, 1,3.964046,-0.188373,4.719544,-1,2
68475,588875,59.815976,37753.187479,37753.299721,0, 0, 0, 0,-99.000000,-99.000000,-99.000000,-1,1
68475,588876,59.830338,37753.201841,37753.314083,1, 0, 0, 1,-3.219025,4.557609,-17.852006,-1,2
68475,588877,59.853311,37753.224814,37753.337055,0, 0, 0, 0,-99.000000,-99.000000,-99.000000,-1,0
68475,588878,59.959300,37753.330803,37753.443045,1, 0, 0, 1,-1.989702,-4.315005,5.135293,-1,2
68475,588879,59.994214,37753.365717,37753.477959,0, 0, 0, 0,-99.000000,-99.000000,-99.000000,-1,1
68475,588880,60.085289,37753.456792,37753.569034,1, 0, 0, 1,8.974844,0.785509,0.193221,-1,2
68475,588881,60.092250,37753.463752,37753.575994,1, 0, 0, 1,-3.542082,0.976713,15.909181,-1,2
68475,588882,60.225901,37753.597403,37753.709646,0, 0, 0, 0,-99.000000,-99.000000,-99.000000,-1,0
68475,588883,60.516047,37753.887549,37753.999792,1, 0, 0, 1,2.060190,-3.158028,-1.207754,-1,2
68475,588884,60.586982,37753.958483,37754.070726,0, 0, 0, 0,-99.000000,-99.000000,-99.000000,-1,1
68475,588885,60.782824,37754.154325,37754.266568,1, 0, 0, 1,-1.327853,-1.212610,-1.931414,-1,2
68475,588886,61.206380,37754.577880,37754.690124,1, 0, 0, 1,-1.415051,8.946908,-3.235604,-1,2
68475,588887,61.249958,37754.621458,37754.733702,0, 0, 0, 0,-99.000000,-99.000000,-99.000000,-1,0
68475,588888,61.376849,37754.748349,37754.860594,0, 0, 0, 0,-99.000000,-99.000000,-99.000000,-1,0
68475,588889,61.483542,37754.855041,37754.967286,1, 0, 0, 1,-7.700822,-0.772496,-1.489936,-1,2
68475,588890,61.524167,37754.895667,37755.007912,1, 0, 0, 1,-1.353772,10.417602,-5.296382,-1,2
68475,588891,61.565261,37754.936761,37755.049006,1, 0, 0, 1,0.616493,5.433951,-22.598180,-1,2
68475,588892,61.591150,37754.962649,37755.074894,1, 0, 0, 1,0.841843,-1.781459,7.225158,-1,2
68475,588893,61.653223,37755.024722,37755.136967,1, 0, 0, 1,-2.871390,8.624409,-13.536712,-1,2
68475,588894,61.662228,37755.033727,37755.145972,1, 0, 0, 1,4.097680,-1.733563,0.412571,-1,2
68475,588895,61.753031,37755.124531,37755.236776,1, 0, 0, 1,-10.122322,-1.890313,1.878496,-1,2
68475,588896,61.756250,37755.127749,37755.239995,1, 0, 0, 1,1.879978,8.879727,15.050773,-1,2
68475,588897,61.835662,37755.207161,37755.319407,1, 0, 0, 1,-0.669426,6.608671,9.424320,-1,2
68475,588898,61.868832,37755.240331,37755.352577,1, 0, 0, 1,-2.365745,1.291899,-16.668440,-1,2
68475,588899,61.955142,37755.326641,37755.438886,1, 0, 0, 1,-3.751032,-0.970173,-5.859427,-1,2
68475,588900,61.961308,37755.332806,37755.445052,1, 0, 0, 1,7.995577,-1.146115,14.593580,-1,2
68475,588901,61.968126,37755.339624,37755.451870,1, 0, 0, 1,1.779347,3.805630,-10.916353,-1,2
68475,588902,62.547416,37755.918913,37756.031161,1, 0, 0, 1,2.848812,5.349656,0.697666,-1,2
68475,588903,62.615954,37755.987451,37756.099698,0, 0, 0, 0,-99.000000,-99.000000,-99.000000,-1,1
68475,588904,62.637556,37756.009053,37756.121300,0, 0, 0, 0,-99.000000,-99.000000,-99.000000,-1,1
68475,588905,62.675499,37756.046997,37756.159244,0, 0, 0, 0,-99.000000,-99.000000,-99.000000,-1,1
68475,588906,62.757196,37756.128693,37756.240941,0, 0, 0, 0,-99.000000,-99.000000,-99.000000,-1,1
68475,588907,63.421087,37756.792583,37756.904832,1, 0, 0, 1,-7.409954,0.193189,-19.923871,-1,2
68475,588908,63.456118,37756.827613,37756.939862,1, 0, 0, 1,1.067042,1.424208,-13.810261,-1,2
68475,588909,63.474872,37756.846367,37756.958616,1, 0, 0, 1,7.091817,-6.867268,-6.787834,-1,2
68475,588910,63.600248,37756.971744,37757.083993,1, 0, 0, 1,5.937136,0.216437,-14.464315,-1,2
68475,588911,63.848011,37757.219506,37757.331756,1, 0, 0, 1,5.274126,0.283619,-15.500846,-1,2
68475,588912,64.055099,37757.426594,37757.538844,1, 0, 0, 1,4.058049,-7.778522,2.782225,-1,2
68475,588913,64.112153,37757.483647,37757.595897,0, 0, 0, 0,-99.000000,-99.000000,-99.000000,-1,0
68475,588914,64.129419,37757.500914,37757.613164,0, 0, 0, 0,-99.000000,-99.000000,-99.000000,-1,1
68475,588915,64.132199,37757.503694,37757.615944,1, 0, 0, 1,-1.109751,3.318870,-4.830753,-1,2
68475,588916,64.149988,37757.521483,37757.633733,1, 0, 0, 1,-0.729372,-3.127336,10.373310,-1,2
68475,588917,64.159784,37757.531278,37757.643528,1, 0, 0, 1,8.500914,2.473607,14.211837,-1,2
68475,588918,64.205274,37757.576769,37757.689019,1, 0, 0, 1,3.999299,-2.815242,11.279190,-1,2
68475,588919,64.334696,37757.706190,37757.818440,0, 0, 0, 0,-99.000000,-99.000000,-99.000000,-1,0
68475,588920,64.356905,37757.728399,37757.840650,1, 0, 0, 1,-0.962321,-6.438398,15.853533,-1,2
68475,588921,64.885885,37758.257377,37758.369629,0, 0, 0, 0,-99.000000,-99.000000,-99.000000,-1,0
68475,588922,64.947290,37758.318783,37758.431035,0, 0, 0, 0,-99.000000,-99.000000,-99.000000,-1,1
68475,588923,65.030279,37758.401771,37758.514023,0, 0, 0, 0,-99.000000,-99.000000,-99.000000,-1,1
68475,588924,65.038424,37758.409917,37758.522169,1, 0, 0, 1,-0.045747,3.724710,15.847936,-1,2
68475,588925,65.296181,37758.667673,37758.779925,1, 0, 0, 1,8.088116,2.763900,-12.694496,-1,10
68475,588926,65.333377,37758.704869,37758.817122,0, 0, 0, 0,-99.000000,-99.000000,-99.000000,-1,1
68475,588927,65.446525,37758.818017,37758.930270,1, 0, 0, 1,4.664634,0.836245,-2.279185,-1,2
68475,588928,65.881692,37759.253183,37759.365436,0, 0, 0, 0,-99.000000,-99.000000,-99.000000,-1,1
68475,588929,66.007995,37759.379485,37759.491739,0, 0, 0, 0,-99.000000,-99.000000,-99.000000,-1,1
68475,588930,66.018459,37759.389949,37759.502203,0, 0, 0, 0,-99.000000,-99.000000,-99.000000,-1,0
68475,588931,66.112307,37759.483797,37759.596051,0, 0, 0, 0,-99.000000,-99.000000,-99.000000,-1,1
68475,588932,66.126885,37759.498376,37759.610630,0, 0, 0, 0,-99.000000,-99.000000,-99.000000,-1,1
68475,588933,66.154485,37759.525975,37759.638229,1, 0, 0, 1,5.436726,9.999987,14.930496,-1,3
68475,588934,66.450480,37759.821969,37759.934224,1, 0, 0, 1,7.903763,0.185882,6.264843,-1,2
68475,588935,66.548602,37759.920092,37760.032347,0, 0, 0, 0,-99.000000,-99.000000,-99.000000,-1,1
68475,588936,66.712757,37760.084246,37760.196502,0, 0, 0, 0,-99.000000,-99.000000,-99.000000,-1,0
68475,588937,66.761365,37760.132854,37760.245110,1, 0, 0, 1,4.519323,0.460295,13.571185,-1,2
68475,588938,66.867257,37760.238746,37760.351002,1, 0, 0, 1,8.370745,-6.349994,6.445043,-1,2
68475,588939,66.887284,37760.258773,37760.371029,1, 0, 0, 1,-3.240204,6.211002,-1.312895,-1,2
68475,588940,66.989013,37760.360502,37760.472758,0, 0, 0, 0,-99.000000,-99.000000,-99.000000,-1,1
68475,588941,67.148716,37760.520205,37760.632461,0, 0, 0, 0,-99.000000,-99.000000,-99.000000,-1,1
68475,588942,67.241786,37760.613274,37760.725530,0, 0, 0, 0,-99.000000,-99.000000,-99.000000,-1,1
68475,588943,67.350656,37760.722144,37760.834400,0, 0, 0, 0,-99.000000,-99.000000,-99.000000,-1,0
68475,588944,67.605295,37760.976782,37761.089039,0, 0, 0, 0,-99.000000,-99.000000,-99.000000,-1,0
68475,588945,67.615157,37760.986644,37761.098901,0, 0, 0, 0,-99.000000,-99.000000,-99.000000,-1,1
68475,588946,67.638462,37761.009950,37761.122207,0, 0, 0, 0,-99.000000,-99.000000,-99.000000,-1,0
68475,588947,67.861478,37761.232965,37761.345223,0, 0, 0, 0,-99.000000,-99.000000,-99.000000,-1,0
68475,588948,67.874649,37761.246136,37761.358394,1, 0, 0, 1,-1.406739,9.038148,3.312538,-1,2
68475,588949,67.900194,37761.271681,37761.383939,0, 0, 0, 0,-99.000000,-99.000000,-99.000000,-1,1
68475,588950,68.030206,37761.401693,37761.513951,0, 0, 0, 0,-99.000000,-99.000000,-99.000000,-1,1
68475,588951,68.113407,37761.484893,37761.597151,0, 0, 0, 0,-99.000000,-99.000000,-99.000000,-1,1
68475,588952,68.118593,37761.490079,37761.602337,0, 0, 0, 0,-99.000000,-99.000000,-99.000000,-1,1
68475,588953,68.145688,37761.517175,37761.629433,1, 0, 0, 1,0.346455,-4.635704,4.625391,-1,2
68475,588954,68.188156,37761.559642,37761.671900,1, 0, 0, 1,-3.153875,0.858437,16.215955,-1,3
68475,588955,68.199708,37761.571194,37761.683453,0, 0, 0, 0,-99.000000,-99.000000,-99.000000,-1,1
68475,588956,68.286280,37761.657766,37761.770024,1, 0, 0, 1,7.370640,-0.364114,1.113441,-1,2
68475,588957,68.480161,37761.851647,37761.963906,1, 0, 0, 1,-3.475535,-11.024329,15.900761,-1,2
68475,588958,68.501340,37761.872825,37761.985084,0, 0, 0, 0,-99.000000,-99.000000,-99.000000,-1,1
68475,588959,68.553980,37761.925466,37762.037725,0, 0, 0, 0,-99.000000,-99.000000,-99.000000,-1,0
68475,588960,68.561717,37761.933203,37762.045462,0, 0, 0, 0,-99.000000,-99.000000,-99.000000,-1,1
68475,588961,68.668544,37762.040029,37762.152288,0, 0, 0, 0,-99.000000,-99.000000,-99.000000,-1,0
68475,588962,68.758978,37762.130463,37762.242722,1, 0, 0, 1,-3.660061,5.703810,-6.620405,-1,2
68475,588963,68.820751,37762.192235,37762.304495,1, 0, 0, 1,-0.452342,-4.687567,11.232880,-1,2
68475,588964,68.856112,37762.227597,37762.339856,1, 0, 0, 1,3.081053,3.001397,10.336909,-1,2
68475,588965,69.122032,37762.493516,37762.605776,0, 0, 0, 0,-99.000000,-99.000000,-99.000000,-1,1
68475,588966,69.146524,37762.518008,37762.630269,1, 0, 0, 1,2.140710,5.317464,11.374609,-1,2
68475,588967,69.171020,37762.542504,37762.654764,1, 0, 0, 1,3.113767,-2.896806,-8.800921,-1,2
68475,588968,69.246623,37762.618107,37762.730367,1, 0, 0, 1,-3.212071,-4.723820,-15.039732,-1,2
68475,588969,69.354841,37762.726325,37762.838586,0, 0, 0, 0,-99.000000,-99.000000,-99.000000,-1,0
68475,588970,69.410606,37762.782089,37762.894350,1, 0, 0, 1,-8.277656,-0.545142,-3.636394,-1,2
68475,588971,69.680296,37763.051779,37763.164040,1, 0, 0, 1,-3.089728,7.707466,-18.689036,-1,2
68475,588972,69.772989,37763.144472,37763.256734,1, 0, 0, 1,-2.488812,1.878414,15.858850,-1,2
68475,588973,69.813736,37763.185219,37763.297481,0, 0, 0, 0,-99.000000,-99.000000,-99.000000,-1,0
68475,588974,69.978979,37763.350462,37763.462724,1, 0, 0, 1,-1.066757,6.098138,-4.743942,-1,2
68475,588975,69.997523,37763.369006,37763.481268,1, 0, 0, 1,-4.623900,5.704177,-3.238321,-1,2
68475,588976,70.373580,37763.745062,37763.857325,0, 0, 0, 0,-99.000000,-99.000000,-99.000000,-1,0
68475,588977,70.411276,37763.782758,37763.895021,0, 0, 0, 0,-99.000000,-99.000000,-99.000000,-1,1
68475,588978,70.532810,37763.904292,37764.016555,1, 0, 0, 1,-2.087758,4.408181,-18.549165,-1,2
68475,588979,70.627794,37763.999275,37764.111538,0, 0, 0, 0,-99.000000,-99.000000,-99.000000,-1,1
68475,588980,70.632766,37764.004247,37764.116510,1, 0, 0, 1,-2.956522,4.448342,3.310052,-1,2
68475,588981,70.950733,37764.322214,37764.434478,1, 0, 0, 1,-3.675467,9.999981,11.586474,-1,3
68475,588982,71.056987,37764.428467,37764.540732,1, 0, 0, 1,-2.627861,3.176189,10.540506,-1,2
68475,588983,71.131622,37764.503103,37764.615367,0, 0, 0, 0,-99.000000,-99.000000,-99.000000,-1,1
68475,588984,71.674852,37765.046331,37765.158597,1, 0, 0, 1,4.128676,-6.831188,17.030186,-1,2
68475,588985,71.692769,37765.064249,37765.176514,1, 0, 0, 1,2.359898,-2.747484,-7.090700,-1,2
68475,588986,71.763238,37765.134717,37765.246982,1, 0, 0, 1,8.007488,0.455704,3.711540,-1,2
68475,588987,71.958706,37765.330185,37765.442451,1, 0, 0, 1,6.307496,1.029831,19.442638,-1,2
68475,588988,72.006406,37765.377885,37765.490151,1, 0, 0, 1,0.199794,0.258072,3.895068,-1,2
68475,588989,72.135456,37765.506934,37765.619201,0, 0, 0, 0,-99.000000,-99.000000,-99.000000,-1,1
68475,588990,72.170495,37765.541973,37765.654239,1, 0, 0, 1,-7.102865,5.229759,19.345799,-1,2
68475,588991,72.274145,37765.645623,37765.757889,1, 0, 0, 1,1.452723,-2.007396,-20.067582,-1,2
68475,588992,72.330275,37765.701753,37765.814020,1, 0, 0, 1,2.392459,-2.351775,9.702584,-1,2
68475,588993,72.548284,37765.919762,37766.032029,0, 0, 0, 0,-99.000000,-99.000000,-99.000000,-1,1
68475,588994,72.667577,37766.039054,37766.151322,0, 0, 0, 0,-99.000000,-99.000000,-99.000000,-1,1
68475,588995,72.823183,37766.194660,37766.306928,0, 0, 0, 0,-99.000000,-99.000000,-99.000000,-1,0
68475,588996,72.909078,37766.280555,37766.392823,0, 0, 0, 0,-99.000000,-99.000000,-99.000000,-1,1
68475,588997,73.058895,37766.430371,37766.542640,0, 0, 0, 0,-99.000000,-99.000000,-99.000000,-1,1
68475,588998,73.114115,37766.485591,37766.597860,1, 0, 0, 1,-3.144665,3.669241,-10.630657,-1,2
68475,588999,73.435164,37766.806639,37766.918908,0, 0, 0, 0,-99.000000,-99.000000,-99.000000,-1,1
68475,589000,73.492712,37766.864188,37766.976457,1, 0, 0, 1,-4.592925,-6.193474,-4.813242,-1,3
68475,589001,73.499710,37766.871186,37766.983455,1, 0, 0, 1,5.702761,4.794321,-0.972132,-1,2
68475,589002,73.698521,37767.069996,37767.182266,1, 0, 0, 1,3.684416,-1.952660,6.974096,-1,2
68475,589003,73.848434,37767.219909,37767.332178,1, 0, 0, 1,-7.641255,-0.231944,-19.172218,-1,2
68475,589004,74.080703,37767.452177,37767.564448,0, 0, 0, 0,-99.000000,-99.000000,-99.000000,-1,0
68475,589005,74.353820,37767.725294,37767.837564,1, 0, 0, 1,-4.448607,3.899104,-1.654483,-1,2
68475,589006,74.413626,37767.785099,37767.897370,1, 0, 0, 1,6.812171,3.773964,4.459357,-1,2
68475,589007,74.594549,37767.966023,37768.078294,1, 0, 0, 1,6.589490,4.626578,-12.177756,-1,2
68475,589008,74.639052,37768.010525,37768.122796,0, 0, 0, 0,-99.000000,-99.000000,-99.000000,-1,1
68475,589009,74.752888,37768.124361,37768.236633,0, 0, 0, 0,-99.000000,-99.000000,-99.000000,-1,1
68475,589010,74.834074,37768.205547,37768.317819,0, 0, 0, 0,-99.000000,-99.000000,-99.000000,-1,0
68475,589011,74.873326,37768.244799,37768.357070,1, 0, 0, 1,2.653872,3.326561,-6.064860,-1,2
68475,589012,74.927280,37768.298752,37768.411024,0, 0, 0, 0,-99.000000,-99.000000,-99.000000,-1,0
68475,589013,74.965441,37768.336913,37768.449186,1, 0, 0, 1,2.833657,8.623565,2.427686,-1,2
68475,589014,74.993523,37768.364995,37768.477268,1, 0, 0, 1,4.967812,2.609401,16.631121,-1,2
68475,589015,75.313507,37768.684979,37768.797251,1, 0, 0, 1,2.303327,-5.058493,4.209239,-1,2
68475,589016,75.442441,37768.813913,37768.926186,1, 0, 0, 1,-0.281915,-4.936183,7.676830,-1,2
68475,589017,75.504563,37768.876034,37768.988307,1, 0, 0, 1,4.323220,2.082486,-6.842212,-1,2
68475,589018,75.565403,37768.936874,37769.049147,0, 0, 0, 0,-99.000000,-99.000000,-99.000000,-1,1
68475,589019,75.775037,37769.146508,37769.258782,1, 0, 0, 1,-6.589526,-0.345030,-2.190559,-1,2
68475,589020,75.905680,37769.277151,37769.389425,1, 0, 0, 1,5.421554,3.206369,9.329618,-1,2
68475,589021,76.149969,37769.521439,37769.633713,0, 0, 0, 0,-99.000000,-99.000000,-99.000000,-1,1
68475,589022,76.274972,37769.646442,37769.758716,1, 0, 0, 1,6.866967,5.505538,9.456240,-1,2
68475,589023,76.340577,37769.712046,37769.824321,0, 0, 0, 0,-99.000000,-99.000000,-99.000000,-1,1
68475,589024,76.348799,37769.720269,37769.832544,1, 0, 0, 1,2.758151,-3.933932,18.267708,-1,2
68475,589025,76.611867,37769.983336,37770.095611,0, 0, 0, 0,-99.000000,-99.000000,-99.000000,-1,0
68475,589026,76.670662,37770.042131,37770.154407,0, 0, 0, 0,-99.000000,-99.000000,-99.000000,-1,0
68475,589027,76.718141,37770.089610,37770.201886,1, 0, 0, 1,-1.717778,1.094750,-20.607550,-1,2
68475,589028,76.806302,37770.177771,37770.290047,1, 0, 0, 1,2.770897,1.812940,1.196526,-1,2
68475,589029,76.884743,37770.256212,37770.368488,0, 0, 0, 0,-99.000000,-99.000000,-99.000000,-1,0
68475,589030,77.023450,37770.394918,37770.507194,0, 0, 0, 0,-99.000000,-99.000000,-99.000000,-1,1
68475,589031,77.056798,37770.428266,37770.540543,1, 0, 0, 1,5.036789,-3.561548,-18.765942,-1,2
68475,589032,77.316416,37770.687884,37770.800160,1, 0, 0, 1,-6.933451,1.029488,-9.894258,-1,2
68475,589033,77.345511,37770.716979,37770.829256,1, 0, 0, 1,-1.910951,-2.477236,6.218421,-1,2
68475,589034,77.421563,37770.793031,37770.905308,0, 0, 0, 0,-99.000000,-99.000000,-99.000000,-1,0
68475,589035,77.460722,37770.832189,37770.944467,1, 0, 0, 1,0.541246,-0.798992,11.090722,-1,2
68475,589036,77.751696,37771.123163,37771.235441,1, 0, 0, 1,-3.630012,-9.538811,19.461726,-1,3
68475,589037,77.911157,37771.282624,37771.394902,1, 0, 0, 1,1.053370,-1.793195,-0.409821,-1,2
68475,589038,77.924227,37771.295694,37771.407972,1, 0, 0, 1,0.841058,-2.373696,4.819926,-1,2
68475,589039,78.148540,37771.520006,37771.632285,0, 0, 0, 0,-99.000000,-99.000000,-99.000000,-1,0
68475,589040,78.205911,37771.577377,37771.689655,0, 0, 0, 0,-99.000000,-99.000000,-99.000000,-1,1
68475,589041,78.237326,37771.608792,37771.721070,0, 0, 0, 0,-99.000000,-99.000000,-99.000000,-1,1
68475,589042,78.422232,37771.793697,37771.905976,0, 0, 0, 0,-99.000000,-99.000000,-99.000000,-1,1
68475,589043,78.473190,37771.844655,37771.956934,1, 1, 0, 1,1.320106,2.391175,-12.576945,-1,3
68475,589044,78.556077,37771.927542,37772.039821,1, 0, 0, 1,3.960955,-0.637355,-11.021890,-1,2
68475,589045,78.612006,37771.983471,37772.095751,1, 0, 0, 1,0.406039,2.942736,-6.523268,-1,2
68475,589046,78.671494,37772.042959,37772.155239,1, 0, 0, 1,3.405555,3.326000,-14.958941,-1,2
68475,589047,78.768582,37772.140047,37772.252326,0, 0, 0, 0,-99.000000,-99.000000,-99.000000,-1,1
68475,589048,78.862957,37772.234422,37772.346702,1, 0, 0, 1,2.832208,-2.440393,-11.313543,-1,2
68475,589049,78.936141,37772.307606,37772.419886,0, 0, 0, 0,-99.000000,-99.000000,-99.000000,-1,1
68475,589050,78.940462,37772.311926,37772.424206,1, 0, 0, 1,1.460950,8.982530,-14.880867,-1,2
68475,589051,78.990345,37772.361809,37772.474089,1, 0, 0, 1,4.875393,-1.409186,-4.792729,-1,2
68475,589052,79.097228,37772.468693,37772.580973,0, 0, 0, 0,-99.000000,-99.000000,-99.000000,-1,1
68475,589053,79.234972,37772.606436,37772.718717,0, 0, 0, 0,-99.000000,-99.000000,-99.000000,-1,1
68475,589054,79.242462,37772.613926,37772.726206,1, 0, 0, 1,3.730175,0.810352,-9.028625,-1,2
68475,589055,79.495280,37772.866744,37772.979025,0, 0, 0, 0,-99.000000,-99.000000,-99.000000,-1,0
68475,589056,79.511925,37772.883389,37772.995670,1, 0, 0, 1,5.847945,1.695929,17.348002,-1,3
68475,589057,79.690156,37773.061619,37773.173901,1, 0, 0, 1,-7.488669,2.833697,-10.118666,-1,2
68475,589058,79.978314,37773.349777,37773.462059,0, 0, 0, 0,-99.000000,-99.000000,-99.000000,-1,1
68475,589059,80.256601,37773.628063,37773.740346,1, 0, 0, 1,-0.651593,1.428546,8.738506,-1,2
68475,589060,80.408547,37773.780009,37773.892292,1, 0, 0, 1,-1.234986,6.160750,-16.571775,-1,2
68475,589061,80.496716,37773.868178,37773.980461,1, 0, 0, 1,8.357246,-0.636716,-19.754673,-1,2
68475,589062,80.595184,37773.966645,37774.078928,1, 0, 0, 1,-7.803571,-0.431822,-14.030252,-1,2
68475,589063,80.616551,37773.988012,37774.100296,1, 0, 0, 1,6.008715,9.475992,9.059618,-1,2
68475,589064,80.718782,37774.090243,37774.202527,0, 0, 0, 0,-99.000000,-99.000000,-99.000000,-1,1
68475,589065,80.935307,37774.306767,37774.419051,1, 0, 0, 1,-0.500496,4.093542,6.516117,-1,2
68475,589066,80.947639,37774.319099,37774.431383,0, 0, 0, 0,-99.000000,-99.000000,-99.000000,-1,1
68475,589067,81.064515,37774.435975,37774.548259,1, 0, 0, 1,4.230292,2.392838,-13.288480,-1,2
68475,589068,81.101030,37774.472490,37774.584775,1, 0, 0, 1,2.846772,13.924701,-13.356381,-1,2
68475,589069,81.118460,37774.489920,37774.602205,1, 0, 0, 1,-1.352769,1.873290,14.088258,-1,2
68475,589070,81.128275,37774.499735,37774.612020,0, 0, 0, 0,-99.000000,-99.000000,-99.000000,-1,1
68475,589071,81.571948,37774.943407,37775.055692,1, 0, 0, 1,-0.841105,1.596007,-8.518711,-1,2
68475,589072,81.588328,37774.959787,37775.072073,1, 0, 0, 1,3.760178,0.670920,-6.644676,-1,2
68475,589073,81.661203,37775.032662,37775.144947,0, 0, 0, 0,-99.000000,-99.000000,-99.000000,-1,1
68475,589074,81.867574,37775.239032,37775.351318,1, 0, 0, 1,4.880531,-0.606686,11.559325,-1,2
68475,589075,81.892021,37775.263479,37775.375765,1, 0, 0, 1,6.631186,-2.371479,-15.979573,-1,2
68475,589076,81.922726,37775.294184,37775.406471,1, 0, 0, 1,6.512604,-6.195903,12.585342,-1,3
68475,589077,81.956886,37775.328345,37775.440631,0, 0, 0, 0,-99.000000,-99.000000,-99.000000,-1,1
68475,589078,82.017289,37775.388747,37775.501034,1, 0, 0, 1,-2.497521,-8.582971,-17.984110,-1,2
68475,589079,82.187499,37775.558957,37775.671243,0, 0, 0, 0,-99.000000,-99.000000,-99.000000,-1,0
68475,589080,82.256764,37775.628221,37775.740508,0, 0, 0, 0,-99.000000,-99.000000,-99.000000,-1,1
68475,589081,82.362265,37775.733723,37775.846010,0, 0, 0, 0,-99.000000,-99.000000,-99.000000,-1,1
68475,589082,82.431443,37775.802901,37775.915188,1, 0, 0, 1,-3.618244,-0.287707,9.188857,-1,2
68475,589083,82.538899,37775.910357,37776.022644,0, 0, 0, 0,-99.000000,-99.000000,-99.000000,-1,0
68475,589084,82.583700,37775.955157,37776.067445,0, 0, 0, 0,-99.000000,-99.000000,-99.000000,-1,1
68475,589085,82.648279,37776.019736,37776.132023,0, 0, 0, 0,-99.000000,-99.000000,-99.000000,-1,0
68475,589086,82.718026,37776.089483,37776.201771,0, 0, 0, 0,-99.000000,-99.000000,-99.000000,-1,1
68475,589087,82.731681,37776.103138,37776.215425,1, 0, 0, 1,4.391160,-0.451648,-16.699387,-1,2
68475,589088,82.732240,37776.103697,37776.215984,1, 0, 0, 1,4.520171,-0.606963,-20.319882,-1,2
68475,589089,82.851235,37776.222692,37776.334980,1, 0, 0, 1,-0.276553,1.312959,-0.010417,-1,2
68475,589090,82.994533,37776.365989,37776.478277,1, 0, 0, 1,0.479985,8.088004,16.706781,-1,2
68475,589091,83.147100,37776.518556,37776.630845,1, 0, 0, 1,-1.682434,-0.008660,7.428874,-1,2
68475,589092,83.205947,37776.577403,37776.689692,0, 0, 0, 0,-99.000000,-99.000000,-99.000000,-1,1
68475,589093,83.398766,37776.770221,37776.882511,1, 0, 0, 1,2.933579,2.054918,-12.855543,-1,2
68475,589094,83.677639,37777.049094,37777.161384,0, 0, 0, 0,-99.000000,-99.000000,-99.000000,-1,1
68475,589095,83.701026,37777.072481,37777.184771,0, 0, 0, 0,-99.000000,-99.000000,-99.000000,-1,0
68475,589096,83.726035,37777.097490,37777.209780,0, 0, 0, 0,-99.000000,-99.000000,-99.000000,-1,0
68475,589097,83.808907,37777.180362,37777.292652,0, 0, 0, 0,-99.000000,-99.000000,-99.000000,-1,1
68475,589098,83.829598,37777.201052,37777.313342,0, 0, 0, 0,-99.000000,-99.000000,-99.000000,-1,1
68475,589099,84.026853,37777.398307,37777.510598,1, 0, 0, 1,4.029446,1.790927,-7.309311,-1,2
68475,589100,84.090179,37777.461633,37777.573924,0, 0, 0, 0,-99.000000,-99.000000,-99.000000,-1,1
68475,589101,84.175740,37777.547194,37777.659485,0, 0, 0, 0,-99.000000,-99.000000,-99.000000,-1,1
68475,589102,84.715476,37778.086929,37778.199221,1, 0, 0, 1,-0.023706,-2.616602,-8.763499,-1,2
68475,589103,84.927986,37778.299438,37778.411730,1, 0, 0, 1,-1.668618,-6.904925,-1.012028,-1,8
68475,589104,84.975983,37778.347435,37778.459728,0, 0, 0, 0,-99.000000,-99.000000,-99.000000,-1,1
68475,589105,84.981424,37778.352876,37778.465168,1, 0, 0, 1,8.857495,-3.226247,-10.790285,-1,2
68475,589106,85.031710,37778.403162,37778.515455,0, 0, 0, 0,-99.000000,-99.000000,-99.000000,-1,1
68475,589107,85.217124,37778.588576,37778.700869,0, 0, 0, 0,-99.000000,-99.000000,-99.000000,-1,0
68475,589108,85.224655,37778.596107,37778.708400,0, 0, 0, 0,-99.000000,-99.000000,-99.000000,-1,0
68475,589109,85.514103,37778.885555,37778.997848,1, 0, 0, 1,-3.679132,5.046165,16.314481,-1,2
68475,589110,85.727198,37779.098648,37779.210942,1, 0, 0, 1,0.744340,-7.456352,2.878033,-1,2
68475,589111,85.759559,37779.131010,37779.243304,1, 0, 0, 1,5.969820,0.273142,-15.667223,-1,2
68475,589112,85.930684,37779.302134,37779.414429,1, 0, 0, 1,-2.020423,7.407137,-16.771126,-1,2
68475,589113,85.938765,37779.310215,37779.422509,1, 0, 0, 1,-1.670062,6.115156,-20.683451,-1,2
68475,589114,86.123477,37779.494927,37779.607221,1, 0, 0, 1,0.922333,0.479147,-9.622509,-1,2
68475,589115,86.157907,37779.529357,37779.641652,0, 0, 0, 0,-99.000000,-99.000000,-99.000000,-1,0
68475,589116,86.189534,37779.560984,37779.673279,0, 0, 0, 0,-99.000000,-99.000000,-99.000000,-1,1
68475,589117,86.246009,37779.617459,37779.729754,1, 0, 0, 1,-2.351615,7.132484,13.274445,-1,2
68475,589118,86.413147,37779.784596,37779.896892,0, 0, 0, 0,-99.000000,-99.000000,-99.000000,-1,1
68475,589119,86.501917,37779.873367,37779.985662,0, 0, 0, 0,-99.000000,-99.000000,-99.000000,-1,1
68475,589120,86.574112,37779.945561,37780.057856,1, 0, 0, 1,-3.446777,-2.663256,3.842217,-1,2
68475,589121,86.914798,37780.286246,37780.398543,1, 0, 0, 1,-3.706932,2.623253,12.872917,-1,2
68475,589122,87.083905,37780.455353,37780.567650,1, 0, 0, 1,8.212473,-5.237562,15.732600,-1,2
68475,589123,87.128723,37780.500171,37780.612468,1, 0, 0, 1,-4.275055,-3.401748,-0.062712,-1,2
68475,589124,87.190390,37780.561838,37780.674135,0, 0, 0, 0,-99.000000,-99.000000,-99.000000,-1,0
68475,589125,87.199703,37780.571150,37780.683447,1, 0, 0, 1,7.371038,10.332545,-8.742582,-1,2
68475,589126,87.259384,37780.630831,37780.743128,0, 0, 0, 0,-99.000000,-99.000000,-99.000000,-1,1
68475,589127,87.484898,37780.856346,37780.968643,0, 0, 0, 0,-99.000000,-99.000000,-99.000000,-1,1
68475,589128,87.827003,37781.198450,37781.310748,0, 0, 0, 0,-99.000000,-99.000000,-99.000000,-1,1
68475,589129,87.839467,37781.210914,37781.323212,1, 0, 0, 1,-1.389352,0.261204,15.163896,-1,2
68475,589130,87.908674,37781.280120,37781.392418,1, 1, 0, 1,3.256697,-0.715885,9.675268,-1,3
68475,589131,87.913939,37781.285385,37781.397684,1, 0, 0, 1,3.756136,-5.766010,5.066637,-1,3
68475,589132,87.961576,37781.333022,37781.445321,0, 0, 0, 0,-99.000000,-99.000000,-99.000000,-1,1
68475,589133,88.084753,37781.456199,37781.568498,0, 0, 0, 0,-99.000000,-99.000000,-99.000000,-1,1
68475,589134,88.107119,37781.478564,37781.590863,1, 0, 0, 1,-0.041540,-2.141825,7.581997,-1,2
68475,589135,88.289240,37781.660685,37781.772984,1, 0, 0, 1,-2.555832,-6.743530,10.565419,-1,2
68475,589136,88.295601,37781.667047,37781.779346,0, 0, 0, 0,-99.000000,-99.000000,-99.000000,-1,1
68475,589137,88.424472,37781.795917,37781.908217,0, 0, 0, 0,-99.000000,-99.000000,-99.000000,-1,1
68475,589138,88.470962,37781.842407,37781.954706,0, 0, 0, 0,-99.000000,-99.000000,-99.000000,-1,1
68475,589139,88.478082,37781.849527,37781.961826,0, 0, 0, 0,-99.000000,-99.000000,-99.000000,-1,1
68475,589140,88.574615,37781.946060,37782.058360,1, 0, 0, 1,0.465036,-5.767614,-3.967157,-1,2
68475,589141,88.614023,37781.985467,37782.097767,1, 0, 0, 1,2.594371,3.146055,20.002865,-1,2
68475,589142,88.620665,37781.992110,37782.104409,0, 0, 0, 0,-99.000000,-99.000000,-99.000000,-1,1
68475,589143,88.709546,37782.080991,37782.193291,1, 0, 0, 1,-2.649784,7.801466,-11.393768,-1,2
68475,589144,88.772568,37782.144013,37782.256313,1, 0, 0, 1,-4.294476,-2.602979,-12.265636,-1,2
68475,589145,88.779241,37782.150686,37782.262986,1, 0, 0, 1,-8.460050,-0.293432,-1.486683,-1,2
68475,589146,88.943719,37782.315163,37782.427464,0, 0, 0, 0,-99.000000,-99.000000,-99.000000,-1,0
68475,589147,89.027870,37782.399314,37782.511615,0, 0, 0, 0,-99.000000,-99.000000,-99.000000,-1,0
68475,589148,89.312447,37782.683891,37782.796192,1, 0, 0, 1,5.970911,13.863542,12.888326,-1,2
68475,589149,89.353499,37782.724943,37782.837244,0, 0, 0, 0,-99.000000,-99.000000,-99.000000,-1,1
68475,589150,89.803980,37783.175422,37783.287724,1, 0, 0, 1,-6.967113,-1.139884,-12.015048,-1,2
68475,589151,89.983679,37783.355121,37783.467423,1, 0, 0, 1,-2.031308,-2.835675,-19.139208,-1,2
68475,589152,90.296986,37783.668427,37783.780730,0, 0, 0, 0,-99.000000,-99.000000,-99.000000,-1,0
68475,589153,90.561314,37783.932755,37784.045058,1, 0, 0, 1,1.294234,-5.074815,-6.907794,-1,2
68475,589154,90.715836,37784.087276,37784.199580,0, 0, 0, 0,-99.000000,-99.000000,-99.000000,-1,1
68475,589155,90.741221,37784.112662,37784.224966,0, 0, 0, 0,-99.000000,-99.000000,-99.000000,-1,1
68475,589156,90.771592,37784.143033,37784.255337,1, 0, 0, 1,-4.799437,-5.080130,-15.251782,-1,2
68475,589157,91.486505,37784.857944,37784.970250,1, 0, 0, 1,13.583090,18.698619,0.865148,-1,2
68475,589158,91.513204,37784.884643,37784.996949,0, 0, 0, 0,-99.000000,-99.000000,-99.000000,-1,0
68475,589159,91.528666,37784.900105,37785.012410,1, 0, 0, 1,-16.960117,0.341727,-7.577320,-1,2
68475,589160,91.709364,37785.080802,37785.193108,1, 0, 0, 1,5.106136,-2.110933,-9.129572,-1,2
68475,589161,91.806814,37785.178252,37785.290559,1, 0, 0, 1,-2.716785,6.013741,-6.525383,-1,2
68475,589162,91.879566,37785.251004,37785.363310,1, 0, 0, 1,-4.460753,-5.985655,4.529579,-1,2
68475,589163,92.121184,37785.492622,37785.604929,0, 0, 0, 0,-99.000000,-99.000000,-99.000000,-1,0
68475,589164,92.131795,37785.503233,37785.615540,0, 0, 0, 0,-99.000000,-99.000000,-99.000000,-1,1
68475,589165,92.226257,37785.597695,37785.710002,0, 0, 0, 0,-99.000000,-99.000000,-99.000000,-1,1
68475,589166,92.590167,37785.961603,37786.073911,0, 0, 0, 0,-99.000000,-99.000000,-99.000000,-1,1
68475,589167,92.693095,37786.064532,37786.176840,1, 0, 0, 1,3.930403,6.164930,-14.599669,-1,2
68475,589168,92.725948,37786.097385,37786.209693,1, 0, 0, 1,-1.348711,-3.324138,19.210827,-1,2
68475,589169,92.889911,37786.261347,37786.373656,1, 0, 0, 1,5.815578,-1.387443,-10.411400,-1,2
68475,589170,93.015842,37786.387278,37786.499587,1, 0, 0, 1,3.206835,-1.476786,-9.505690,-1,2
68475,589171,93.123000,37786.494436,37786.606745,1, 0, 0, 1,-2.953442,-3.202591,-9.433518,-1,2
68475,589172,93.274973,37786.646408,37786.758717,1, 0, 0, 1,26.447216,9.739697,4.120235,-1,2
68475,589173,93.276322,37786.647757,37786.760067,1, 0, 0, 1,-0.749772,-8.365436,19.924390,-1,2
68475,589174,93.337584,37786.709019,37786.821328,1, 0, 0, 1,-2.703151,-3.341129,17.596563,-1,2
68475,589175,93.500061,37786.871496,37786.983805,1, 0, 0, 1,-2.419411,-0.077071,-1.406901,-1,2
68475,589176,93.588898,37786.960333,37787.072643,0, 0, 0, 0,-99.000000,-99.000000,-99.000000,-1,1
68475,589177,93.614869,37786.986303,37787.098613,1, 0, 0, 1,-2.092968,0.235943,15.034238,-1,2
68475,589178,93.655520,37787.026954,37787.139264,1, 0, 0, 1,5.316054,-1.320375,19.440980,-1,2
68475,589179,93.695979,37787.067414,37787.179724,1, 0, 0, 1,5.805461,-0.980378,12.950355,-1,2
68475,589180,93.892190,37787.263624,37787.375935,1, 0, 0, 1,-1.347939,-9.077668,-5.651317,-1,2
68475,589181,94.037340,37787.408774,37787.521084,0, 0, 0, 0,-99.000000,-99.000000,-99.000000,-1,0
68475,589182,94.390244,37787.761678,37787.873989,0, 0, 0, 0,-99.000000,-99.000000,-99.000000,-1,1
68475,589183,94.558675,37787.930108,37788.042419,1, 0, 0, 1,-1.356187,-0.266930,-7.988586,-1,2
68475,589184,94.577746,37787.949179,37788.061491,0, 0, 0, 0,-99.000000,-99.000000,-99.000000,-1,0
68475,589185,94.590760,37787.962193,37788.074505,1, 0, 0, 1,4.361501,7.375330,-15.640294,-1,2
68475,589186,94.605720,37787.977153,37788.089464,1, 0, 0, 1,-6.093783,-3.738661,20.973827,-1,2
68475,589187,94.658003,37788.029436,37788.141747,1, 0, 0, 1,0.978988,-6.387786,-18.732368,-1,2
68475,589188,94.691784,37788.063217,37788.175529,0, 0, 0, 0,-99.000000,-99.000000,-99.000000,-1,1
68475,589189,94.846275,37788.217708,37788.330020,0, 0, 0, 0,-99.000000,-99.000000,-99.000000,-1,1
68475,589190,94.854527,37788.225959,37788.338271,0, 0, 0, 0,-99.000000,-99.000000,-99.000000,-1,0
68475,589191,94.881352,37788.252784,37788.365097,0, 0, 0, 0,-99.000000,-99.000000,-99.000000,-1,0
68475,589192,95.123886,37788.495318,37788.607630,1, 0, 0, 1,-9.255421,-12.333447,-3.957958,-1,2
68475,589193,95.359027,37788.730458,37788.842772,1, 0, 0, 1,3.557950,3.513108,6.465045,-1,2
68475,589194,95.431845,37788.803276,37788.915590,1, 0, 0, 1,-7.857333,-1.402027,-16.616320,-1,2
68475,589195,95.525838,37788.897269,37789.009582,1, 0, 0, 1,0.813299,-3.782856,12.407984,-1,2
68475,589196,95.563554,37788.934985,37789.047298,1, 0, 0, 1,-3.860191,3.465087,-2.032416,-1,2
68475,589197,95.608190,37788.979621,37789.091935,1, 0, 0, 1,-3.016562,-8.490837,-15.376445,-1,3
68475,589198,95.659612,37789.031043,37789.143356,0, 0, 0, 0,-99.000000,-99.000000,-99.000000,-1,0
68475,589199,95.805304,37789.176734,37789.289048,0, 0, 0, 0,-99.000000,-99.000000,-99.000000,-1,0
68475,589200,95.957968,37789.329398,37789.441712,0, 0, 0, 0,-99.000000,-99.000000,-99.000000,-1,0
68475,589201,96.105443,37789.476873,37789.589188,0, 0, 0, 0,-99.000000,-99.000000,-99.000000,-1,0
68475,589202,96.122808,37789.494238,37789.606552,1, 0, 0, 1,-4.607062,-6.710865,16.979694,-1,2
68475,589203,96.147328,37789.518757,37789.631072,0, 0, 0, 0,-99.000000,-99.000000,-99.000000,-1,0
68475,589204,96.152027,37789.523457,37789.635772,0, 0, 0, 0,-99.000000,-99.000000,-99.000000,-1,1
68475,589205,96.302808,37789.674238,37789.786553,1, 0, 0, 1,-4.621596,1.394392,-5.299935,-1,2
68475,589206,96.566216,37789.937644,37790.049960,1, 0, 0, 1,-1.314637,-5.645252,6.745932,-1,2
68475,589207,96.789320,37790.160748,37790.273065,1, 0, 0, 1,-4.218981,-1.439138,0.178397,-1,2
68475,589208,96.918171,37790.289599,37790.401915,1, 0, 0, 1,2.631372,-0.924371,0.809325,-1,2
68475,589209,96.919332,37790.290760,37790.403076,1, 0, 0, 1,-0.046321,-0.036070,14.420177,-1,2
68475,589210,97.053651,37790.425079,37790.537396,0, 0, 0, 0,-99.000000,-99.000000,-99.000000,-1,1
68475,589211,97.238157,37790.609584,37790.721901,1, 0, 0, 1,2.543361,-9.723222,-12.175829,-1,2
68475,589212,97.287079,37790.658507,37790.770824,0, 0, 0, 0,-99.000000,-99.000000,-99.000000,-1,1
68475,589213,97.603508,37790.974935,37791.087253,0, 0, 0, 0,-99.000000,-99.000000,-99.000000,-1,0
68475,589214,97.704003,37791.075430,37791.187748,0, 0, 0, 0,-99.000000,-99.000000,-99.000000,-1,0
68475,589215,97.728239,37791.099666,37791.211984,1, 0, 0, 1,-6.688800,3.043062,5.195380,-1,2
68475,589216,97.849176,37791.220603,37791.332921,0, 0, 0, 0,-99.000000,-99.000000,-99.000000,-1,1
68475,589217,98.105950,37791.477376,37791.589695,1, 0, 0, 1,-8.634991,1.995795,-7.245442,-1,2
68475,589218,98.196603,37791.568028,37791.680347,1, 0, 0, 1,-4.449492,5.319717,-13.210064,-1,2
68475,589219,98.446278,37791.817703,37791.930023,1, 0, 0, 1,5.243731,5.209730,-15.376174,-1,2
68475,589220,98.558270,37791.929695,37792.042015,0, 0, 0, 0,-99.000000,-99.000000,-99.000000,-1,1
68475,589221,98.621849,37791.993274,37792.105594,1, 0, 0, 1,-1.973228,-0.225738,-3.838415,-1,2
68475,589222,98.624793,37791.996218,37792.108538,1, 0, 0, 1,-7.355443,7.247806,-18.639778,-1,3
68475,589223,98.703095,37792.074520,37792.186840,0, 0, 0, 0,-99.000000,-99.000000,-99.000000,-1,0
68475,589224,98.814980,37792.186404,37792.298724,0, 0, 0, 0,-99.000000,-99.000000,-99.000000,-1,1
68475,589225,98.911103,37792.282527,37792.394848,1, 0, 0, 1,-3.053117,3.683211,10.516945,-1,2
68475,589226,99.335166,37792.706589,37792.818910,1, 0, 0, 1,-0.556188,-7.996786,14.614946,-1,2
68475,589227,99.339846,37792.711270,37792.823591,0, 0, 0, 0,-99.000000,-99.000000,-99.000000,-1,1
68475,589228,99.423014,37792.794437,37792.906759,1, 0, 0, 1,0.917806,4.608218,-14.197684,-1,2
68475,589229,99.494209,37792.865632,37792.977953,0, 0, 0, 0,-99.000000,-99.000000,-99.000000,-1,0
68475,589230,99.580360,37792.951783,37793.064105,0, 0, 0, 0,-99.000000,-99.000000,-99.000000,-1,1
68475,589231,99.638349,37793.009771,37793.122093,1, 0, 0, 1,0.395868,-0.886454,20.048983,-1,2
68475,589232,99.809552,37793.180974,37793.293296,1, 0, 0, 1,2.807288,-6.252526,-4.396656,-1,2
68475,589233,99.843073,37793.214495,37793.326817,1, 0, 0, 1,-6.927141,-5.651316,-7.825208,-1,2
68475,589234,99.924333,37793.295755,37793.408077,1, 0, 0, 1,1.400399,-0.574406,12.376697,-1,2
68475,589235,100.077612,37793.449033,37793.561356,1, 0, 0, 1,4.707852,1.848264,-20.531278,-1,2
68475,589236,100.146886,37793.518308,37793.630631,1, 0, 0, 1,-1.330953,0.584160,-9.107681,-1,2
68475,589237,100.192391,37793.563812,37793.676135,1, 0, 0, 1,-7.096301,1.260619,-1.554577,-1,2
68475,589238,100.424746,37793.796167,37793.908490,1, 0, 0, 1,-6.212550,-0.515136,2.732308,-1,2
68475,589239,100.424959,37793.796380,37793.908703,0, 0, 0, 0,-99.000000,-99.000000,-99.000000,-1,1
68475,589240,100.487200,37793.858621,37793.970944,1, 0, 0, 1,-2.904747,0.262894,12.402830,-1,2
68475,589241,100.552743,37793.924163,37794.036487,1, 0, 0, 1,-3.200816,-5.039490,15.305818,-1,2
68475,589242,100.594264,37793.965684,37794.078008,1, 0, 0, 1,-3.672276,9.588596,19.751957,-1,2
68475,589243,100.663237,37794.034657,37794.146981,1, 1, 0, 1,0.933660,-3.383695,2.577511,-1,3
68475,589244,100.746057,37794.117478,37794.229802,1, 0, 0, 1,-4.924341,1.346881,-4.874182,-1,2
68475,589245,100.828977,37794.200397,37794.312721,1, 1, 1, 1,-1.876507,-1.173963,-6.480974,-1,2
68475,589246,100.957276,37794.328696,37794.441020,1, 0, 0, 1,-6.644804,4.684808,-22.322429,-1,2
68475,589247,100.988466,37794.359886,37794.472210,0, 0, 0, 0,-99.000000,-99.000000,-99.000000,-1,0
68475,589248,101.029475,37794.400895,37794.513220,1, 0, 0, 1,0.830917,2.374033,-9.394928,-1,2
68475,589249,101.153950,37794.525369,37794.637694,0, 0, 0, 0,-99.000000,-99.000000,-99.000000,-1,0
68475,589250,101.175560,37794.546979,37794.659304,1, 0, 0, 1,-1.897097,5.793017,-10.628272,-1,2
68475,589251,101.874825,37795.246243,37795.358570,1, 0, 0, 1,-0.670624,-9.120088,-11.340529,-1,2
68475,589252,102.086463,37795.457881,37795.570207,1, 0, 0, 1,-0.215975,-5.371640,1.883711,-1,2
68475,589253,102.106344,37795.477762,37795.590089,1, 0, 0, 1,-2.734542,-3.406436,-7.856534,-1,2
68475,589254,102.215329,37795.586747,37795.699074,1, 0, 0, 1,5.146252,-6.441184,-8.461223,-1,2
68475,589255,102.234104,37795.605521,37795.717849,1, 0, 0, 1,4.758336,5.697533,-3.929878,-1,2
68475,589256,102.302991,37795.674408,37795.786736,0, 0, 0, 0,-99.000000,-99.000000,-99.000000,-1,1
68475,589257,102.341887,37795.713304,37795.825631,1, 0, 0, 1,-3.069831,-0.541501,15.855831,-1,2
68475,589258,102.604625,37795.976041,37796.088369,0, 0, 0, 0,-99.000000,-99.000000,-99.000000,-1,1
68475,589259,102.670722,37796.042139,37796.154467,1, 0, 0, 1,-0.295428,-0.174900,15.834627,-1,2
68475,589260,102.693255,37796.064671,37796.176999,1, 0, 0, 1,-8.876301,1.360734,-22.260666,-1,2
68475,589261,102.726888,37796.098304,37796.210632,0, 0, 0, 0,-99.000000,-99.000000,-99.000000,-1,1
68475,589262,102.862272,37796.233688,37796.346017,0, 0, 0, 0,-99.000000,-99.000000,-99.000000,-1,1
68475,589263,102.926841,37796.298257,37796.410586,0, 0, 0, 0,-99.000000,-99.000000,-99.000000,-1,0
68475,589264,103.037212,37796.408628,37796.520957,1, 0, 0, 1,6.732549,1.147516,-7.624314,-1,3
68475,589265,103.254655,37796.626070,37796.738399,1, 0, 0, 1,-5.327968,5.258124,18.161529,-1,2
68475,589266,103.270037,37796.641453,37796.753782,0, 0, 0, 0,-99.000000,-99.000000,-99.000000,-1,0
68475,589267,103.310426,37796.681841,37796.794170,0, 0, 0, 0,-99.000000,-99.000000,-99.000000,-1,1
68475,589268,103.340243,37796.711659,37796.823988,0, 0, 0, 0,-99.000000,-99.000000,-99.000000,-1,1
68475,589269,103.346089,37796.717504,37796.829834,0, 0, 0, 0,-99.000000,-99.000000,-99.000000,-1,1
68475,589270,103.349988,37796.721404,37796.833733,1, 0, 0, 1,-1.622620,10.486385,-17.900398,-1,2
68475,589271,103.476834,37796.848249,37796.960579,1, 0, 0, 1,-5.298181,0.010898,-3.823067,-1,2
68475,589272,103.580963,37796.952378,37797.064708,1, 0, 0, 1,1.998589,2.147459,10.921086,-1,2
68475,589273,103.715965,37797.087379,37797.199709,1, 0, 0, 1,0.867483,-1.124375,-15.768606,-1,2
68475,589274,103.747673,37797.119087,37797.231418,1, 0, 0, 1,4.899755,0.820985,-9.585060,-1,2
68475,589275,104.005954,37797.377368,37797.489698,1, 0, 0, 1,8.177525,-4.326521,10.509312,-1,2
68475,589276,104.042212,37797.413626,37797.525957,1, 0, 0, 1,-5.019754,4.613656,-0.511125,-1,2
68475,589277,104.043154,37797.414567,37797.526898,1, 0, 0, 1,-8.557182,0.218744,-5.284499,-1,2
68475,589278,104.378424,37797.749837,37797.862168,1, 0, 0, 1,-4.328677,2.119719,-19.136609,-1,2
68475,589279,104.596992,37797.968404,37798.080736,1, 0, 0, 1,7.102865,-2.200165,-11.906917,-1,2
68475,589280,104.778876,37798.150288,37798.262621,1, 0, 0, 1,7.520225,1.739258,-7.929841,-1,2
68475,589281,104.786001,37798.157414,37798.269746,0, 0, 0, 0,-99.000000,-99.000000,-99.000000,-1,1
68475,589282,104.992167,37798.363578,37798.475911,1, 0, 0, 1,3.259211,-11.789990,22.592173,-1,2
68475,589283,105.044355,37798.415767,37798.528100,0, 0, 0, 0,-99.000000,-99.000000,-99.000000,-1,1
68475,589284,105.060643,37798.432055,37798.544388,1, 0, 0, 1,0.501724,-0.223753,1.439502,-1,2
68475,589285,105.074307,37798.445719,37798.558052,1, 0, 0, 1,-1.060792,2.809342,-16.610225,-1,2
68475,589286,105.164029,37798.535440,37798.647774,0, 0, 0, 0,-99.000000,-99.000000,-99.000000,-1,1
68475,589287,105.192104,37798.563515,37798.675848,0, 0, 0, 0,-99.000000,-99.000000,-99.000000,-1,0
68475,589288,105.294508,37798.665919,37798.778253,1, 0, 0, 1,1.714665,-3.548010,-9.818184,-1,2
68475,589289,105.502054,37798.873464,37798.985798,1, 0, 0, 1,-1.610794,-3.181671,-4.830517,-1,2
68475,589290,105.523271,37798.894682,37799.007016,1, 0, 0, 1,-3.635428,-4.215035,1.143273,-1,3
68475,589291,105.672379,37799.043789,37799.156124,1, 0, 0, 1,-9.540184,3.476550,17.021028,-1,2
68475,589292,105.820571,37799.191981,37799.304316,0, 0, 0, 0,-99.000000,-99.000000,-99.000000,-1,1
68475,589293,106.032127,37799.403536,37799.515871,0, 0, 0, 0,-99.000000,-99.000000,-99.000000,-1,0
68475,589294,106.637120,37800.008529,37800.120865,1, 0, 0, 1,4.658705,0.541170,13.903924,-1,3
68475,589295,106.787352,37800.158760,37800.271096,1, 0, 0, 1,-0.488231,-8.084546,-0.537575,-1,2
68475,589296,106.990555,37800.361962,37800.474299,0, 0, 0, 0,-99.000000,-99.000000,-99.000000,-1,0
68475,589297,107.037668,37800.409076,37800.521413,1, 0, 0, 1,-6.862498,-1.872199,14.601106,-1,2
68475,589298,107.119855,37800.491262,37800.603599,0, 0, 0, 0,-99.000000,-99.000000,-99.000000,-1,0
68475,589299,107.130075,37800.501483,37800.613820,1, 1, 0, 1,2.398624,0.994449,-9.104823,-1,2
68475,589300,107.186529,37800.557937,37800.670274,1, 0, 0, 1,-6.290627,4.193891,15.671230,-1,2
68475,589301,107.344325,37800.715732,37800.828069,0, 0, 0, 0,-99.000000,-99.000000,-99.000000,-1,1
68475,589302,107.395274,37800.766681,37800.879018,0, 0, 0, 0,-99.000000,-99.000000,-99.000000,-1,0
68475,589303,107.407286,37800.778693,37800.891031,0, 0, 0, 0,-99.000000,-99.000000,-99.000000,-1,1
68475,589304,107.579320,37800.950726,37801.063065,1, 0, 0, 1,-7.867769,0.629008,10.861326,-1,2
68475,589305,107.587875,37800.959281,37801.071619,0, 0, 0, 0,-99.000000,-99.000000,-99.000000,-1,1
68475,589306,107.786542,37801.157948,37801.270287,0, 0, 0, 0,-99.000000,-99.000000,-99.000000,-1,1
68475,589307,107.834296,37801.205702,37801.318040,1, 0, 0, 1,-6.272020,2.115221,-10.673990,-1,2
68475,589308,107.852155,37801.223561,37801.335899,1, 0, 0, 1,5.018515,0.455241,2.116903,-1,2
68475,589309,108.120836,37801.492242,37801.604581,0, 0, 0, 0,-99.000000,-99.000000,-99.000000,-1,1
68475,589310,108.158778,37801.530183,37801.642522,0, 0, 0, 0,-99.000000,-99.000000,-99.000000,-1,1
68475,589311,108.227396,37801.598801,37801.711140,1, 0, 0, 1,-2.231330,-5.663474,16.688936,-1,2
68475,589312,108.229475,37801.600880,37801.713219,0, 0, 0, 0,-99.000000,-99.000000,-99.000000,-1,1
68475,589313,108.368360,37801.739765,37801.852104,0, 0, 0, 0,-99.000000,-99.000000,-99.000000,-1,1
68475,589314,108.425035,37801.796439,37801.908779,0, 0, 0, 0,-99.000000,-99.000000,-99.000000,-1,1
68475,589315,108.594032,37801.965437,37802.077777,0, 0, 0, 0,-99.000000,-99.000000,-99.000000,-1,1
68475,589316,108.766566,37802.137970,37802.250310,1, 0, 0, 1,1.157401,-4.635361,1.109747,-1,2
68475,589317,109.065724,37802.437128,37802.549469,0, 0, 0, 0,-99.000000,-99.000000,-99.000000,-1,0
68475,589318,109.065799,37802.437202,37802.549543,0, 0, 0, 0,-99.000000,-99.000000,-99.000000,-1,0
68475,589319,109.070365,37802.441768,37802.554110,0, 0, 0, 0,-99.000000,-99.000000,-99.000000,-1,1
68475,589320,109.111083,37802.482486,37802.594828,1, 0, 0, 1,1.221130,4.529871,-16.368889,-1,2
68475,589321,109.347615,37802.719018,37802.831360,1, 0, 0, 1,3.334276,-0.399680,17.333403,-1,2
68475,589322,109.654434,37803.025836,37803.138178,1, 0, 0, 1,-2.617236,6.525159,18.243995,-1,2
68475,589323,109.769548,37803.140950,37803.253292,1, 0, 0, 1,-0.834833,6.376269,-11.002531,-1,2
68475,589324,109.776763,37803.148165,37803.260507,0, 0, 0, 0,-99.000000,-99.000000,-99.000000,-1,1
68475,589325,109.956866,37803.328268,37803.440611,1, 0, 0, 1,-1.839428,-3.549081,-21.133994,-1,2
68475,589326,110.136227,37803.507628,37803.619972,1, 0, 0, 1,14.864288,-7.764575,30.413665,-1,2
68475,589327,110.230719,37803.602121,37803.714464,0, 0, 0, 0,-99.000000,-99.000000,-99.000000,-1,1
68475,589328,110.244476,37803.615877,37803.728220,0, 0, 0, 0,-99.000000,-99.000000,-99.000000,-1,1
68475,589329,110.315519,37803.686920,37803.799264,1, 0, 0, 1,2.084547,5.543181,-13.339549,-1,2
68475,589330,110.362400,37803.733801,37803.846145,0, 0, 0, 0,-99.000000,-99.000000,-99.000000,-1,1
68475,589331,110.405458,37803.776859,37803.889203,1, 0, 0, 1,-0.421737,1.234812,-18.797719,-1,2
68475,589332,110.430734,37803.802135,37803.914479,1, 0, 0, 1,2.503551,-4.813621,-1.270627,-1,2
68475,589333,110.592398,37803.963798,37804.076143,0, 0, 0, 0,-99.000000,-99.000000,-99.000000,-1,0
68475,589334,110.723662,37804.095062,37804.207407,0, 0, 0, 0,-99.000000,-99.000000,-99.000000,-1,1
68475,589335,110.786153,37804.157553,37804.269898,0, 0, 0, 0,-99.000000,-99.000000,-99.000000,-1,0
68475,589336,110.984634,37804.356033,37804.468378,0, 0, 0, 0,-99.000000,-99.000000,-99.000000,-1,1
68475,589337,111.710121,37805.081520,37805.193866,0, 0, 0, 0,-99.000000,-99.000000,-99.000000,-1,1
68475,589338,111.715872,37805.087270,37805.199617,1, 0, 0, 1,-3.233196,-2.665571,1.566364,-1,2
68475,589339,111.716159,37805.087557,37805.199903,1, 0, 0, 1,-7.354312,0.149758,20.206222,-1,2
68475,589340,111.822768,37805.194166,37805.306513,1, 0, 0, 1,6.257597,4.128731,26.439139,-1,3
68475,589341,111.850483,37805.221881,37805.334228,1, 0, 0, 1,6.289017,-1.605624,-6.947182,-1,2
68475,589342,111.973574,37805.344971,37805.457318,0, 0, 0, 0,-99.000000,-99.000000,-99.000000,-1,1
68475,589343,112.006489,37805.377887,37805.490234,1, 0, 0, 1,0.908027,-2.790378,0.862652,-1,2
68475,589344,112.031998,37805.403395,37805.515742,1, 0, 0, 1,-5.841028,-3.176431,-2.562966,-1,2
68475,589345,112.059595,37805.430992,37805.543339,0, 0, 0, 0,-99.000000,-99.000000,-99.000000,-1,1
68475,589346,112.101451,37805.472848,37805.585195,1, 0, 0, 1,-7.819060,1.595193,3.178228,-1,2
68475,589347,112.222767,37805.594164,37805.706511,0, 0, 0, 0,-99.000000,-99.000000,-99.000000,-1,0
68475,589348,112.266136,37805.637533,37805.749881,0, 0, 0, 0,-99.000000,-99.000000,-99.000000,-1,1
68475,589349,112.271567,37805.642964,37805.755312,1, 0, 0, 1,-3.225827,-1.218905,-17.830217,-1,2
68475,589350,112.400233,37805.771630,37805.883978,1, 0, 0, 1,1.943490,4.561655,-12.569927,-1,2
68475,589351,113.066767,37806.438162,37806.550512,1, 0, 0, 1,2.178651,7.109106,-12.081088,-1,2
68475,589352,113.244756,37806.616151,37806.728501,1, 0, 0, 1,-1.217462,5.693987,14.428930,-1,2
68475,589353,113.248974,37806.620369,37806.732719,0, 0, 0, 0,-99.000000,-99.000000,-99.000000,-1,0
68475,589354,113.277316,37806.648711,37806.761060,1, 0, 0, 1,-0.656039,0.554499,-6.746969,-1,2
68475,589355,113.335687,37806.707082,37806.819432,1, 0, 0, 1,2.811447,2.986801,-12.234347,-1,2
68475,589356,113.579324,37806.950718,37807.063068,1, 0, 0, 1,-7.242498,-8.317230,18.616433,-1,2
68475,589357,113.790393,37807.161787,37807.274138,0, 0, 0, 0,-99.000000,-99.000000,-99.000000,-1,1
68475,589358,113.817090,37807.188484,37807.300835,0, 0, 0, 0,-99.000000,-99.000000,-99.000000,-1,1
68475,589359,113.874246,37807.245640,37807.357991,0, 0, 0, 0,-99.000000,-99.000000,-99.000000,-1,1
68475,589360,113.915715,37807.287109,37807.399460,1, 0, 0, 1,4.083390,2.569746,1.064296,-1,2
68475,589361,114.004893,37807.376286,37807.488638,0, 0, 0, 0,-99.000000,-99.000000,-99.000000,-1,0
68475,589362,114.096333,37807.467726,37807.580078,1, 0, 0, 1,-0.768181,-3.907302,-3.775185,-1,2
68475,589363,114.536831,37807.908224,37808.020576,0, 0, 0, 0,-99.000000,-99.000000,-99.000000,-1,1
68475,589364,114.830265,37808.201656,37808.314009,1, 0, 0, 1,1.246210,8.328658,20.996630,-1,2
68475,589365,114.832026,37808.203418,37808.315770,1, 0, 0, 1,-4.696651,6.231161,10.032939,-1,2
68475,589366,114.935127,37808.306519,37808.418872,0, 0, 0, 0,-99.000000,-99.000000,-99.000000,-1,1
68475,589367,115.097369,37808.468761,37808.581114,1, 0, 0, 1,4.835265,2.904314,8.808318,-1,2
68475,589368,115.127362,37808.498754,37808.611107,1, 0, 0, 1,-7.208904,-3.182690,6.854532,-1,2
68475,589369,115.195398,37808.566790,37808.679143,0, 0, 0, 0,-99.000000,-99.000000,-99.000000,-1,0
68475,589370,115.253669,37808.625060,37808.737414,1, 0, 0, 1,3.267921,6.051953,-13.718560,-1,2
68475,589371,115.262204,37808.633595,37808.745948,1, 0, 0, 1,3.247885,-7.678639,16.645906,-1,2
68475,589372,115.295980,37808.667371,37808.779724,1, 0, 0, 1,-1.170801,-1.933224,17.088926,-1,2
68475,589373,115.301956,37808.673347,37808.785700,0, 0, 0, 0,-99.000000,-99.000000,-99.000000,-1,0
68475,589374,115.363184,37808.734575,37808.846929,1, 0, 0, 1,-6.371373,-2.119450,-19.516871,-1,2
68475,589375,115.382304,37808.753695,37808.866049,0, 0, 0, 0,-99.000000,-99.000000,-99.000000,-1,0
68475,589376,115.546335,37808.917726,37809.030080,1, 0, 0, 1,-5.605217,1.861166,15.418636,-1,2
68475,589377,116.313190,37809.684579,37809.796934,0, 0, 0, 0,-99.000000,-99.000000,-99.000000,-1,0
68475,589378,116.330830,37809.702219,37809.814575,1, 0, 0, 1,-1.874342,-2.521931,19.063895,-1,2
68475,589379,116.335036,37809.706425,37809.818781,0, 0, 0, 0,-99.000000,-99.000000,-99.000000,-1,1
68475,589380,116.409798,37809.781187,37809.893543,1, 0, 0, 1,5.429631,6.140681,-0.694985,-1,2
68475,589381,116.599604,37809.970993,37810.083349,0, 0, 0, 0,-99.000000,-99.000000,-99.000000,-1,1
68475,589382,116.608517,37809.979905,37810.092262,0, 0, 0, 0,-99.000000,-99.000000,-99.000000,-1,0
68475,589383,116.739803,37810.111191,37810.223548,1, 0, 0, 1,4.272038,-2.058538,5.767088,-1,2
68475,589384,117.029339,37810.400727,37810.513084,1, 0, 0, 1,3.223763,7.043594,-14.930454,-1,2
68475,589385,117.266106,37810.637493,37810.749851,0, 0, 0, 0,-99.000000,-99.000000,-99.000000,-1,1
68475,589386,117.361340,37810.732727,37810.845085,0, 0, 0, 0,-99.000000,-99.000000,-99.000000,-1,1
68475,589387,117.378872,37810.750259,37810.862617,1, 0, 0, 1,4.458680,-4.323823,-5.454278,-1,2
68475,589388,117.425119,37810.796506,37810.908864,1, 0, 0, 1,2.675183,-4.179616,-15.444181,-1,2
68475,589389,117.672563,37811.043949,37811.156308,1, 0, 0, 1,-2.267525,9.779272,19.641031,-1,2
68475,589390,117.731323,37811.102709,37811.215068,1, 0, 0, 1,-1.224965,-7.182569,4.861801,-1,2
68475,589391,117.756888,37811.128274,37811.240633,0, 0, 0, 0,-99.000000,-99.000000,-99.000000,-1,0
68475,589392,117.794467,37811.165853,37811.278212,1, 0, 0, 1,4.121850,1.669264,-8.344623,-1,2
68475,589393,118.068434,37811.439819,37811.552179,0, 0, 0, 0,-99.000000,-99.000000,-99.000000,-1,1
68475,589394,118.131262,37811.502647,37811.615006,0, 0, 0, 0,-99.000000,-99.000000,-99.000000,-1,1
68475,589395,118.166240,37811.537626,37811.649985,1, 0, 0, 1,2.442361,0.250671,-0.672363,-1,2
68475,589396,118.325089,37811.696474,37811.808833,1, 0, 0, 1,1.852250,0.571256,6.615902,-1,2
68475,589397,118.501465,37811.872850,37811.985210,0, 0, 0, 0,-99.000000,-99.000000,-99.000000,-1,1
68475,589398,118.542754,37811.914139,37812.026499,0, 0, 0, 0,-99.000000,-99.000000,-99.000000,-1,1
68475,589399,118.543385,37811.914770,37812.027130,0, 0, 0, 0,-99.000000,-99.000000,-99.000000,-1,1
68475,589400,118.938299,37812.309683,37812.422044,0, 0, 0, 0,-99.000000,-99.000000,-99.000000,-1,0
68475,589401,118.993295,37812.364678,37812.477039,1, 0, 0, 1,-3.662099,0.300556,-5.077514,-1,2
68475,589402,119.056141,37812.427524,37812.539885,1, 0, 0, 1,-2.832773,5.289116,-4.895096,-1,2
68475,589403,119.173869,37812.545252,37812.657614,1, 0, 0, 1,7.829459,1.894495,-2.286097,-1,2
68475,589404,119.196802,37812.568185,37812.680547,1, 0, 0, 1,3.350961,3.071177,12.487034,-1,2
68475,589405,119.295813,37812.667196,37812.779558,1, 0, 0, 1,-2.952364,4.730899,6.232647,-1,2
68475,589406,119.437607,37812.808989,37812.921351,1, 0, 0, 1,8.120894,2.451588,15.461365,-1,2
68475,589407,119.520065,37812.891447,37813.003809,1, 0, 0, 1,0.152508,2.711875,16.118708,-1,2
68475,589408,119.645340,37813.016722,37813.129084,1, 0, 0, 1,8.024662,-0.220966,-13.291880,-1,2
68475,589409,119.771375,37813.142757,37813.255120,0, 0, 0, 0,-99.000000,-99.000000,-99.000000,-1,0
68475,589410,119.806546,37813.177928,37813.290290,0, 0, 0, 0,-99.000000,-99.000000,-99.000000,-1,1
68475,589411,119.941776,37813.313157,37813.425520,0, 0, 0, 0,-99.000000,-99.000000,-99.000000,-1,1
68475,589412,120.018549,37813.389930,37813.502293,1, 0, 0, 1,-4.354581,-3.866646,-7.245866,-1,2
68475,589413,120.072209,37813.443590,37813.555953,0, 0, 0, 0,-99.000000,-99.000000,-99.000000,-1,1
68475,589414,120.078773,37813.450154,37813.562518,1, 0, 0, 1,6.450828,-2.504786,-0.552147,-1,2
68475,589415,120.289500,37813.660881,37813.773245,1, 0, 0, 1,3.436444,-0.091218,-19.017222,-1,2
68475,589416,120.290784,37813.662165,37813.774528,1, 0, 0, 1,0.024426,-2.523449,-17.580276,-1,2
68475,589417,120.368665,37813.740046,37813.852410,1, 0, 0, 1,-2.282096,6.930489,-16.261797,-1,2
68475,589418,120.446164,37813.817545,37813.929909,0, 0, 0, 0,-99.000000,-99.000000,-99.000000,-1,1
68475,589419,120.501958,37813.873338,37813.985702,1, 0, 0, 1,-5.220123,8.096884,-2.021785,-1,2
68475,589420,120.771303,37814.142683,37814.255048,0, 0, 0, 0,-99.000000,-99.000000,-99.000000,-1,1
68475,589421,120.810503,37814.181883,37814.294248,0, 0, 0, 0,-99.000000,-99.000000,-99.000000,-1,1
68475,589422,120.857717,37814.229097,37814.341462,1, 0, 0, 1,4.661776,-0.675850,11.107227,-1,2
68475,589423,120.899392,37814.270772,37814.383137,1, 0, 0, 1,7.361572,-2.766664,-8.331149,-1,2
68475,589424,121.109092,37814.480471,37814.592836,1, 0, 0, 1,-8.489432,0.463419,7.731959,-1,2
68475,589425,121.150688,37814.522067,37814.634432,1, 0, 0, 1,-5.511377,-2.828911,-0.191426,-1,2
68475,589426,121.232355,37814.603734,37814.716100,0, 0, 0, 0,-99.000000,-99.000000,-99.000000,-1,0
68475,589427,121.279873,37814.651252,37814.763618,1, 0, 0, 1,1.345388,-0.865416,18.853042,-1,2
68475,589428,121.281159,37814.652538,37814.764903,1, 0, 0, 1,8.334900,8.678661,-10.199879,-1,3
68475,589429,121.414366,37814.785745,37814.898111,0, 0, 0, 0,-99.000000,-99.000000,-99.000000,-1,1
68475,589430,121.439411,37814.810789,37814.923155,1, 0, 0, 1,3.168395,3.133619,0.445047,-1,2
68475,589431,121.464461,37814.835839,37814.948205,0, 0, 0, 0,-99.000000,-99.000000,-99.000000,-1,0
68475,589432,122.278312,37815.649689,37815.762057,0, 0, 0, 0,-99.000000,-99.000000,-99.000000,-1,1
68475,589433,122.440714,37815.812090,37815.924459,0, 0, 0, 0,-99.000000,-99.000000,-99.000000,-1,0
68475,589434,122.908796,37816.280172,37816.392541,1, 0, 0, 1,5.291187,0.083022,4.859365,-1,2
68475,589435,122.988199,37816.359575,37816.471944,0, 0, 0, 0,-99.000000,-99.000000,-99.000000,-1,1
68475,589436,123.080584,37816.451959,37816.564329,0, 0, 0, 0,-99.000000,-99.000000,-99.000000,-1,1
68475,589437,123.119072,37816.490447,37816.602816,0, 0, 0, 0,-99.000000,-99.000000,-99.000000,-1,0
68475,589438,123.243555,37816.614930,37816.727299,0, 0, 0, 0,-99.000000,-99.000000,-99.000000,-1,0
68475,589439,123.246754,37816.618129,37816.730499,0, 0, 0, 0,-99.000000,-99.000000,-99.000000,-1,1
68475,589440,123.291975,37816.663349,37816.775719,1, 0, 0, 1,-5.358945,4.291204,-7.152482,-1,2
68475,589441,123.529706,37816.901080,37817.013450,0, 0, 0, 0,-99.000000,-99.000000,-99.000000,-1,1
68475,589442,123.557653,37816.929027,37817.041398,1, 0, 0, 1,2.678272,-3.936689,-13.081870,-1,2
68475,589443,123.732182,37817.103556,37817.215927,1, 0, 0, 1,-3.247415,-3.103915,-14.799539,-1,2
68475,589444,124.312453,37817.683826,37817.796198,0, 0, 0, 0,-99.000000,-99.000000,-99.000000,-1,1
68475,589445,124.412965,37817.784337,37817.896709,0, 0, 0, 0,-99.000000,-99.000000,-99.000000,-1,1
68475,589446,124.638318,37818.009690,37818.122063,1, 0, 0, 1,-6.607970,-2.706663,-19.176191,-1,2
68475,589447,124.662038,37818.033410,37818.145782,0, 0, 0, 0,-99.000000,-99.000000,-99.000000,-1,1
68475,589448,124.837119,37818.208490,37818.320863,1, 0, 0, 1,0.739720,-3.968629,-12.636229,-1,2
68475,589449,124.926196,37818.297567,37818.409940,1, 0, 0, 1,-0.293319,-1.088865,-8.870315,-1,2
68475,589450,125.001883,37818.373254,37818.485628,1, 0, 0, 1,2.104492,6.180195,22.165902,-1,2
68475,589451,125.048811,37818.420182,37818.532555,1, 0, 0, 1,4.766772,-2.149357,-13.992518,-1,2
68475,589452,125.075866,37818.447237,37818.559610,1, 0, 0, 1,8.695524,0.214945,9.989994,-1,2
68475,589453,125.118785,37818.490156,37818.602530,1, 0, 0, 1,-3.127759,8.094548,7.999143,-1,2
68475,589454,125.452470,37818.823840,37818.936214,0, 0, 0, 0,-99.000000,-99.000000,-99.000000,-1,1
68475,589455,125.541221,37818.912591,37819.024966,1, 0, 0, 1,-0.946705,0.486033,12.935744,-1,2
68475,589456,125.640748,37819.012118,37819.124492,0, 0, 0, 0,-99.000000,-99.000000,-99.000000,-1,1
68475,589457,125.876579,37819.247949,37819.360324,0, 0, 0, 0,-99.000000,-99.000000,-99.000000,-1,1
68475,589458,125.885714,37819.257083,37819.369458,0, 0, 0, 0,-99.000000,-99.000000,-99.000000,-1,1
68475,589459,125.955284,37819.326653,37819.439028,1, 0, 0, 1,-1.993745,2.863887,9.928719,-1,2
68475,589460,126.210156,37819.581525,37819.693901,0, 0, 0, 0,-99.000000,-99.000000,-99.000000,-1,1
68475,589461,126.256300,37819.627668,37819.740044,1, 0, 0, 1,7.246967,0.266665,10.345245,-1,2
68475,589462,126.272374,37819.643742,37819.756118,1, 0, 0, 1,-3.036220,3.819833,-5.697922,-1,2
68475,589463,126.381326,37819.752695,37819.865071,1, 0, 0, 1,0.943861,5.308462,2.833423,-1,2
68475,589464,126.382431,37819.753799,37819.866175,1, 0, 0, 1,-8.569418,6.708403,-5.816725,-1,2
68475,589465,126.656142,37820.027510,37820.139886,0, 0, 0, 0,-99.000000,-99.000000,-99.000000,-1,1
68475,589466,126.667862,37820.039230,37820.151606,0, 0, 0, 0,-99.000000,-99.000000,-99.000000,-1,1
68475,589467,126.686900,37820.058268,37820.170645,0, 0, 0, 0,-99.000000,-99.000000,-99.000000,-1,1
68475,589468,126.695354,37820.066722,37820.179099,0, 0, 0, 0,-99.000000,-99.000000,-99.000000,-1,1
68475,589469,126.857537,37820.228905,37820.341282,1, 0, 0, 1,-8.338486,2.091697,-13.675006,-1,2
68475,589470,126.987600,37820.358968,37820.471345,1, 0, 0, 1,4.220578,7.842745,22.494307,-1,2
68475,589471,127.029354,37820.400721,37820.513099,0, 0, 0, 0,-99.000000,-99.000000,-99.000000,-1,1
68475,589472,127.183386,37820.554752,37820.667130,1, 0, 0, 1,-0.934566,2.112339,-15.240125,-1,2
68475,589473,127.210119,37820.581486,37820.693864,1, 0, 0, 1,5.320857,-2.173544,-1.197360,-1,2
68475,589474,127.250691,37820.622057,37820.734435,1, 0, 0, 1,2.054214,1.862706,-16.620208,-1,2
68475,589475,127.387384,37820.758750,37820.871128,0, 0, 0, 0,-99.000000,-99.000000,-99.000000,-1,0
68475,589476,127.575548,37820.946914,37821.059293,1, 0, 0, 1,-8.390898,-0.229880,-14.432930,-1,2
68475,589477,127.663469,37821.034835,37821.147214,0, 0, 0, 0,-99.000000,-99.000000,-99.000000,-1,1
68475,589478,127.688605,37821.059971,37821.172350,1, 0, 0, 1,-5.848557,-4.898800,12.231884,-1,2
68475,589479,127.726488,37821.097854,37821.210232,1, 0, 0, 1,8.631961,10.879557,-14.681715,-1,2
68475,589480,127.769025,37821.140391,37821.252770,0, 0, 0, 0,-99.000000,-99.000000,-99.000000,-1,1
68475,589481,127.772742,37821.144107,37821.256486,1, 0, 0, 1,5.774738,-0.130699,9.010174,-1,2
68475,589482,127.782401,37821.153767,37821.266146,0, 0, 0, 0,-99.000000,-99.000000,-99.000000,-1,1
68475,589483,127.829637,37821.201002,37821.313381,0, 0, 0, 0,-99.000000,-99.000000,-99.000000,-1,1
68475,589484,127.838669,37821.210034,37821.322414,0, 0, 0, 0,-99.000000,-99.000000,-99.000000,-1,0
68475,589485,127.841611,37821.212976,37821.325355,1, 0, 0, 1,-4.458257,-2.235370,-9.976975,-1,2
68475,589486,127.886874,37821.258239,37821.370618,1, 0, 0, 1,0.978725,-5.526892,-8.782962,-1,2
68475,589487,127.948766,37821.320131,37821.432511,1, 0, 0, 1,6.175056,2.288243,-16.021620,-1,2
68475,589488,127.966552,37821.337917,37821.450297,0, 0, 0, 0,-99.000000,-99.000000,-99.000000,-1,1
68475,589489,128.061561,37821.432926,37821.545306,0, 0, 0, 0,-99.000000,-99.000000,-99.000000,-1,0
68475,589490,128.100872,37821.472237,37821.584617,0, 0, 0, 0,-99.000000,-99.000000,-99.000000,-1,1
68475,589491,128.216548,37821.587912,37821.700292,0, 0, 0, 0,-99.000000,-99.000000,-99.000000,-1,1
68475,589492,128.287164,37821.658528,37821.770909,1, 0, 0, 1,5.510264,3.171191,-17.912075,-1,2
68475,589493,128.346300,37821.717665,37821.830045,0, 0, 0, 0,-99.000000,-99.000000,-99.000000,-1,1
68475,589494,128.358850,37821.730214,37821.842595,1, 0, 0, 1,4.589333,-2.289031,7.298468,-1,2
68475,589495,128.436888,37821.808253,37821.920633,1, 0, 0, 1,-0.491818,-9.677568,-11.134838,-1,2
68475,589496,128.478889,37821.850253,37821.962634,0, 0, 0, 0,-99.000000,-99.000000,-99.000000,-1,1
68475,589497,128.652917,37822.024281,37822.136662,0, 0, 0, 0,-99.000000,-99.000000,-99.000000,-1,0
68475,589498,128.685840,37822.057204,37822.169584,0, 0, 0, 0,-99.000000,-99.000000,-99.000000,-1,1
68475,589499,128.725675,37822.097038,37822.209419,0, 0, 0, 0,-99.000000,-99.000000,-99.000000,-1,1
68475,589500,128.736477,37822.107840,37822.220221,0, 0, 0, 0,-99.000000,-99.000000,-99.000000,-1,1
68475,589501,129.024415,37822.395778,37822.508159,0, 0, 0, 0,-99.000000,-99.000000,-99.000000,-1,0
68475,589502,129.178776,37822.550139,37822.662521,1, 0, 0, 1,-8.964393,0.996680,-8.387781,-1,2
68475,589503,129.223242,37822.594604,37822.706986,1, 0, 0, 1,-0.801146,9.539002,-0.175590,-1,4
68475,589504,129.393904,37822.765266,37822.877648,0, 0, 0, 0,-99.000000,-99.000000,-99.000000,-1,1
68475,589505,129.481096,37822.852458,37822.964840,0, 0, 0, 0,-99.000000,-99.000000,-99.000000,-1,0
68475,589506,129.507660,37822.879022,37822.991404,1, 0, 0, 1,-7.598413,-0.513847,-20.096819,-1,2
68475,589507,129.686887,37823.058249,37823.170632,0, 0, 0, 0,-99.000000,-99.000000,-99.000000,-1,1
68475,589508,129.771753,37823.143114,37823.255497,1, 0, 0, 1,0.157015,-6.116051,-3.829422,-1,2
68475,589509,129.776492,37823.147853,37823.260236,1, 0, 0, 1,4.333746,2.506150,-19.695618,-1,2
68475,589510,129.849327,37823.220689,37823.333072,0, 0, 0, 0,-99.000000,-99.000000,-99.000000,-1,1
68475,589511,129.862348,37823.233709,37823.346092,0, 0, 0, 0,-99.000000,-99.000000,-99.000000,-1,1
68475,589512,129.976984,37823.348345,37823.460728,1, 1, 0, 1,2.807935,0.918729,-20.826445,-1,2
68475,589513,130.003955,37823.375316,37823.487699,0, 0, 0, 0,-99.000000,-99.000000,-99.000000,-1,1
68475,589514,130.012148,37823.383510,37823.495893,1, 0, 0, 1,-6.454994,-1.398861,-15.989467,-1,2
68475,589515,130.197395,37823.568755,37823.681139,1, 0, 0, 1,8.356781,-3.305097,-21.086854,-1,2
68475,589516,130.337877,37823.709238,37823.821622,1, 0, 0, 1,6.318624,3.962872,1.490072,-1,2
68475,589517,130.681473,37824.052833,37824.165218,1, 0, 0, 1,2.355858,2.692697,-15.738536,-1,2
68475,589518,130.687461,37824.058820,37824.171205,1, 0, 0, 1,0.656412,-3.998186,14.090814,-1,2
68475,589519,130.701561,37824.072920,37824.185305,1, 0, 0, 1,-1.236392,-3.013589,18.884692,-1,2
68475,589520,130.727876,37824.099236,37824.211621,0, 0, 0, 0,-99.000000,-99.000000,-99.000000,-1,1
68475,589521,130.770479,37824.141839,37824.254224,1, 0, 0, 1,-2.417734,1.955361,-20.747132,-1,2
68475,589522,130.770706,37824.142066,37824.254451,1, 0, 0, 1,-6.287118,-3.434706,13.331975,-1,2
68475,589523,130.924478,37824.295837,37824.408223,0, 0, 0, 0,-99.000000,-99.000000,-99.000000,-1,1
68475,589524,130.948171,37824.319530,37824.431915,1, 0, 0, 1,-1.529215,6.163463,-17.019514,-1,2
68475,589525,131.082395,37824.453754,37824.566140,1, 0, 0, 1,-2.909543,2.808134,14.522805,-1,2
68475,589526,131.104052,37824.475410,37824.587796,0, 0, 0, 0,-99.000000,-99.000000,-99.000000,-1,1
68475,589527,131.254428,37824.625787,37824.738173,0, 0, 0, 0,-99.000000,-99.000000,-99.000000,-1,1
68475,589528,131.270139,37824.641497,37824.753883,1, 0, 0, 1,-1.763912,-5.859017,-22.891347,-1,2
68475,589529,131.416082,37824.787441,37824.899827,1, 0, 0, 1,-2.140820,-1.767848,10.809843,-1,2
68475,589530,131.509630,37824.880989,37824.993375,0, 0, 0, 0,-99.000000,-99.000000,-99.000000,-1,1
68475,589531,131.656041,37825.027399,37825.139786,1, 0, 0, 1,2.506658,15.082275,-23.653010,-1,2
68475,589532,131.786230,37825.157588,37825.269975,0, 0, 0, 0,-99.000000,-99.000000,-99.000000,-1,1
68475,589533,131.803121,37825.174478,37825.286865,1, 0, 0, 1,-5.568340,-1.164487,-17.833189,-1,2
68475,589534,131.879866,37825.251223,37825.363611,0, 0, 0, 0,-99.000000,-99.000000,-99.000000,-1,1
68475,589535,131.998196,37825.369553,37825.481941,1, 0, 0, 1,-1.471768,-7.763762,-6.216609,-1,2
68475,589536,132.184273,37825.555629,37825.668017,1, 0, 0, 1,1.502311,3.718665,-14.684255,-1,2
68475,589537,132.460662,37825.832019,37825.944407,1, 0, 0, 1,4.991223,-2.707666,8.467173,-1,2
68475,589538,132.585474,37825.956830,37826.069219,1, 0, 0, 1,5.356990,2.910017,-20.883617,-1,2
68475,589539,132.686077,37826.057433,37826.169821,1, 0, 0, 1,-2.204543,5.890249,-9.093475,-1,2
68475,589540,132.780811,37826.152167,37826.264556,0, 0, 0, 0,-99.000000,-99.000000,-99.000000,-1,0
68475,589541,132.791626,37826.162982,37826.275371,1, 0, 0, 1,4.872225,8.209755,7.941356,-1,3
68475,589542,132.887201,37826.258556,37826.370946,1, 0, 0, 1,-1.659016,10.254249,6.068291,-1,2
68475,589543,132.924212,37826.295567,37826.407956,1, 0, 0, 1,5.209954,1.045004,-7.433982,-1,2
68475,589544,133.051620,37826.422975,37826.535365,1, 0, 0, 1,1.521202,2.601938,14.931739,-1,2
68475,589545,133.154618,37826.525973,37826.638363,0, 0, 0, 0,-99.000000,-99.000000,-99.000000,-1,1
68475,589546,133.198073,37826.569428,37826.681818,0, 0, 0, 0,-99.000000,-99.000000,-99.000000,-1,1
68475,589547,133.231465,37826.602819,37826.715209,1, 0, 0, 1,-0.609077,5.331840,7.699182,-1,2
68475,589548,133.250039,37826.621394,37826.733784,0, 0, 0, 0,-99.000000,-99.000000,-99.000000,-1,1
68475,589549,133.325687,37826.697041,37826.809432,1, 0, 0, 1,0.357059,6.771877,-18.407088,-1,3
68475,589550,133.341207,37826.712561,37826.824951,1, 0, 0, 1,6.470648,-1.967533,-4.016177,-1,2
68475,589551,133.642977,37827.014330,37827.126721,1, 0, 0, 1,7.079317,6.430215,1.422282,-1,2
68475,589552,133.954122,37827.325475,37827.437867,1, 0, 0, 1,-4.107949,-3.858516,-4.985134,-1,2
68475,589553,134.011224,37827.382577,37827.494969,0, 0, 0, 0,-99.000000,-99.000000,-99.000000,-1,1
68475,589554,134.270615,37827.641968,37827.754360,0, 0, 0, 0,-99.000000,-99.000000,-99.000000,-1,0
68475,589555,134.350839,37827.722191,37827.834583,0, 0, 0, 0,-99.000000,-99.000000,-99.000000,-1,1
68475,589556,134.416727,37827.788079,37827.900472,1, 0, 0, 1,-2.041919,7.880151,11.001948,-1,2
68475,589557,134.486071,37827.857423,37827.969815,1, 0, 0, 1,-1.754206,12.635305,19.102164,-1,2
68475,589558,134.543179,37827.914531,37828.026924,1, 0, 0, 1,1.783268,2.060933,12.590089,-1,2
68475,589559,134.544837,37827.916188,37828.028581,1, 0, 0, 1,8.804461,-3.283269,-4.567262,-1,2
68475,589560,134.627122,37827.998474,37828.110867,1, 0, 0, 1,-2.613691,0.216691,1.422878,-1,2
68475,589561,134.651145,37828.022497,37828.134890,0, 0, 0, 0,-99.000000,-99.000000,-99.000000,-1,1
68475,589562,134.836161,37828.207513,37828.319906,0, 0, 0, 0,-99.000000,-99.000000,-99.000000,-1,1
68475,589563,134.947152,37828.318503,37828.430896,1, 0, 0, 1,-7.822597,0.936566,-21.418759,-1,2
68475,589564,135.561884,37828.933234,37829.045629,1, 0, 0, 1,7.430577,2.675343,7.245139,-1,2
68475,589565,135.654987,37829.026337,37829.138732,1, 0, 0, 1,2.634717,-3.920697,-20.649427,-1,2
68475,589566,135.783619,37829.154968,37829.267364,1, 0, 0, 1,3.030601,4.942769,9.563679,-1,2
68475,589567,135.892465,37829.263815,37829.376210,1, 0, 0, 1,2.095140,9.651074,6.014322,-1,2
68475,589568,135.897997,37829.269346,37829.381742,0, 0, 0, 0,-99.000000,-99.000000,-99.000000,-1,1
68475,589569,135.996384,37829.367733,37829.480129,1, 0, 0, 1,7.208545,-2.713693,17.516649,-1,2
68475,589570,136.090831,37829.462180,37829.574576,1, 0, 0, 1,-4.515965,0.736913,-10.846028,-1,2
68475,589571,136.099153,37829.470501,37829.582897,1, 0, 0, 1,5.402269,-5.548597,-0.563565,-1,2
68475,589572,136.208511,37829.579860,37829.692256,0, 0, 0, 0,-99.000000,-99.000000,-99.000000,-1,1
68475,589573,136.482741,37829.854089,37829.966485,1, 0, 0, 1,7.338984,-1.425451,-15.856798,-1,2
68475,589574,136.487300,37829.858648,37829.971044,0, 0, 0, 0,-99.000000,-99.000000,-99.000000,-1,1
68475,589575,136.519787,37829.891135,37830.003532,1, 0, 0, 1,-1.498707,7.150863,-17.918474,-1,2
68475,589576,136.545016,37829.916364,37830.028761,1, 0, 0, 1,8.243704,1.865090,-2.585880,-1,2
68475,589577,136.565678,37829.937026,37830.049422,0, 0, 0, 0,-99.000000,-99.000000,-99.000000,-1,0
68475,589578,136.602424,37829.973772,37830.086169,1, 0, 0, 1,2.162796,5.675279,-12.905846,-1,2
68475,589579,136.722923,37830.094270,37830.206667,1, 0, 0, 1,-3.138998,1.010811,9.332075,-1,2
68475,589580,136.736100,37830.107447,37830.219844,1, 0, 0, 1,-0.894099,-6.709031,-18.960089,-1,2
68475,589581,136.751087,37830.122434,37830.234831,1, 0, 0, 1,3.098605,-7.900662,16.040869,-1,2
68475,589582,136.789719,37830.161066,37830.273464,0, 0, 0, 0,-99.000000,-99.000000,-99.000000,-1,1
68475,589583,136.899407,37830.270754,37830.383151,1, 0, 0, 1,3.995370,4.044597,12.448874,-1,2
68475,589584,137.017956,37830.389303,37830.501700,1, 0, 0, 1,-7.737937,-0.581060,-12.141601,-1,2
68475,589585,137.221823,37830.593170,37830.705568,1, 0, 0, 1,0.122212,1.351915,-9.921023,-1,2
68475,589586,137.239793,37830.611140,37830.723538,1, 0, 0, 1,3.877688,14.642954,0.881709,-1,2
68475,589587,137.296811,37830.668157,37830.780556,0, 0, 0, 0,-99.000000,-99.000000,-99.000000,-1,1
68475,589588,137.367880,37830.739226,37830.851625,0, 0, 0, 0,-99.000000,-99.000000,-99.000000,-1,1
68475,589589,137.543207,37830.914553,37831.026952,0, 0, 0, 0,-99.000000,-99.000000,-99.000000,-1,0
68475,589590,137.622590,37830.993936,37831.106335,0, 0, 0, 0,-99.000000,-99.000000,-99.000000,-1,0
68475,589591,137.649719,37831.021064,37831.133463,0, 0, 0, 0,-99.000000,-99.000000,-99.000000,-1,1
68475,589592,137.672972,37831.044318,37831.156717,1, 0, 0, 1,6.550496,-0.708824,-13.461222,-1,2
68475,589593,137.675257,37831.046603,37831.159002,1, 0, 0, 1,0.858335,3.640882,-8.777395,-1,2
68475,589594,137.755166,37831.126512,37831.238911,0, 0, 0, 0,-99.000000,-99.000000,-99.000000,-1,1
68475,589595,137.866777,37831.238122,37831.350522,0, 0, 0, 0,-99.000000,-99.000000,-99.000000,-1,1
68475,589596,137.891786,37831.263131,37831.375531,1, 0, 0, 1,7.868938,-4.034719,13.447759,-1,2
68475,589597,137.916872,37831.288217,37831.400616,1, 1, 1, 1,1.130136,2.204352,2.137864,-1,2
68475,589598,137.967452,37831.338797,37831.451197,0, 0, 0, 0,-99.000000,-99.000000,-99.000000,-1,1
68475,589599,138.059599,37831.430944,37831.543344,1, 0, 0, 1,-1.734546,-5.582039,0.920214,-1,2
68475,589600,138.059848,37831.431192,37831.543592,1, 0, 0, 1,1.800149,-0.880534,-16.364187,-1,2
68475,589601,138.082378,37831.453723,37831.566123,0, 0, 0, 0,-99.000000,-99.000000,-99.000000,-1,0
68475,589602,138.233402,37831.604747,37831.717147,0, 0, 0, 0,-99.000000,-99.000000,-99.000000,-1,1
68475,589603,138.462609,37831.833953,37831.946353,1, 0, 0, 1,2.885881,8.110674,-17.473555,-1,2
68475,589604,138.488605,37831.859949,37831.972350,0, 0, 0, 0,-99.000000,-99.000000,-99.000000,-1,1
68475,589605,138.503149,37831.874492,37831.986893,1, 0, 0, 1,2.312914,5.906029,-10.117357,-1,2
68475,589606,138.560794,37831.932138,37832.044539,1, 0, 0, 1,-4.777966,5.884136,-7.225677,-1,2
68475,589607,138.626187,37831.997531,37832.109932,0, 0, 0, 0,-99.000000,-99.000000,-99.000000,-1,1
68475,589608,138.662750,37832.034094,37832.146495,0, 0, 0, 0,-99.000000,-99.000000,-99.000000,-1,0
68475,589609,138.870237,37832.241580,37832.353982,0, 0, 0, 0,-99.000000,-99.000000,-99.000000,-1,1
68475,589610,138.888719,37832.260062,37832.372464,1, 0, 0, 1,8.435592,0.053704,-8.166403,-1,3
68475,589611,138.928410,37832.299753,37832.412154,1, 0, 0, 1,3.373978,1.425323,-11.839606,-1,2
68475,589612,139.055810,37832.427153,37832.539555,0, 0, 0, 0,-99.000000,-99.000000,-99.000000,-1,0
68475,589613,139.196256,37832.567598,37832.680001,1, 0, 0, 1,4.849318,-4.318920,3.424080,-1,2
68475,589614,139.209647,37832.580989,37832.693391,1, 0, 0, 1,0.171345,-2.368285,-10.174276,-1,2
68475,589615,139.271846,37832.643188,37832.755590,0, 0, 0, 0,-99.000000,-99.000000,-99.000000,-1,0
68475,589616,139.372818,37832.744160,37832.856562,0, 0, 0, 0,-99.000000,-99.000000,-99.000000,-1,0
68475,589617,139.465539,37832.836881,37832.949283,1, 0, 0, 1,5.254055,-0.191350,-16.597412,-1,2
68475,589618,139.473307,37832.844648,37832.957051,1, 0, 0, 1,-1.249302,0.448385,7.561335,-1,2
68475,589619,139.502592,37832.873934,37832.986337,0, 0, 0, 0,-99.000000,-99.000000,-99.000000,-1,1
68475,589620,139.525651,37832.896993,37833.009395,0, 0, 0, 0,-99.000000,-99.000000,-99.000000,-1,1
68475,589621,139.924578,37833.295919,37833.408323,1, 0, 0, 1,-8.198756,-0.250972,14.131051,-1,2
68475,589622,140.023005,37833.394346,37833.506750,1, 0, 0, 1,7.147059,-2.380204,9.997582,-1,2
68475,589623,140.103986,37833.475326,37833.587730,0, 0, 0, 0,-99.000000,-99.000000,-99.000000,-1,0
68475,589624,140.235367,37833.606708,37833.719112,1, 0, 0, 1,0.005566,0.625539,-17.903391,-1,2
68475,589625,140.254166,37833.625506,37833.737910,0, 0, 0, 0,-99.000000,-99.000000,-99.000000,-1,1
68475,589626,140.302927,37833.674268,37833.786672,1, 0, 0, 1,-2.657819,9.626834,-8.760306,-1,2
68475,589627,140.485648,37833.856988,37833.969393,1, 0, 0, 1,2.167029,-0.938398,12.938677,-1,2
68475,589628,140.540824,37833.912164,37834.024569,0, 0, 0, 0,-99.000000,-99.000000,-99.000000,-1,0
68475,589629,140.654424,37834.025763,37834.138168,1, 0, 0, 1,5.871601,6.518993,7.140734,-1,2
68475,589630,140.733566,37834.104905,37834.217310,1, 0, 0, 1,1.282079,-0.950297,0.862964,-1,2
68475,589631,140.783128,37834.154467,37834.266872,1, 0, 0, 1,0.488531,2.374648,-12.185680,-1,2
68475,589632,140.916121,37834.287460,37834.399866,1, 0, 0, 1,-4.049932,-3.137083,-9.586348,-1,2
68475,589633,141.333946,37834.705284,37834.817691,0, 0, 0, 0,-99.000000,-99.000000,-99.000000,-1,1
68475,589634,141.360913,37834.732252,37834.844658,1, 0, 0, 1,3.632896,-6.861803,-19.696086,-1,3
68475,589635,141.421854,37834.793192,37834.905599,1, 0, 0, 1,5.926560,-0.944690,-7.592272,-1,2
68475,589636,141.590794,37834.962131,37835.074538,0, 0, 0, 0,-99.000000,-99.000000,-99.000000,-1,1
68475,589637,141.667661,37835.038999,37835.151406,1, 0, 0, 1,3.058402,-5.509196,3.405949,-1,2
68475,589638,141.729029,37835.100367,37835.212774,1, 0, 0, 1,-2.243395,-3.643017,-21.390906,-1,2
68475,589639,141.757803,37835.129140,37835.241547,0, 0, 0, 0,-99.000000,-99.000000,-99.000000,-1,1
68475,589640,141.908790,37835.280127,37835.392535,1, 0, 0, 1,-7.923103,0.159576,4.481513,-1,2
68475,589641,141.953336,37835.324673,37835.437081,0, 0, 0, 0,-99.000000,-99.000000,-99.000000,-1,1
68475,589642,142.119133,37835.490470,37835.602878,1, 0, 0, 1,7.068501,2.376714,3.518279,-1,2
68475,589643,142.122165,37835.493501,37835.605909,1, 0, 0, 1,-3.008587,-1.607221,16.805445,-1,2
68475,589644,142.227349,37835.598686,37835.711094,1, 0, 0, 1,-7.390385,4.491396,-18.182904,-1,2
68475,589645,142.233050,37835.604387,37835.716795,1, 0, 0, 1,-1.466090,-3.321076,-14.368298,-1,2
68475,589646,142.293940,37835.665276,37835.777685,1, 0, 0, 1,5.196359,-1.569052,-3.703197,-1,2
68475,589647,142.406560,37835.777895,37835.890304,1, 0, 0, 1,-2.849948,-3.129276,-4.735011,-1,2
68475,589648,142.483688,37835.855024,37835.967432,1, 0, 0, 1,1.976298,-3.497228,7.975284,-1,2
68475,589649,142.538599,37835.909935,37836.022344,0, 0, 0, 0,-99.000000,-99.000000,-99.000000,-1,1
68475,589650,142.632186,37836.003521,37836.115930,0, 0, 0, 0,-99.000000,-99.000000,-99.000000,-1,1
68475,589651,142.783481,37836.154817,37836.267226,0, 0, 0, 0,-99.000000,-99.000000,-99.000000,-1,1
68475,589652,142.828568,37836.199904,37836.312313,1, 0, 0, 1,-7.391161,-0.052397,-13.910649,-1,2
68475,589653,142.888860,37836.260195,37836.372605,0, 0, 0, 0,-99.000000,-99.000000,-99.000000,-1,0
68475,589654,142.891630,37836.262965,37836.375375,1, 0, 0, 1,-1.058321,4.754748,4.201742,-1,2
68475,589655,142.909870,37836.281205,37836.393614,1, 0, 0, 1,-1.247053,7.481389,-19.206492,-1,2
68475,589656,142.964780,37836.336115,37836.448525,0, 0, 0, 0,-99.000000,-99.000000,-99.000000,-1,1
68475,589657,142.982665,37836.354000,37836.466410,0, 0, 0, 0,-99.000000,-99.000000,-99.000000,-1,1
68475,589658,143.261882,37836.633216,37836.745626,0, 0, 0, 0,-99.000000,-99.000000,-99.000000,-1,1
68475,589659,143.403299,37836.774633,37836.887043,0, 0, 0, 0,-99.000000,-99.000000,-99.000000,-1,1
68475,589660,143.479891,37836.851225,37836.963635,0, 0, 0, 0,-99.000000,-99.000000,-99.000000,-1,1
68475,589661,143.578902,37836.950235,37837.062646,0, 0, 0, 0,-99.000000,-99.000000,-99.000000,-1,1
68475,589662,143.620877,37836.992211,37837.104622,1, 0, 0, 1,6.922203,-0.700778,-10.774019,-1,2
68475,589663,143.643234,37837.014568,37837.126979,0, 0, 0, 0,-99.000000,-99.000000,-99.000000,-1,1
68475,589664,143.910720,37837.282053,37837.394465,0, 0, 0, 0,-99.000000,-99.000000,-99.000000,-1,1
68475,589665,143.948169,37837.319502,37837.431914,0, 0, 0, 0,-99.000000,-99.000000,-99.000000,-1,1
68475,589666,144.187246,37837.558578,37837.670990,1, 0, 0, 1,-1.588207,8.038922,-10.848014,-1,2
68475,589667,144.317358,37837.688690,37837.801103,1, 0, 0, 1,-6.364523,-6.589746,-3.909583,-1,3
68475,589668,144.340038,37837.711370,37837.823782,1, 0, 0, 1,-7.090674,3.449725,18.644247,-1,2
68475,589669,144.361786,37837.733118,37837.845530,0, 0, 0, 0,-99.000000,-99.000000,-99.000000,-1,1
68475,589670,144.450851,37837.822183,37837.934596,1, 0, 0, 1,0.515183,-8.655488,2.332162,-1,2
68475,589671,144.556823,37837.928155,37838.040568,1, 0, 0, 1,5.318528,-6.488735,4.759370,-1,2
68475,589672,144.592855,37837.964186,37838.076599,0, 0, 0, 0,-99.000000,-99.000000,-99.000000,-1,1
68475,589673,144.734559,37838.105890,37838.218304,0, 0, 0, 0,-99.000000,-99.000000,-99.000000,-1,1
68475,589674,144.755905,37838.127237,37838.239650,1, 0, 0, 1,-1.114521,1.684089,-15.314535,-1,2
68475,589675,145.138092,37838.509423,37838.621837,0, 0, 0, 0,-99.000000,-99.000000,-99.000000,-1,0
68475,589676,145.201296,37838.572626,37838.685040,1, 0, 0, 1,-6.895482,3.789685,-9.617394,-1,2
68475,589677,145.263125,37838.634455,37838.746869,1, 0, 0, 1,-6.950500,5.430104,16.939631,-1,2
68475,589678,145.660896,37839.032225,37839.144640,0, 0, 0, 0,-99.000000,-99.000000,-99.000000,-1,1
68475,589679,145.912072,37839.283401,37839.395817,0, 0, 0, 0,-99.000000,-99.000000,-99.000000,-1,1
68475,589680,145.916554,37839.287883,37839.400299,1, 0, 0, 1,-2.008806,-2.643882,-7.881451,-1,2
68475,589681,146.035796,37839.407125,37839.519541,1, 0, 0, 1,3.517078,6.837567,-18.359538,-1,2
68475,589682,146.162404,37839.533732,37839.646148,1, 0, 0, 1,-6.000479,-1.344768,-4.928493,-1,3
68475,589683,146.383633,37839.754961,37839.867377,0, 0, 0, 0,-99.000000,-99.000000,-99.000000,-1,1
68475,589684,146.476218,37839.847546,37839.959962,0, 0, 0, 0,-99.000000,-99.000000,-99.000000,-1,0
68475,589685,146.523950,37839.895278,37840.007695,1, 0, 0, 1,-0.801637,3.327495,1.207665,-1,2
68475,589686,146.558219,37839.929546,37840.041963,1, 0, 0, 1,-1.929200,3.990615,-13.173041,-1,2
68475,589687,146.739224,37840.110551,37840.222968,1, 0, 0, 1,4.008688,3.870435,0.325027,-1,2
68475,589688,146.827965,37840.199292,37840.311710,1, 0, 0, 1,-3.462720,9.530373,-18.460254,-1,2
68475,589689,146.843156,37840.214483,37840.326901,1, 0, 0, 1,0.486710,-4.266317,19.234890,-1,2
68475,589690,146.846697,37840.218024,37840.330442,1, 0, 0, 1,0.298678,-10.082622,7.160027,-1,2
68475,589691,147.219798,37840.591124,37840.703543,0, 0, 0, 0,-99.000000,-99.000000,-99.000000,-1,0
68475,589692,147.438128,37840.809454,37840.921873,0, 0, 0, 0,-99.000000,-99.000000,-99.000000,-1,1
68475,589693,147.442867,37840.814192,37840.926611,0, 0, 0, 0,-99.000000,-99.000000,-99.000000,-1,1
68475,589694,147.455015,37840.826341,37840.938760,0, 0, 0, 0,-99.000000,-99.000000,-99.000000,-1,1
68475,589695,147.711823,37841.083148,37841.195568,0, 0, 0, 0,-99.000000,-99.000000,-99.000000,-1,1
68475,589696,148.052275,37841.423599,37841.536019,0, 0, 0, 0,-99.000000,-99.000000,-99.000000,-1,1
68475,589697,148.391476,37841.762799,37841.875220,0, 0, 0, 0,-99.000000,-99.000000,-99.000000,-1,1
68475,589698,148.488074,37841.859398,37841.971819,1, 0, 0, 1,-4.300158,3.927480,-0.942224,-1,2
68475,589699,148.613419,37841.984743,37842.097164,0, 0, 0, 0,-99.000000,-99.000000,-99.000000,-1,1
68475,589700,148.737751,37842.109074,37842.221496,1, 0, 0, 1,-4.736889,1.724426,-11.153441,-1,2
68475,589701,148.739608,37842.110932,37842.223353,1, 0, 0, 1,1.550354,-1.902212,-14.420533,-1,2
68475,589702,148.778098,37842.149421,37842.261842,1, 0, 0, 1,-1.411388,3.427253,-13.014482,-1,2
68475,589703,148.889040,37842.260363,37842.372785,1, 0, 0, 1,-0.126007,6.736370,13.200017,-1,2
68475,589704,148.907993,37842.279316,37842.391737,1, 1, 0, 1,-2.071278,2.326772,5.073184,-1,4
68475,589705,149.010993,37842.382315,37842.494738,0, 0, 0, 0,-99.000000,-99.000000,-99.000000,-1,1
68475,589706,149.046613,37842.417935,37842.530358,1, 0, 0, 1,6.155861,2.484941,12.102613,-1,2
68475,589707,149.097135,37842.468458,37842.580880,1, 0, 0, 1,6.651690,-4.071484,1.552757,-1,2
68475,589708,149.111666,37842.482988,37842.595411,1, 0, 0, 1,-1.885648,5.064859,11.528545,-1,2
68475,589709,149.441628,37842.812949,37842.925372,1, 0, 0, 1,-2.971388,1.678359,-8.903465,-1,2
68475,589710,149.472383,37842.843705,37842.956128,1, 0, 0, 1,-0.980612,-4.904442,3.513096,-1,2
68475,589711,149.648147,37843.019468,37843.131891,1, 0, 0, 1,-3.636035,3.512742,-12.235905,-1,2
68475,589712,149.672024,37843.043345,37843.155769,0, 0, 0, 0,-99.000000,-99.000000,-99.000000,-1,0
68475,589713,149.723316,37843.094637,37843.207061,1, 0, 0, 1,4.320048,-4.173113,5.274243,-1,4
68475,589714,149.859138,37843.230459,37843.342883,1, 0, 0, 1,1.916643,-3.539598,-5.380386,-1,2
68475,589715,149.876933,37843.248254,37843.360678,0, 0, 0, 0,-99.000000,-99.000000,-99.000000,-1,0
68475,589716,150.008892,37843.380213,37843.492637,1, 0, 0, 1,0.326066,-7.401346,8.520544,-1,2
68475,589717,150.041336,37843.412657,37843.525081,0, 0, 0, 0,-99.000000,-99.000000,-99.000000,-1,0
68475,589718,150.123232,37843.494552,37843.606976,0, 0, 0, 0,-99.000000,-99.000000,-99.000000,-1,0
68475,589719,150.134531,37843.505852,37843.618276,1, 0, 0, 1,0.426646,3.515465,-5.453313,-1,2
68475,589720,150.142554,37843.513875,37843.626299,1, 0, 0, 1,-3.455993,0.004291,-1.950526,-1,2
68475,589721,150.209167,37843.580487,37843.692912,1, 0, 0, 1,-2.630087,-8.091915,18.060900,-1,2
68475,589722,150.335055,37843.706375,37843.818799,0, 0, 0, 0,-99.000000,-99.000000,-99.000000,-1,1
68475,589723,150.678976,37844.050295,37844.162720,1, 0, 0, 1,2.104991,0.585597,-12.308132,-1,2
68475,589724,150.771296,37844.142615,37844.255041,0, 0, 0, 0,-99.000000,-99.000000,-99.000000,-1,1
68475,589725,150.921114,37844.292433,37844.404858,0, 0, 0, 0,-99.000000,-99.000000,-99.000000,-1,1
68475,589726,150.940140,37844.311458,37844.423884,0, 0, 0, 0,-99.000000,-99.000000,-99.000000,-1,1
68475,589727,151.000691,37844.372009,37844.484435,1, 0, 0, 1,6.635952,1.901919,-8.539625,-1,2
68475,589728,151.061586,37844.432905,37844.545331,1, 0, 0, 1,-0.000008,-7.067191,21.290645,-1,2
68475,589729,151.077375,37844.448693,37844.561119,1, 0, 0, 1,-3.106617,11.406967,-8.244855,-1,2
68475,589730,151.105538,37844.476857,37844.589283,0, 0, 0, 0,-99.000000,-99.000000,-99.000000,-1,1
68475,589731,151.138786,37844.510104,37844.622530,1, 0, 0, 1,2.543057,-5.580603,-2.811267,-1,2
68475,589732,151.207198,37844.578516,37844.690942,1, 0, 0, 1,8.536861,2.319706,-2.168312,-1,3
68475,589733,151.392921,37844.764239,37844.876666,1, 0, 0, 1,3.716484,6.075882,-11.620776,-1,2
68475,589734,151.408271,37844.779588,37844.892015,0, 0, 0, 0,-99.000000,-99.000000,-99.000000,-1,1
68475,589735,151.416247,37844.787565,37844.899992,1, 0, 0, 1,-0.581483,-8.978104,-1.404702,-1,2
68475,589736,151.442575,37844.813893,37844.926320,0, 0, 0, 0,-99.000000,-99.000000,-99.000000,-1,1
68475,589737,151.446881,37844.818198,37844.930625,0, 0, 0, 0,-99.000000,-99.000000,-99.000000,-1,1
68475,589738,151.492281,37844.863599,37844.976026,1, 0, 0, 1,-0.206080,-5.457682,-3.617701,-1,2
68475,589739,151.569405,37844.940722,37845.053150,0, 0, 0, 0,-99.000000,-99.000000,-99.000000,-1,1
68475,589740,151.668708,37845.040025,37845.152453,0, 0, 0, 0,-99.000000,-99.000000,-99.000000,-1,0
68475,589741,151.852091,37845.223407,37845.335835,1, 0, 0, 1,3.053518,0.768120,11.292174,-1,2
68475,589742,151.882940,37845.254257,37845.366685,0, 0, 0, 0,-99.000000,-99.000000,-99.000000,-1,1
68475,589743,151.893995,37845.265312,37845.377740,0, 0, 0, 0,-99.000000,-99.000000,-99.000000,-1,1
68475,589744,151.962434,37845.333750,37845.446179,1, 0, 0, 1,3.836951,2.891360,-16.089656,-1,2
68475,589745,152.120187,37845.491503,37845.603932,0, 0, 0, 0,-99.000000,-99.000000,-99.000000,-1,0
68475,589746,152.132230,37845.503546,37845.615975,1, 0, 0, 1,-0.400072,-0.783593,-19.107743,-1,2
68475,589747,152.185936,37845.557252,37845.669681,1, 0, 0, 1,8.295169,2.987678,-17.108656,-1,2
68475,589748,152.230919,37845.602235,37845.714664,1, 0, 0, 1,2.553984,-1.526963,-5.259142,-1,2
68475,589749,152.236736,37845.608052,37845.720481,1, 0, 0, 1,1.848402,-9.338505,-14.201414,-1,2
68475,589750,152.373450,37845.744765,37845.857194,1, 0, 0, 1,1.560128,-2.888317,-22.280981,-1,2
68475,589751,152.398255,37845.769571,37845.882000,0, 0, 0, 0,-99.000000,-99.000000,-99.000000,-1,1
68475,589752,152.448075,37845.819391,37845.931820,1, 0, 0, 1,-2.887160,1.890810,2.039523,-1,2
68475,589753,152.552676,37845.923992,37846.036421,0, 0, 0, 0,-99.000000,-99.000000,-99.000000,-1,1
68475,589754,152.594481,37845.965797,37846.078226,0, 0, 0, 0,-99.000000,-99.000000,-99.000000,-1,1
68475,589755,152.599316,37845.970631,37846.083060,0, 0, 0, 0,-99.000000,-99.000000,-99.000000,-1,1
68475,589756,152.740000,37846.111315,37846.223745,0, 0, 0, 0,-99.000000,-99.000000,-99.000000,-1,1
68475,589757,153.023400,37846.394715,37846.507145,0, 0, 0, 0,-99.000000,-99.000000,-99.000000,-1,1
68475,589758,153.102082,37846.473396,37846.585827,1, 0, 0, 1,3.571146,-8.248687,-15.515833,-1,2
68475,589759,153.334293,37846.705607,37846.818038,1, 0, 0, 1,-0.540342,0.276967,-5.117556,-1,2
68475,589760,153.429843,37846.801156,37846.913587,1, 0, 0, 1,-8.916821,1.792441,-10.233967,-1,2
68475,589761,153.547607,37846.918920,37847.031351,0, 0, 0, 0,-99.000000,-99.000000,-99.000000,-1,0
68475,589762,153.559436,37846.930749,37847.043181,1, 0, 0, 1,2.727191,1.254448,-6.736424,-1,2
68475,589763,153.965891,37847.337204,37847.449636,0, 0, 0, 0,-99.000000,-99.000000,-99.000000,-1,1
68475,589764,153.973037,37847.344349,37847.456781,1, 0, 0, 1,3.841314,1.993721,-5.323505,-1,2
68475,589765,153.990833,37847.362145,37847.474578,0, 0, 0, 0,-99.000000,-99.000000,-99.000000,-1,0
68475,589766,154.089614,37847.460926,37847.573358,0, 0, 0, 0,-99.000000,-99.000000,-99.000000,-1,1
68475,589767,154.135523,37847.506835,37847.619267,1, 0, 0, 1,3.729451,-5.193907,10.273968,-1,2
68475,589768,154.146828,37847.518140,37847.630573,0, 0, 0, 0,-99.000000,-99.000000,-99.000000,-1,1
68475,589769,154.148530,37847.519842,37847.632274,1, 0, 0, 1,4.736097,-1.709547,3.059414,-1,2
68475,589770,154.195015,37847.566327,37847.678759,0, 0, 0, 0,-99.000000,-99.000000,-99.000000,-1,1
68475,589771,154.230707,37847.602019,37847.714451,0, 0, 0, 0,-99.000000,-99.000000,-99.000000,-1,1
68475,589772,154.231918,37847.603230,37847.715663,1, 0, 0, 1,4.184894,-1.340602,-21.536263,-1,2
68475,589773,154.256858,37847.628170,37847.740603,0, 0, 0, 0,-99.000000,-99.000000,-99.000000,-1,1
68475,589774,154.537481,37847.908792,37848.021226,1, 0, 0, 1,-4.826600,7.471524,-18.410732,-1,2
68475,589775,154.691133,37848.062444,37848.174878,1, 0, 0, 1,-9.156649,-3.782055,3.988557,-1,2
68475,589776,154.715630,37848.086941,37848.199374,0, 0, 0, 0,-99.000000,-99.000000,-99.000000,-1,0
68475,589777,154.833956,37848.205267,37848.317701,0, 0, 0, 0,-99.000000,-99.000000,-99.000000,-1,1
68475,589778,155.003141,37848.374451,37848.486886,1, 0, 0, 1,-3.332799,1.338307,12.166251,-1,2
68475,589779,155.032372,37848.403682,37848.516117,1, 0, 0, 1,7.955312,-0.884117,-16.832824,-1,2
68475,589780,155.383607,37848.754917,37848.867352,0, 0, 0, 0,-99.000000,-99.000000,-99.000000,-1,0
68475,589781,155.389604,37848.760913,37848.873348,1, 0, 0, 1,-2.587745,-3.927570,-7.582497,-1,2
68475,589782,155.542061,37848.913370,37849.025805,0, 0, 0, 0,-99.000000,-99.000000,-99.000000,-1,0
68475,589783,155.707870,37849.079179,37849.191615,0, 0, 0, 0,-99.000000,-99.000000,-99.000000,-1,0
68475,589784,155.816364,37849.187672,37849.300108,1, 0, 0, 1,-3.409580,-7.726725,19.096451,-1,2
68475,589785,155.847747,37849.219055,37849.331491,0, 0, 0, 0,-99.000000,-99.000000,-99.000000,-1,1
68475,589786,155.858244,37849.229553,37849.341989,0, 0, 0, 0,-99.000000,-99.000000,-99.000000,-1,1
68475,589787,155.888280,37849.259589,37849.372025,1, 0, 0, 1,-4.989189,-6.214777,9.645721,-1,2
68475,589788,155.915827,37849.287136,37849.399572,1, 0, 0, 1,3.178368,1.005758,15.104732,-1,2
68475,589789,155.990638,37849.361947,37849.474383,0, 0, 0, 0,-99.000000,-99.000000,-99.000000,-1,1
68475,589790,155.994385,37849.365694,37849.478130,1, 0, 0, 1,-6.714200,0.932043,4.915488,-1,2
68475,589791,156.127053,37849.498362,37849.610798,1, 0, 0, 1,-5.164698,1.748526,-0.575087,-1,2
68475,589792,156.211065,37849.582372,37849.694809,1, 0, 0, 1,-8.371880,1.764175,16.699241,-1,2
68475,589793,156.253263,37849.624571,37849.737008,1, 0, 0, 1,-3.182572,2.261643,-2.181138,-1,2
68475,589794,156.321686,37849.692994,37849.805431,0, 0, 0, 0,-99.000000,-99.000000,-99.000000,-1,0
68475,589795,156.415772,37849.787079,37849.899516,1, 0, 0, 1,-1.139599,0.997864,-20.166882,-1,2
68475,589796,156.471277,37849.842584,37849.955021,0, 0, 0, 0,-99.000000,-99.000000,-99.000000,-1,1
68475,589797,156.544943,37849.916251,37850.028688,1, 0, 0, 1,-1.592204,2.837848,13.292688,-1,2
68475,589798,156.671871,37850.043178,37850.155615,1, 0, 0, 1,2.976099,-3.325274,17.527535,-1,2
68475,589799,156.752158,37850.123465,37850.235903,1, 0, 0, 1,-0.091979,24.811206,8.016254,-1,2
68475,589800,156.790432,37850.161739,37850.274177,0, 0, 0, 0,-99.000000,-99.000000,-99.000000,-1,1
68475,589801,157.257470,37850.628776,37850.741215,0, 0, 0, 0,-99.000000,-99.000000,-99.000000,-1,1
68475,589802,157.274412,37850.645718,37850.758157,1, 0, 0, 1,3.299425,1.249352,10.837692,-1,2
68475,589803,157.301071,37850.672377,37850.784816,0, 0, 0, 0,-99.000000,-99.000000,-99.000000,-1,0
68475,589804,157.383961,37850.755267,37850.867706,1, 0, 0, 1,7.460427,6.343998,-1.654171,-1,2
68475,589805,157.412501,37850.783807,37850.896246,1, 0, 0, 1,-0.175298,0.441695,-6.880310,-1,2
68475,589806,157.418248,37850.789554,37850.901993,1, 0, 0, 1,-2.584836,-12.705312,1.448774,-1,2
68475,589807,157.435979,37850.807285,37850.919724,0, 0, 0, 0,-99.000000,-99.000000,-99.000000,-1,1
68475,589808,157.564412,37850.935717,37851.048157,0, 0, 0, 0,-99.000000,-99.000000,-99.000000,-1,1
68475,589809,157.690052,37851.061357,37851.173796,0, 0, 0, 0,-99.000000,-99.000000,-99.000000,-1,0
68475,589810,157.787545,37851.158850,37851.271290,0, 0, 0, 0,-99.000000,-99.000000,-99.000000,-1,1
68475,589811,157.794626,37851.165931,37851.278370,1, 0, 0, 1,3.675101,3.075815,5.365032,-1,2
68475,589812,157.800059,37851.171364,37851.283804,1, 0, 0, 1,-1.513071,-2.600995,17.172246,-1,2
68475,589813,157.885829,37851.257133,37851.369573,1, 1, 0, 1,-0.275764,-3.435695,-6.890512,-1,7
68475,589814,157.949785,37851.321089,37851.433530,0, 0, 0, 0,-99.000000,-99.000000,-99.000000,-1,1
68475,589815,158.023903,37851.395207,37851.507648,0, 0, 0, 0,-99.000000,-99.000000,-99.000000,-1,1
68475,589816,158.058019,37851.429323,37851.541763,0, 0, 0, 0,-99.000000,-99.000000,-99.000000,-1,0
68475,589817,158.126479,37851.497783,37851.610223,1, 0, 0, 1,-1.598174,-7.554202,15.937788,-1,2
68475,589818,158.231025,37851.602329,37851.714770,1, 0, 0, 1,-4.339749,-1.408539,18.687905,-1,2
68475,589819,158.439369,37851.810673,37851.923114,0, 0, 0, 0,-99.000000,-99.000000,-99.000000,-1,0
68475,589820,158.626804,37851.998107,37852.110548,0, 0, 0, 0,-99.000000,-99.000000,-99.000000,-1,1
68475,589821,158.740044,37852.111347,37852.223789,0, 0, 0, 0,-99.000000,-99.000000,-99.000000,-1,1
68475,589822,158.885659,37852.256961,37852.369403,1, 0, 0, 1,0.407460,-0.542848,-15.849597,-1,2
68475,589823,158.964263,37852.335565,37852.448007,1, 0, 0, 1,-3.226414,-3.349276,-11.367524,-1,2
68475,589824,159.254332,37852.625634,37852.738076,1, 0, 0, 1,3.449275,0.931057,-9.458824,-1,2
68475,589825,159.358427,37852.729729,37852.842172,1, 0, 0, 1,-1.434078,-5.129489,-11.151408,-1,2
68475,589826,159.395811,37852.767113,37852.879556,0, 0, 0, 0,-99.000000,-99.000000,-99.000000,-1,0
68475,589827,159.474984,37852.846285,37852.958729,1, 0, 0, 1,1.316623,3.579828,13.288453,-1,2
68475,589828,159.964800,37853.336100,37853.448544,1, 0, 0, 1,-1.612552,-3.563245,-1.629214,-1,2
68475,589829,160.134938,37853.506238,37853.618683,0, 0, 0, 0,-99.000000,-99.000000,-99.000000,-1,1
68475,589830,160.174521,37853.545821,37853.658266,1, 0, 0, 1,5.013802,-1.849058,8.376178,-1,2
68475,589831,160.298666,37853.669966,37853.782411,1, 0, 0, 1,3.551327,-8.194767,8.746381,-1,2
68475,589832,160.466301,37853.837601,37853.950046,1, 0, 0, 1,-3.650111,-2.115363,-12.184787,-1,2
68475,589833,160.483016,37853.854315,37853.966760,1, 0, 0, 1,-1.807528,5.116701,-5.435413,-1,2
68475,589834,160.484783,37853.856082,37853.968528,1, 0, 0, 1,-0.491255,-8.115007,18.743907,-1,2
68475,589835,160.569445,37853.940744,37854.053189,0, 0, 0, 0,-99.000000,-99.000000,-99.000000,-1,1
68475,589836,160.583000,37853.954299,37854.066745,1, 0, 0, 1,4.478873,-0.449309,-2.640065,-1,2
68475,589837,160.629213,37854.000512,37854.112958,1, 0, 0, 1,1.420318,-0.703875,2.950904,-1,2
68475,589838,160.676593,37854.047892,37854.160337,1, 0, 0, 1,-0.331338,-6.991334,3.635488,-1,4
68475,589839,160.706623,37854.077922,37854.190367,1, 0, 0, 1,2.214643,0.020423,-10.243943,-1,2
68475,589840,161.081609,37854.452907,37854.565354,1, 0, 0, 1,-3.916857,-2.629034,-3.961976,-1,2
68475,589841,161.131299,37854.502597,37854.615044,0, 0, 0, 0,-99.000000,-99.000000,-99.000000,-1,1
68475,589842,161.334981,37854.706278,37854.818725,1, 0, 0, 1,3.371071,-2.544826,0.952883,-1,2
68475,589843,161.418428,37854.789725,37854.902172,1, 0, 0, 1,-4.893725,7.845926,13.769462,-1,2
68475,589844,162.065907,37855.437203,37855.549652,0, 0, 0, 0,-99.000000,-99.000000,-99.000000,-1,1
68475,589845,162.321627,37855.692923,37855.805372,1, 0, 0, 1,5.998723,-4.812959,17.407739,-1,2
68475,589846,162.333684,37855.704979,37855.817429,0, 0, 0, 0,-99.000000,-99.000000,-99.000000,-1,1
68475,589847,162.435211,37855.806507,37855.918956,1, 0, 0, 1,-2.846776,-5.443784,-5.481942,-1,2
68475,589848,162.501790,37855.873085,37855.985535,0, 0, 0, 0,-99.000000,-99.000000,-99.000000,-1,0
68475,589849,162.590314,37855.961609,37856.074059,1, 1, 1, 1,-0.021619,2.079999,-6.713601,-1,4
68475,589850,162.617666,37855.988961,37856.101411,1, 0, 0, 1,-2.992206,-7.519142,-5.440334,-1,2
68475,589851,162.641084,37856.012378,37856.124828,1, 0, 0, 1,4.776374,-6.398746,-5.405539,-1,2
68475,589852,162.821915,37856.193210,37856.305660,1, 0, 0, 1,12.723289,-0.741625,7.228181,-1,2
68475,589853,162.899938,37856.271233,37856.383683,1, 0, 0, 1,6.794242,5.182863,6.652204,-1,2
68475,589854,162.998355,37856.369649,37856.482100,1, 0, 0, 1,1.113657,5.231371,9.255663,-1,3
68475,589855,163.045165,37856.416459,37856.528909,1, 0, 0, 1,-1.787880,-2.064064,17.573995,-1,2
68475,589856,163.082061,37856.453355,37856.565806,0, 0, 0, 0,-99.000000,-99.000000,-99.000000,-1,1
68475,589857,163.233297,37856.604591,37856.717042,1, 0, 0, 1,-10.438780,-2.460286,15.393474,-1,2
68475,589858,163.518657,37856.889950,37857.002401,1, 0, 0, 1,2.106740,-0.300302,1.509535,-1,2
68475,589859,163.630930,37857.002223,37857.114675,0, 0, 0, 0,-99.000000,-99.000000,-99.000000,-1,1
68475,589860,163.888966,37857.260259,37857.372711,0, 0, 0, 0,-99.000000,-99.000000,-99.000000,-1,1
68475,589861,164.050285,37857.421577,37857.534030,1, 0, 0, 1,-5.258107,6.405123,-11.428125,-1,2
68475,589862,164.127641,37857.498933,37857.611386,0, 0, 0, 0,-99.000000,-99.000000,-99.000000,-1,1
68475,589863,164.160117,37857.531409,37857.643862,1, 0, 0, 1,-3.496534,-4.310918,-19.870768,-1,2
68475,589864,164.224834,37857.596125,37857.708578,1, 0, 0, 1,-8.323551,3.166511,19.370240,-1,2
68475,589865,164.294959,37857.666251,37857.778704,1, 0, 0, 1,4.727609,-0.060024,-16.268063,-1,3
68475,589866,164.352134,37857.723426,37857.835879,1, 0, 0, 1,-3.071688,-1.600954,-10.766364,-1,2
68475,589867,164.373036,37857.744328,37857.856781,1, 0, 0, 1,9.179019,5.772655,-7.397546,-1,2
68475,589868,164.466431,37857.837722,37857.950175,0, 0, 0, 0,-99.000000,-99.000000,-99.000000,-1,1
68475,589869,164.515692,37857.886983,37857.999436,1, 0, 0, 1,8.418345,1.954250,-19.983253,-1,2
68475,589870,164.560764,37857.932055,37858.044509,1, 0, 0, 1,0.950583,-5.714498,-5.902314,-1,2
68475,589871,164.603278,37857.974569,37858.087023,1, 0, 0, 1,7.815804,-1.901851,13.971475,-1,2
68475,589872,164.719943,37858.091234,37858.203688,0, 0, 0, 0,-99.000000,-99.000000,-99.000000,-1,1
68475,589873,165.035233,37858.406523,37858.518977,1, 0, 0, 1,-3.112080,0.384102,13.353893,-1,2
68475,589874,165.096787,37858.468077,37858.580532,1, 0, 0, 1,-3.657604,3.285033,6.751469,-1,3
68475,589875,165.156972,37858.528262,37858.640717,1, 0, 0, 1,3.387986,-1.099518,-2.291299,-1,2
68475,589876,165.216463,37858.587753,37858.700208,0, 0, 0, 0,-99.000000,-99.000000,-99.000000,-1,1
68475,589877,165.299868,37858.671157,37858.783612,1, 0, 0, 1,4.842183,0.946474,-9.424984,-1,2
68475,589878,165.303285,37858.674575,37858.787030,1, 0, 0, 1,-1.820304,-2.758260,7.791856,-1,2
68475,589879,165.361339,37858.732628,37858.845083,0, 0, 0, 0,-99.000000,-99.000000,-99.000000,-1,1
68475,589880,165.557208,37858.928497,37859.040953,1, 0, 0, 1,2.368845,-9.999981,-2.725227,-1,3
68475,589881,165.807491,37859.178780,37859.291236,0, 0, 0, 0,-99.000000,-99.000000,-99.000000,-1,1
68475,589882,165.841541,37859.212830,37859.325286,1, 0, 0, 1,2.415397,6.119160,1.317076,-1,2
68475,589883,165.943167,37859.314456,37859.426912,1, 0, 0, 1,5.427730,2.878037,-9.441636,-1,2
68475,589884,166.228385,37859.599672,37859.712129,0, 0, 0, 0,-99.000000,-99.000000,-99.000000,-1,1
68475,589885,166.396699,37859.767986,37859.880443,1, 0, 0, 1,5.854597,1.396836,-5.816517,-1,2
68475,589886,166.418990,37859.790277,37859.902735,1, 0, 0, 1,-6.102723,-4.259094,1.282681,-1,2
68475,589887,166.801426,37860.172713,37860.285171,1, 0, 0, 1,6.459797,-6.635542,-7.333295,-1,2
68475,589888,167.214266,37860.585552,37860.698010,1, 0, 0, 1,-7.711171,-0.158417,-6.209643,-1,2
68475,589889,167.280742,37860.652027,37860.764486,1, 0, 0, 1,5.734855,-3.764891,4.107429,-1,2
68475,589890,167.359561,37860.730846,37860.843306,1, 0, 0, 1,3.512152,1.489079,3.507630,-1,2
68475,589891,167.526368,37860.897653,37861.010113,1, 0, 0, 1,-5.824063,5.831719,21.390397,-1,2
68475,589892,167.581057,37860.952342,37861.064802,0, 0, 0, 0,-99.000000,-99.000000,-99.000000,-1,0
68475,589893,167.624772,37860.996057,37861.108517,0, 0, 0, 0,-99.000000,-99.000000,-99.000000,-1,1
68475,589894,167.681934,37861.053219,37861.165679,1, 0, 0, 1,0.931965,5.618368,10.813347,-1,2
68475,589895,167.766611,37861.137895,37861.250355,0, 0, 0, 0,-99.000000,-99.000000,-99.000000,-1,1
68475,589896,167.920609,37861.291894,37861.404354,1, 0, 0, 1,-1.370322,1.083726,-12.318078,-1,2
68475,589897,167.938563,37861.309847,37861.422307,1, 0, 0, 1,6.742168,3.305406,-19.545831,-1,2
68475,589898,167.972863,37861.344147,37861.456607,1, 0, 0, 1,2.541915,-3.935008,-1.318115,-1,2
68475,589899,167.997724,37861.369008,37861.481468,0, 0, 0, 0,-99.000000,-99.000000,-99.000000,-1,1
68475,589900,168.018518,37861.389803,37861.502263,0, 0, 0, 0,-99.000000,-99.000000,-99.000000,-1,1
68475,589901,168.322038,37861.693322,37861.805783,1, 0, 0, 1,5.178157,3.712323,-3.235740,-1,3
68475,589902,168.351577,37861.722861,37861.835322,1, 0, 0, 1,6.405518,-2.003308,7.913359,-1,2
68475,589903,168.356011,37861.727294,37861.839756,1, 0, 0, 1,6.616728,-2.501643,-2.213099,-1,2
68475,589904,168.369424,37861.740707,37861.853168,1, 0, 0, 1,6.176790,4.300372,8.776823,-1,2
68475,589905,168.384657,37861.755940,37861.868402,0, 0, 0, 0,-99.000000,-99.000000,-99.000000,-1,1
68475,589906,168.403001,37861.774285,37861.886746,1, 0, 0, 1,-1.838458,4.577786,-18.083525,-1,2
68475,589907,168.458183,37861.829466,37861.941928,0, 0, 0, 0,-99.000000,-99.000000,-99.000000,-1,1
68475,589908,168.484714,37861.855997,37861.968459,1, 0, 0, 1,0.926062,-1.833449,-15.314191,-1,2
68475,589909,168.503554,37861.874837,37861.987298,0, 0, 0, 0,-99.000000,-99.000000,-99.000000,-1,1
68475,589910,168.563222,37861.934505,37862.046967,0, 0, 0, 0,-99.000000,-99.000000,-99.000000,-1,1
68475,589911,168.946543,37862.317826,37862.430288,1, 0, 0, 1,8.996380,7.618290,-15.955966,-1,3
68475,589912,168.954370,37862.325652,37862.438115,0, 0, 0, 0,-99.000000,-99.000000,-99.000000,-1,1
68475,589913,169.224892,37862.596174,37862.708637,0, 0, 0, 0,-99.000000,-99.000000,-99.000000,-1,1
68475,589914,169.263882,37862.635164,37862.747627,1, 0, 0, 1,-5.427700,-1.882025,2.666454,-1,2
68475,589915,169.519021,37862.890301,37863.002765,1, 0, 0, 1,-1.103059,-2.656124,-17.624982,-1,2
68475,589916,169.672084,37863.043365,37863.155829,0, 0, 0, 0,-99.000000,-99.000000,-99.000000,-1,0
68475,589917,169.807498,37863.178778,37863.291242,1, 0, 0, 1,-4.065898,5.897814,10.765967,-1,2
68475,589918,169.933180,37863.304460,37863.416924,1, 0, 0, 1,-1.505829,-6.672223,20.565072,-1,2
68475,589919,169.945516,37863.316796,37863.429260,1, 0, 0, 1,-6.646611,0.365738,11.485424,-1,2
68475,589920,169.952325,37863.323605,37863.436069,1, 0, 0, 1,-5.180104,3.581641,2.085517,-1,2
68475,589921,169.984267,37863.355547,37863.468011,1, 0, 0, 1,-8.343000,2.425723,6.761086,-1,2
68475,589922,170.032659,37863.403939,37863.516404,0, 0, 0, 0,-99.000000,-99.000000,-99.000000,-1,0
68475,589923,170.267514,37863.638794,37863.751259,0, 0, 0, 0,-99.000000,-99.000000,-99.000000,-1,1
68475,589924,170.355103,37863.726382,37863.838847,1, 0, 0, 1,1.647519,-7.153491,-2.295945,-1,2
68475,589925,170.373993,37863.745272,37863.857738,1, 0, 0, 1,-5.174770,10.229942,4.895352,-1,2
68475,589926,170.506422,37863.877701,37863.990167,0, 0, 0, 0,-99.000000,-99.000000,-99.000000,-1,1
68475,589927,170.551999,37863.923278,37864.035744,0, 0, 0, 0,-99.000000,-99.000000,-99.000000,-1,1
68475,589928,170.700156,37864.071435,37864.183901,0, 0, 0, 0,-99.000000,-99.000000,-99.000000,-1,1
68475,589929,170.700560,37864.071838,37864.184304,0, 0, 0, 0,-99.000000,-99.000000,-99.000000,-1,1
68475,589930,170.791914,37864.163192,37864.275658,1, 0, 0, 1,3.028798,4.441145,-5.921358,-1,2
68475,589931,170.882497,37864.253775,37864.366241,0, 0, 0, 0,-99.000000,-99.000000,-99.000000,-1,0
68475,589932,170.887577,37864.258856,37864.371322,1, 0, 0, 1,-2.577610,3.048207,-11.880675,-1,2
68475,589933,170.991582,37864.362860,37864.475327,1, 0, 0, 1,-7.530848,4.931082,-1.613122,-1,2
68475,589934,171.045551,37864.416829,37864.529296,1, 0, 0, 1,-5.485065,3.830178,1.900718,-1,2
68475,589935,171.365925,37864.737202,37864.849670,1, 0, 0, 1,-5.440002,5.993665,4.135558,-1,2
68475,589936,171.480018,37864.851295,37864.963763,1, 0, 0, 1,7.040841,0.375494,-19.954752,-1,2
68475,589937,171.640021,37865.011297,37865.123765,1, 0, 0, 1,5.762568,13.132192,-22.835119,-1,2
68475,589938,171.925730,37865.297006,37865.409475,0, 0, 0, 0,-99.000000,-99.000000,-99.000000,-1,1
68475,589939,171.978582,37865.349858,37865.462327,1, 0, 0, 1,1.079128,2.657179,-9.821538,-1,2
68475,589940,172.068899,37865.440174,37865.552643,0, 0, 0, 0,-99.000000,-99.000000,-99.000000,-1,1
68475,589941,172.101163,37865.472439,37865.584908,1, 0, 0, 1,-0.496448,2.577918,16.354832,-1,2
68475,589942,172.342696,37865.713971,37865.826441,0, 0, 0, 0,-99.000000,-99.000000,-99.000000,-1,0
68475,589943,172.414199,37865.785474,37865.897943,0, 0, 0, 0,-99.000000,-99.000000,-99.000000,-1,1
68475,589944,172.483335,37865.854610,37865.967080,1, 0, 0, 1,-4.189175,-2.540898,11.270659,-1,2
68475,589945,172.520536,37865.891811,37866.004281,1, 0, 0, 1,-2.289014,-8.401367,-17.308780,-1,2
68475,589946,172.559344,37865.930619,37866.043089,1, 0, 0, 1,-6.154936,-4.065626,4.670044,-1,2
68475,589947,172.672478,37866.043753,37866.156223,0, 0, 0, 0,-99.000000,-99.000000,-99.000000,-1,0
68475,589948,172.683808,37866.055083,37866.167553,1, 0, 0, 1,-2.613734,-9.704345,20.155406,-1,2
68475,589949,172.857908,37866.229182,37866.341653,0, 0, 0, 0,-99.000000,-99.000000,-99.000000,-1,1
68475,589950,172.886402,37866.257676,37866.370147,1, 0, 0, 1,-3.761352,2.580188,0.641802,-1,2
68475,589951,173.020394,37866.391668,37866.504139,0, 0, 0, 0,-99.000000,-99.000000,-99.000000,-1,1
68475,589952,173.043242,37866.414516,37866.526986,1, 0, 0, 1,8.258884,1.465646,9.772927,-1,2
68475,589953,173.145903,37866.517177,37866.629648,0, 0, 0, 0,-99.000000,-99.000000,-99.000000,-1,1
68475,589954,173.275612,37866.646885,37866.759357,0, 0, 0, 0,-99.000000,-99.000000,-99.000000,-1,0
68475,589955,173.316156,37866.687430,37866.799901,1, 0, 0, 1,4.573422,1.741112,-12.128123,-1,4
68475,589956,173.335989,37866.707262,37866.819734,1, 0, 0, 1,1.985238,-4.069233,1.848272,-1,2
68475,589957,173.429911,37866.801184,37866.913656,0, 0, 0, 0,-99.000000,-99.000000,-99.000000,-1,1
68475,589958,173.813360,37867.184632,37867.297104,0, 0, 0, 0,-99.000000,-99.000000,-99.000000,-1,1
68475,589959,173.844108,37867.215380,37867.327852,0, 0, 0, 0,-99.000000,-99.000000,-99.000000,-1,0
68475,589960,173.962221,37867.333493,37867.445965,1, 0, 0, 1,9.427862,-1.408575,-9.084754,-1,2
68475,589961,174.035332,37867.406604,37867.519077,0, 0, 0, 0,-99.000000,-99.000000,-99.000000,-1,1
68475,589962,174.145324,37867.516596,37867.629069,0, 0, 0, 0,-99.000000,-99.000000,-99.000000,-1,1
68475,589963,174.232060,37867.603331,37867.715805,1, 0, 0, 1,5.531709,2.315171,8.287751,-1,2
68475,589964,174.316647,37867.687918,37867.800392,0, 0, 0, 0,-99.000000,-99.000000,-99.000000,-1,1
68475,589965,174.317196,37867.688467,37867.800940,1, 0, 0, 1,-1.532002,-8.131998,-1.791272,-1,2
68475,589966,174.338243,37867.709514,37867.821988,1, 0, 0, 1,2.823956,-0.508293,2.581939,-1,2
68475,589967,174.341971,37867.713242,37867.825716,1, 0, 0, 1,-7.884982,2.389701,-18.767889,-1,2
68475,589968,174.378214,37867.749485,37867.861958,1, 0, 0, 1,0.834700,2.839428,14.403131,-1,2
68475,589969,174.393963,37867.765234,37867.877707,1, 0, 0, 1,-0.340808,0.232400,-0.278585,-1,2
68475,589970,174.403433,37867.774704,37867.887178,0, 0, 0, 0,-99.000000,-99.000000,-99.000000,-1,1
68475,589971,174.437381,37867.808652,37867.921126,0, 0, 0, 0,-99.000000,-99.000000,-99.000000,-1,1
68475,589972,174.793008,37868.164278,37868.276752,1, 0, 0, 1,-1.486190,-1.018531,16.413937,-1,2
68475,589973,174.830320,37868.201590,37868.314064,0, 0, 0, 0,-99.000000,-99.000000,-99.000000,-1,1
68475,589974,174.830452,37868.201722,37868.314196,1, 0, 0, 1,5.748386,-0.556087,-9.418474,-1,2
68475,589975,174.863353,37868.234623,37868.347098,1, 0, 0, 1,6.119584,0.049246,10.098626,-1,2
68475,589976,174.881740,37868.253010,37868.365484,1, 0, 0, 1,-2.866639,-9.211123,15.399831,-1,2
68475,589977,174.903431,37868.274701,37868.387176,0, 0, 0, 0,-99.000000,-99.000000,-99.000000,-1,1
68475,589978,175.213474,37868.584743,37868.697218,1, 0, 0, 1,1.564678,-0.830807,-9.114676,-1,2
68475,589979,175.214094,37868.585363,37868.697839,1, 0, 0, 1,-0.187258,4.793411,-8.327435,-1,2
68475,589980,175.219006,37868.590275,37868.702751,1, 0, 0, 1,7.463305,-0.352110,-16.199888,-1,2
68475,589981,175.313418,37868.684687,37868.797163,0, 0, 0, 0,-99.000000,-99.000000,-99.000000,-1,1
68475,589982,175.336260,37868.707529,37868.820004,1, 0, 0, 1,6.882384,-4.127453,-17.190373,-1,2
68475,589983,175.367240,37868.738509,37868.850985,1, 0, 0, 1,1.336688,12.290504,-22.123799,-1,2
68475,589984,175.520565,37868.891834,37869.004309,1, 0, 0, 1,-7.043725,-2.938142,-2.732566,-1,2
68475,589985,175.622800,37868.994068,37869.106544,1, 0, 0, 1,-7.603014,0.223156,-18.639218,-1,2
68475,589986,175.722857,37869.094126,37869.206602,1, 0, 0, 1,-2.227712,2.270599,5.529758,-1,2
68475,589987,176.097882,37869.469150,37869.581627,0, 0, 0, 0,-99.000000,-99.000000,-99.000000,-1,0
68475,589988,176.193319,37869.564586,37869.677063,0, 0, 0, 0,-99.000000,-99.000000,-99.000000,-1,1
68475,589989,176.484002,37869.855269,37869.967746,1, 0, 0, 1,5.665605,-0.324852,-12.901270,-1,2
68475,589990,176.500656,37869.871923,37869.984400,1, 0, 0, 1,0.632216,-0.985685,13.704920,-1,2
68475,589991,176.674154,37870.045421,37870.157899,0, 0, 0, 0,-99.000000,-99.000000,-99.000000,-1,1
68475,589992,176.693656,37870.064923,37870.177401,1, 0, 0, 1,5.901771,6.371700,3.567371,-1,2
68475,589993,176.737669,37870.108935,37870.221413,0, 0, 0, 0,-99.000000,-99.000000,-99.000000,-1,1
68475,589994,176.914379,37870.285645,37870.398124,0, 0, 0, 0,-99.000000,-99.000000,-99.000000,-1,0
68475,589995,176.925337,37870.296602,37870.409081,1, 0, 0, 1,-2.161543,8.718321,12.178653,-1,3
68475,589996,177.059637,37870.430903,37870.543382,1, 0, 0, 1,-2.362531,6.580028,6.699256,-1,2
68475,589997,177.131707,37870.502972,37870.615452,0, 0, 0, 0,-99.000000,-99.000000,-99.000000,-1,1
68475,589998,177.388886,37870.760151,37870.872630,1, 0, 0, 1,6.592171,2.239220,0.270247,-1,2
68475,589999,177.668454,37871.039718,37871.152198,1, 0, 0, 1,1.408591,-0.845868,-18.690093,-1,2
68475,590000,177.674672,37871.045936,37871.158416,1, 0, 0, 1,-1.813955,-0.696089,-3.443421,-1,2
68475,590001,177.687654,37871.058918,37871.171398,1, 0, 0, 1,-1.204282,-2.181223,-0.143564,-1,2
68475,590002,177.799455,37871.170719,37871.283199,0, 0, 0, 0,-99.000000,-99.000000,-99.000000,-1,0
68475,590003,177.871459,37871.242723,37871.355204,1, 0, 0, 1,-0.935617,-5.760784,18.339281,-1,2
68475,590004,178.055346,37871.426610,37871.539091,1, 0, 0, 1,6.685496,1.897615,14.017736,-1,2
68475,590005,178.066075,37871.437338,37871.549819,0, 0, 0, 0,-99.000000,-99.000000,-99.000000,-1,1
68475,590006,178.092984,37871.464248,37871.576729,1, 0, 0, 1,3.434061,1.296061,-12.020472,-1,2
68475,590007,178.313767,37871.685030,37871.797512,0, 0, 0, 0,-99.000000,-99.000000,-99.000000,-1,1
68475,590008,178.397820,37871.769083,37871.881565,0, 0, 0, 0,-99.000000,-99.000000,-99.000000,-1,1
68475,590009,178.464306,37871.835569,37871.948051,1, 0, 0, 1,-7.704762,0.050336,-5.284240,-1,2
68475,590010,178.521268,37871.892531,37872.005013,0, 0, 0, 0,-99.000000,-99.000000,-99.000000,-1,0
68475,590011,178.596318,37871.967581,37872.080063,1, 0, 0, 1,4.981300,0.923389,3.836561,-1,2
68475,590012,178.623189,37871.994452,37872.106934,0, 0, 0, 0,-99.000000,-99.000000,-99.000000,-1,1
68475,590013,178.632987,37872.004249,37872.116731,1, 0, 0, 1,2.734743,-0.820759,18.337106,-1,2
68475,590014,178.675972,37872.047234,37872.159716,1, 0, 0, 1,-2.096697,2.700622,11.139973,-1,2
68475,590015,178.813832,37872.185094,37872.297577,1, 0, 0, 1,7.263827,-2.882833,-4.648827,-1,2
68475,590016,178.845619,37872.216881,37872.329363,0, 0, 0, 0,-99.000000,-99.000000,-99.000000,-1,1
68475,590017,179.368706,37872.739967,37872.852451,1, 0, 0, 1,1.041171,-1.489282,-0.416632,-1,2
68475,590018,179.439843,37872.811104,37872.923588,0, 0, 0, 0,-99.000000,-99.000000,-99.000000,-1,0
68475,590019,179.534401,37872.905662,37873.018146,0, 0, 0, 0,-99.000000,-99.000000,-99.000000,-1,1
68475,590020,179.547427,37872.918687,37873.031171,1, 0, 0, 1,-7.457793,-6.957146,-12.413150,-1,2
68475,590021,179.584397,37872.955657,37873.068141,0, 0, 0, 0,-99.000000,-99.000000,-99.000000,-1,1
68475,590022,179.647791,37873.019051,37873.131535,0, 0, 0, 0,-99.000000,-99.000000,-99.000000,-1,1
68475,590023,179.648559,37873.019820,37873.132304,0, 0, 0, 0,-99.000000,-99.000000,-99.000000,-1,1
68475,590024,179.667156,37873.038417,37873.150901,0, 0, 0, 0,-99.000000,-99.000000,-99.000000,-1,1
68475,590025,179.731484,37873.102744,37873.215229,1, 0, 0, 1,5.263367,-4.189251,-9.934652,-1,2
68475,590026,179.812914,37873.184174,37873.296659,0, 0, 0, 0,-99.000000,-99.000000,-99.000000,-1,1
68475,590027,179.964580,37873.335840,37873.448325,1, 0, 0, 1,-2.395856,7.397737,3.412229,-1,2
68475,590028,180.047148,37873.418408,37873.530893,0, 0, 0, 0,-99.000000,-99.000000,-99.000000,-1,0
68475,590029,180.137657,37873.508917,37873.621402,1, 0, 0, 1,-3.408855,4.024122,-18.630047,-1,2
68475,590030,180.226524,37873.597783,37873.710269,0, 0, 0, 0,-99.000000,-99.000000,-99.000000,-1,1
68475,590031,180.271956,37873.643215,37873.755701,1, 0, 0, 1,3.575381,2.216257,-8.129212,-1,2
68475,590032,180.304156,37873.675415,37873.787901,0, 0, 0, 0,-99.000000,-99.000000,-99.000000,-1,1
68475,590033,180.392993,37873.764252,37873.876738,1, 0, 0, 1,2.768185,5.782352,11.119633,-1,2
68475,590034,180.407099,37873.778358,37873.890844,1, 0, 0, 1,2.261587,2.651070,-16.088739,-1,2
68475,590035,180.482238,37873.853497,37873.965983,0, 0, 0, 0,-99.000000,-99.000000,-99.000000,-1,0
68475,590036,180.612263,37873.983522,37874.096008,1, 0, 0, 1,2.718141,-3.429611,-13.931415,-1,2
68475,590037,180.641413,37874.012672,37874.125158,1, 0, 0, 1,2.286349,-2.403444,-11.086622,-1,2
68475,590038,181.063086,37874.434344,37874.546831,1, 0, 0, 1,-7.287036,-5.374598,-16.974223,-1,2
68475,590039,181.069330,37874.440587,37874.553074,1, 0, 0, 1,-3.361248,-2.632660,-1.118309,-1,2
68475,590040,181.231161,37874.602418,37874.714906,0, 0, 0, 0,-99.000000,-99.000000,-99.000000,-1,0
68475,590041,181.333734,37874.704991,37874.817478,1, 0, 0, 1,-1.256666,-0.034843,18.916924,-1,2
68475,590042,181.476206,37874.847462,37874.959950,1, 0, 0, 1,4.579265,2.366370,-2.221800,-1,2
68475,590043,181.630640,37875.001896,37875.114384,1, 0, 0, 1,4.565133,4.587359,-9.359177,-1,2
68475,590044,181.799955,37875.171211,37875.283699,0, 0, 0, 0,-99.000000,-99.000000,-99.000000,-1,1
68475,590045,181.875780,37875.247036,37875.359525,1, 0, 0, 1,-8.086554,-3.390439,-9.154890,-1,2
68475,590046,181.881023,37875.252278,37875.364767,0, 0, 0, 0,-99.000000,-99.000000,-99.000000,-1,0
68475,590047,182.109199,37875.480454,37875.592943,1, 0, 0, 1,2.403225,-2.507105,9.555642,-1,2
68475,590048,182.296242,37875.667497,37875.779986,0, 0, 0, 0,-99.000000,-99.000000,-99.000000,-1,1
68475,590049,182.357821,37875.729076,37875.841565,0, 0, 0, 0,-99.000000,-99.000000,-99.000000,-1,1
68475,590050,182.363100,37875.734355,37875.846845,0, 0, 0, 0,-99.000000,-99.000000,-99.000000,-1,0
68475,590051,182.365838,37875.737093,37875.849582,1, 0, 0, 1,-2.435701,-1.293355,-4.685390,-1,2
68475,590052,182.429116,37875.800371,37875.912861,0, 0, 0, 0,-99.000000,-99.000000,-99.000000,-1,1
68475,590053,182.451795,37875.823049,37875.935539,1, 0, 0, 1,-3.161984,-5.302358,6.017379,-1,2
68475,590054,182.482957,37875.854212,37875.966702,1, 0, 0, 1,5.370040,6.338646,-18.983757,-1,5
68475,590055,182.560636,37875.931891,37876.044381,0, 0, 0, 0,-99.000000,-99.000000,-99.000000,-1,1
68475,590056,182.570483,37875.941737,37876.054228,1, 0, 0, 1,5.888963,-8.462361,-15.153530,-1,2
68475,590057,182.581523,37875.952777,37876.065267,1, 0, 0, 1,-7.145330,7.214055,72.267534,-1,2
68475,590058,182.625815,37875.997069,37876.109559,1, 0, 0, 1,-0.549376,0.098433,-18.158380,-1,2
68475,590059,182.863153,37876.234407,37876.346897,0, 0, 0, 0,-99.000000,-99.000000,-99.000000,-1,0
68475,590060,183.010523,37876.381777,37876.494268,0, 0, 0, 0,-99.000000,-99.000000,-99.000000,-1,1
68475,590061,183.061518,37876.432771,37876.545262,1, 0, 0, 1,0.488022,-1.094885,18.606476,-1,3
68475,590062,183.066267,37876.437520,37876.550011,1, 0, 0, 1,-0.999427,-7.519021,13.255331,-1,2
68475,590063,183.095890,37876.467144,37876.579635,0, 0, 0, 0,-99.000000,-99.000000,-99.000000,-1,0
68475,590064,183.279075,37876.650328,37876.762819,1, 0, 0, 1,-4.880297,5.412889,-14.642113,-1,2
68475,590065,183.287954,37876.659207,37876.771698,1, 0, 0, 1,10.576959,13.711420,3.319790,-1,2
68475,590066,183.359721,37876.730974,37876.843466,1, 0, 0, 1,-1.073028,-4.455886,-11.537723,-1,2
68475,590067,183.400586,37876.771839,37876.884331,0, 0, 0, 0,-99.000000,-99.000000,-99.000000,-1,0
68475,590068,183.588042,37876.959295,37877.071787,0, 0, 0, 0,-99.000000,-99.000000,-99.000000,-1,1
68475,590069,183.663210,37877.034462,37877.146954,1, 0, 0, 1,-0.194052,-3.915976,-12.330430,-1,2
68475,590070,183.811570,37877.182822,37877.295314,1, 0, 0, 1,-3.634223,-6.124616,17.601774,-1,2
68475,590071,183.988962,37877.360213,37877.472706,1, 0, 0, 1,-4.801096,-1.117854,-0.637001,-1,2
68475,590072,183.990590,37877.361842,37877.474335,0, 0, 0, 0,-99.000000,-99.000000,-99.000000,-1,0
68475,590073,184.062622,37877.433873,37877.546366,1, 0, 0, 1,6.584287,2.835143,15.931248,-1,2
68475,590074,184.134282,37877.505533,37877.618027,0, 0, 0, 0,-99.000000,-99.000000,-99.000000,-1,1
68475,590075,184.631420,37878.002670,37878.115165,0, 0, 0, 0,-99.000000,-99.000000,-99.000000,-1,0
68475,590076,184.763290,37878.134540,37878.247035,1, 0, 0, 1,1.942789,-0.568804,17.776291,-1,2
68475,590077,184.785962,37878.157212,37878.269706,1, 0, 0, 1,0.245408,0.210946,-10.751530,-1,2
68475,590078,184.961722,37878.332971,37878.445466,1, 0, 0, 1,-7.701134,3.365334,-18.016928,-1,2
68475,590079,185.152842,37878.524091,37878.636587,1, 0, 0, 1,-5.301969,-0.827887,8.214767,-1,2
68475,590080,185.175676,37878.546926,37878.659421,0, 0, 0, 0,-99.000000,-99.000000,-99.000000,-1,0
68475,590081,185.181788,37878.553037,37878.665532,1, 0, 0, 1,-2.466585,3.119621,-4.405818,-1,2
68475,590082,185.271839,37878.643088,37878.755584,1, 0, 0, 1,-1.007615,1.277074,4.095858,-1,2
68475,590083,185.309014,37878.680263,37878.792759,0, 0, 0, 0,-99.000000,-99.000000,-99.000000,-1,1
68475,590084,185.330186,37878.701435,37878.813931,0, 0, 0, 0,-99.000000,-99.000000,-99.000000,-1,0
68475,590085,185.570349,37878.941597,37879.054093,1, 0, 0, 1,-0.346276,9.999981,-20.698133,-1,3
68475,590086,185.668467,37879.039715,37879.152211,1, 0, 0, 1,-3.662887,-7.170528,13.822034,-1,2
68475,590087,185.723489,37879.094737,37879.207234,0, 0, 0, 0,-99.000000,-99.000000,-99.000000,-1,1
68475,590088,185.777829,37879.149077,37879.261573,1, 0, 0, 1,-2.468611,-5.253451,-0.896496,-1,2
68475,590089,185.811498,37879.182746,37879.295242,1, 0, 0, 1,0.217632,0.013229,-5.127677,-1,2
68475,590090,185.976858,37879.348106,37879.460603,0, 0, 0, 0,-99.000000,-99.000000,-99.000000,-1,1
68475,590091,186.235135,37879.606382,37879.718879,0, 0, 0, 0,-99.000000,-99.000000,-99.000000,-1,0
68475,590092,186.358155,37879.729402,37879.841900,0, 0, 0, 0,-99.000000,-99.000000,-99.000000,-1,1
68475,590093,186.512174,37879.883420,37879.995919,1, 0, 0, 1,-4.286125,4.982970,5.449568,-1,2
68475,590094,186.681626,37880.052872,37880.165371,1, 0, 0, 1,0.783090,-5.603520,0.370806,-1,2
68475,590095,186.699635,37880.070881,37880.183379,1, 0, 0, 1,3.690685,6.220981,-5.740344,-1,2
68475,590096,186.869294,37880.240540,37880.353039,0, 0, 0, 0,-99.000000,-99.000000,-99.000000,-1,1
68475,590097,186.946430,37880.317676,37880.430175,0, 0, 0, 0,-99.000000,-99.000000,-99.000000,-1,1
68475,590098,187.001880,37880.373126,37880.485625,1, 0, 0, 1,7.886610,1.643734,-0.238884,-1,2
68475,590099,187.037474,37880.408720,37880.521219,1, 0, 0, 1,0.478067,2.527453,-11.840036,-1,2
68475,590100,187.110079,37880.481325,37880.593824,1, 0, 0, 1,5.490635,-5.677820,-17.115751,-1,2
68475,590101,187.257676,37880.628921,37880.741421,0, 0, 0, 0,-99.000000,-99.000000,-99.000000,-1,1
68475,590102,187.292944,37880.664189,37880.776689,0, 0, 0, 0,-99.000000,-99.000000,-99.000000,-1,0
68475,590103,187.298582,37880.669827,37880.782327,1, 0, 0, 1,-8.590314,1.386536,-1.462485,-1,2
68475,590104,187.580909,37880.952153,37881.064653,0, 0, 0, 0,-99.000000,-99.000000,-99.000000,-1,0
68475,590105,187.653965,37881.025209,37881.137710,0, 0, 0, 0,-99.000000,-99.000000,-99.000000,-1,1
68475,590106,187.795842,37881.167086,37881.279586,0, 0, 0, 0,-99.000000,-99.000000,-99.000000,-1,1
68475,590107,187.908257,37881.279500,37881.392001,1, 0, 0, 1,4.668354,4.879052,2.030495,-1,2
68475,590108,188.009471,37881.380714,37881.493215,1, 0, 0, 1,-2.093389,-4.936603,18.987881,-1,2
68475,590109,188.170969,37881.542212,37881.654713,1, 0, 0, 1,-4.651162,-1.675074,-12.989567,-1,2
68475,590110,188.238983,37881.610226,37881.722728,1, 0, 0, 1,1.555033,4.377784,1.162244,-1,2
68475,590111,188.378835,37881.750077,37881.862579,1, 0, 0, 1,7.544341,-2.298400,13.715015,-1,2
68475,590112,188.402192,37881.773434,37881.885936,1, 0, 0, 1,3.556843,0.139130,-18.521374,-1,2
68475,590113,188.426777,37881.798020,37881.910522,1, 0, 0, 1,-8.179839,0.962247,14.358823,-1,2
68475,590114,188.583039,37881.954281,37882.066784,1, 0, 0, 1,-1.460043,2.570286,13.174372,-1,2
68475,590115,188.595460,37881.966702,37882.079205,0, 0, 0, 0,-99.000000,-99.000000,-99.000000,-1,0
68475,590116,188.714789,37882.086031,37882.198533,1, 0, 0, 1,0.571615,2.395887,10.310756,-1,3
68475,590117,188.742264,37882.113506,37882.226008,1, 0, 0, 1,8.326513,-2.886304,9.622534,-1,2
68475,590118,188.751851,37882.123093,37882.235595,1, 0, 0, 1,-1.355721,4.127550,-16.494525,-1,2
68475,590119,188.825065,37882.196307,37882.308809,1, 0, 0, 1,-0.867250,5.392080,-21.474675,-1,2
68475,590120,188.892624,37882.263865,37882.376368,1, 0, 0, 1,-6.350999,2.165809,-11.659714,-1,2
68475,590121,188.915093,37882.286335,37882.398838,1, 0, 0, 1,-1.212883,5.031454,10.350816,-1,2
68475,590122,188.958106,37882.329348,37882.441851,0, 0, 0, 0,-99.000000,-99.000000,-99.000000,-1,1
68475,590123,188.988413,37882.359655,37882.472158,1, 1, 0, 1,-1.046252,2.630282,13.924131,-1,5
68475,590124,189.109744,37882.480986,37882.593489,0, 0, 0, 0,-99.000000,-99.000000,-99.000000,-1,1
68475,590125,189.159983,37882.531225,37882.643728,0, 0, 0, 0,-99.000000,-99.000000,-99.000000,-1,1
68475,590126,189.210877,37882.582118,37882.694622,1, 0, 0, 1,-7.809147,4.731781,13.737188,-1,2
68475,590127,189.216215,37882.587456,37882.699959,0, 0, 0, 0,-99.000000,-99.000000,-99.000000,-1,1
68475,590128,189.224908,37882.596149,37882.708652,0, 0, 0, 0,-99.000000,-99.000000,-99.000000,-1,1
68475,590129,189.229125,37882.600366,37882.712869,0, 0, 0, 0,-99.000000,-99.000000,-99.000000,-1,0
68475,590130,189.382082,37882.753323,37882.865827,1, 0, 0, 1,-3.902854,-6.890374,8.360056,-1,2
68475,590131,189.412949,37882.784189,37882.896693,0, 0, 0, 0,-99.000000,-99.000000,-99.000000,-1,0
68475,590132,189.452335,37882.823575,37882.936079,1, 0, 0, 1,2.583777,-4.647191,6.833125,-1,2
68475,590133,189.509393,37882.880634,37882.993138,1, 0, 0, 1,7.231135,4.100705,8.076428,-1,2
68475,590134,189.512648,37882.883889,37882.996393,0, 0, 0, 0,-99.000000,-99.000000,-99.000000,-1,0
68475,590135,189.570422,37882.941663,37883.054167,0, 0, 0, 0,-99.000000,-99.000000,-99.000000,-1,1
68475,590136,189.615840,37882.987080,37883.099584,0, 0, 0, 0,-99.000000,-99.000000,-99.000000,-1,1
68475,590137,189.618518,37882.989758,37883.102263,1, 0, 0, 1,-0.408705,-1.454413,0.962335,-1,2
68475,590138,189.669221,37883.040461,37883.152966,1, 0, 0, 1,6.489212,-1.270978,1.807277,-1,2
68475,590139,189.839642,37883.210882,37883.323386,1, 0, 0, 1,-6.427864,2.778413,-15.352365,-1,2
68475,590140,189.922947,37883.294187,37883.406692,1, 0, 0, 1,3.895076,-0.986302,-6.090762,-1,2
68475,590141,190.038311,37883.409550,37883.522055,0, 0, 0, 0,-99.000000,-99.000000,-99.000000,-1,1
68475,590142,190.087226,37883.458465,37883.570970,1, 0, 0, 1,3.093665,7.607781,6.816297,-1,2
68475,590143,190.137212,37883.508451,37883.620956,1, 0, 0, 1,-7.272856,-1.912640,6.122736,-1,2
68475,590144,190.308501,37883.679740,37883.792245,0, 0, 0, 0,-99.000000,-99.000000,-99.000000,-1,1
68475,590145,190.311164,37883.682403,37883.794908,0, 0, 0, 0,-99.000000,-99.000000,-99.000000,-1,0
68475,590146,190.375923,37883.747162,37883.859668,0, 0, 0, 0,-99.000000,-99.000000,-99.000000,-1,0
68475,590147,190.417310,37883.788548,37883.901054,1, 0, 0, 1,4.001678,-5.913916,4.567783,-1,2
68475,590148,190.550905,37883.922143,37884.034650,1, 0, 0, 1,-0.232813,6.251935,-6.135510,-1,2
68475,590149,190.620610,37883.991849,37884.104355,1, 0, 0, 1,-5.255983,0.838172,-9.856471,-1,2
68475,590150,190.629638,37884.000876,37884.113383,1, 0, 0, 1,3.751584,-2.239100,12.171474,-1,2
68475,590151,190.633007,37884.004245,37884.116752,0, 0, 0, 0,-99.000000,-99.000000,-99.000000,-1,0
68475,590152,190.712302,37884.083540,37884.196047,1, 0, 0, 1,-0.232214,2.140839,0.804990,-1,2
68475,590153,190.731966,37884.103204,37884.215711,0, 0, 0, 0,-99.000000,-99.000000,-99.000000,-1,0
68475,590154,190.732957,37884.104195,37884.216702,1, 0, 0, 1,-0.574609,-2.839784,16.469089,-1,2
68475,590155,190.880655,37884.251893,37884.364400,1, 0, 0, 1,-1.683140,-1.616657,20.158814,-1,2
68475,590156,190.918375,37884.289612,37884.402119,1, 0, 0, 1,8.376693,-12.180305,-13.408907,-1,2
68475,590157,190.935224,37884.306462,37884.418969,1, 0, 0, 1,5.112148,-0.733251,11.688938,-1,2
68475,590158,190.964865,37884.336103,37884.448610,0, 0, 0, 0,-99.000000,-99.000000,-99.000000,-1,0
68475,590159,191.152062,37884.523299,37884.635806,0, 0, 0, 0,-99.000000,-99.000000,-99.000000,-1,1
68475,590160,191.198542,37884.569779,37884.682287,1, 0, 0, 1,6.050297,1.715232,-4.347634,-1,2
68475,590161,191.199099,37884.570336,37884.682843,1, 0, 0, 1,2.734364,-0.232818,-5.725631,-1,2
68475,590162,191.243628,37884.614865,37884.727373,1, 0, 0, 1,-8.643914,1.911619,0.569782,-1,2
68475,590163,191.271853,37884.643090,37884.755598,1, 0, 0, 1,-3.231297,1.498070,11.603597,-1,2
68475,590164,191.318333,37884.689570,37884.802078,1, 0, 0, 1,-5.760159,2.741102,5.430001,-1,2
68475,590165,191.365082,37884.736318,37884.848826,1, 0, 0, 1,2.596787,8.167862,-7.484415,-1,2
68475,590166,191.641844,37885.013080,37885.125589,0, 0, 0, 0,-99.000000,-99.000000,-99.000000,-1,1
68475,590167,191.701385,37885.072621,37885.185130,1, 0, 0, 1,-6.720770,-3.224812,7.788318,-1,2
68475,590168,191.798645,37885.169881,37885.282390,1, 0, 0, 1,0.222027,6.650787,-16.242436,-1,2
68475,590169,192.071747,37885.442983,37885.555492,1, 0, 0, 1,7.774193,-3.705694,4.826205,-1,2
68475,590170,192.100474,37885.471709,37885.584218,0, 0, 0, 0,-99.000000,-99.000000,-99.000000,-1,1
68475,590171,192.212716,37885.583951,37885.696460,1, 0, 0, 1,3.265869,-1.674752,-8.232475,-1,2
68475,590172,192.315568,37885.686802,37885.799312,1, 0, 0, 1,6.766300,-2.217953,-12.374361,-1,2
68475,590173,192.361892,37885.733127,37885.845637,1, 0, 0, 1,-1.720873,-1.241159,2.613377,-1,2
68475,590174,192.455960,37885.827194,37885.939704,1, 0, 0, 1,2.801398,-3.676889,-5.034679,-1,2
68475,590175,192.559483,37885.930718,37886.043228,1, 0, 0, 1,-3.190767,5.209226,-18.704761,-1,2
68475,590969,0.009468,37963.130368,37963.243035,0, 0, 0, 0,-99.000000,-99.000000,-99.000000,-1,1
68475,590970,0.114152,37963.235052,37963.347719,1, 0, 0, 1,5.217226,-4.215742,1.120714,-1,2
68475,590971,0.275936,37963.396836,37963.509504,0, 0, 0, 0,-99.000000,-99.000000,-99.000000,-1,1
68475,590972,0.505803,37963.626702,37963.739370,0, 0, 0, 0,-99.000000,-99.000000,-99.000000,-1,1
68475,590973,0.514087,37963.634986,37963.747654,1, 0, 0, 1,-3.038726,-4.158752,-3.871189,-1,2
68475,590974,0.767419,37963.888318,37964.000987,0, 0, 0, 0,-99.000000,-99.000000,-99.000000,-1,1
68475,590975,0.783519,37963.904417,37964.017086,0, 0, 0, 0,-99.000000,-99.000000,-99.000000,-1,1
68475,590976,0.981701,37964.102599,37964.215268,1, 0, 0, 1,-4.749166,-2.557802,3.200912,-1,2
68475,590977,1.177579,37964.298477,37964.411146,0, 0, 0, 0,-99.000000,-99.000000,-99.000000,-1,0
68475,590978,1.223289,37964.344186,37964.456856,0, 0, 0, 0,-99.000000,-99.000000,-99.000000,-1,0
68475,590979,1.343817,37964.464715,37964.577384,1, 0, 0, 1,-7.305252,-0.218232,1.284839,-1,2
68475,590980,1.364636,37964.485533,37964.598203,0, 0, 0, 0,-99.000000,-99.000000,-99.000000,-1,1
68475,590981,1.467582,37964.588479,37964.701149,1, 0, 0, 1,4.573260,1.085198,2.942226,-1,2
68475,590982,1.640141,37964.761038,37964.873708,1, 0, 0, 1,-2.385900,-8.855186,19.201827,-1,2
68475,590983,1.769968,37964.890865,37965.003535,1, 0, 0, 1,-3.619196,-0.712834,2.935389,-1,2
68475,590984,1.818897,37964.939793,37965.052464,0, 0, 0, 0,-99.000000,-99.000000,-99.000000,-1,1
68475,590985,2.003051,37965.123947,37965.236618,1, 0, 0, 1,-2.848743,0.378380,-16.139415,-1,2
68475,590986,2.004746,37965.125643,37965.238314,1, 0, 0, 1,10.778571,3.970057,-21.031171,-1,2
68475,590987,2.049791,37965.170687,37965.283359,0, 0, 0, 0,-99.000000,-99.000000,-99.000000,-1,0
68475,590988,2.077669,37965.198565,37965.311236,1, 0, 0, 1,2.148006,5.052986,-9.141637,-1,2
68475,590989,2.424079,37965.544975,37965.657646,0, 0, 0, 0,-99.000000,-99.000000,-99.000000,-1,0
68475,590990,2.655495,37965.776389,37965.889062,1, 0, 0, 1,-5.568003,1.151673,-0.038142,-1,2
68475,590991,2.669342,37965.790237,37965.902909,0, 0, 0, 0,-99.000000,-99.000000,-99.000000,-1,1
68475,590992,2.692991,37965.813886,37965.926558,0, 0, 0, 0,-99.000000,-99.000000,-99.000000,-1,1
68475,590993,2.879443,37966.000337,37966.113010,0, 0, 0, 0,-99.000000,-99.000000,-99.000000,-1,1
68475,590994,2.942524,37966.063418,37966.176091,0, 0, 0, 0,-99.000000,-99.000000,-99.000000,-1,1
68475,590995,3.013780,37966.134674,37966.247347,1, 0, 0, 1,2.278294,3.061129,5.928313,-1,2
68475,590996,3.277605,37966.398498,37966.511172,0, 0, 0, 0,-99.000000,-99.000000,-99.000000,-1,1
68475,590997,3.499066,37966.619959,37966.732633,1, 0, 0, 1,-7.884415,2.471314,-8.150240,-1,2
68475,590998,3.806404,37966.927296,37967.039971,0, 0, 0, 0,-99.000000,-99.000000,-99.000000,-1,1
68475,590999,3.812187,37966.933080,37967.045755,0, 0, 0, 0,-99.000000,-99.000000,-99.000000,-1,0
68475,591000,3.816679,37966.937572,37967.050247,1, 0, 0, 1,4.498299,0.478192,2.261643,-1,2
68475,591001,3.928019,37967.048911,37967.161586,0, 0, 0, 0,-99.000000,-99.000000,-99.000000,-1,1
68475,591002,3.999431,37967.120323,37967.232998,1, 0, 0, 1,-8.571928,-6.207775,-14.005994,-1,2
68475,591003,4.162494,37967.283386,37967.396061,1, 0, 0, 1,-1.770831,10.819180,20.738670,-1,2
68475,591004,4.358674,37967.479565,37967.592241,0, 0, 0, 0,-99.000000,-99.000000,-99.000000,-1,1
68475,591005,4.389156,37967.510047,37967.622723,1, 0, 0, 1,1.043203,-1.099525,-10.520456,-1,2
68475,591006,4.464948,37967.585839,37967.698515,1, 0, 0, 1,-7.777725,2.617526,-9.055252,-1,2
68475,591007,4.551288,37967.672179,37967.784855,1, 0, 0, 1,-0.123021,1.014552,-8.558668,-1,2
68475,591008,4.554184,37967.675075,37967.787752,1, 0, 0, 1,-8.071101,0.831313,-16.147661,-1,2
68475,591009,4.612618,37967.733508,37967.846185,0, 0, 0, 0,-99.000000,-99.000000,-99.000000,-1,1
68475,591010,4.632873,37967.753764,37967.866440,1, 0, 0, 1,-6.410893,1.053715,2.743501,-1,2
68475,591011,4.742475,37967.863366,37967.976043,1, 0, 0, 1,6.645345,-2.566958,14.969890,-1,2
68475,591012,4.795511,37967.916402,37968.029078,1, 0, 0, 1,4.946306,4.243383,-0.486765,-1,2
68475,591013,4.915266,37968.036156,37968.148833,1, 0, 0, 1,5.164197,-0.829963,-0.472508,-1,2
68475,591014,5.195443,37968.316332,37968.429010,1, 0, 0, 1,1.411467,-5.097334,4.667108,-1,2
68475,591015,5.276483,37968.397373,37968.510050,1, 0, 0, 1,-2.472856,7.925284,-1.821421,-1,2
68475,591016,5.399371,37968.520261,37968.632939,1, 0, 0, 1,0.765813,5.621250,-7.443880,-1,2
68475,591017,5.590808,37968.711697,37968.824376,0, 0, 0, 0,-99.000000,-99.000000,-99.000000,-1,0
68475,591018,5.777269,37968.898157,37969.010836,0, 0, 0, 0,-99.000000,-99.000000,-99.000000,-1,0
68475,591019,5.777956,37968.898844,37969.011523,1, 0, 0, 1,0.639303,-3.471146,3.804565,-1,2
68475,591020,6.001764,37969.122652,37969.235331,1, 0, 0, 1,7.069397,1.536129,-13.442235,-1,2
68475,591021,6.093704,37969.214592,37969.327271,1, 0, 0, 1,-3.750362,-2.862187,-10.758283,-1,2
68475,591022,6.109282,37969.230170,37969.342849,1, 0, 0, 1,1.953833,-4.863679,7.876282,-1,2
68475,591023,6.196461,37969.317348,37969.430028,0, 0, 0, 0,-99.000000,-99.000000,-99.000000,-1,1
68475,591024,6.197210,37969.318097,37969.430777,0, 0, 0, 0,-99.000000,-99.000000,-99.000000,-1,0
68475,591025,6.199927,37969.320815,37969.433495,1, 0, 0, 1,1.200993,2.651158,0.151101,-1,2
68475,591026,6.211651,37969.332539,37969.445219,0, 0, 0, 0,-99.000000,-99.000000,-99.000000,-1,1
68475,591027,6.263917,37969.384804,37969.497484,0, 0, 0, 0,-99.000000,-99.000000,-99.000000,-1,1
68475,591028,6.325425,37969.446313,37969.558992,1, 0, 0, 1,-6.567119,1.179367,-8.890788,-1,2
68475,591029,6.597380,37969.718266,37969.830947,1, 0, 0, 1,0.426669,-5.515226,0.385814,-1,2
68475,591030,6.761929,37969.882815,37969.995496,1, 0, 0, 1,-6.476053,6.290649,-14.968579,-1,2
68475,591031,6.793672,37969.914559,37970.027240,1, 0, 0, 1,-9.922191,2.323223,12.287142,-1,2
68475,591032,6.907330,37970.028216,37970.140897,0, 0, 0, 0,-99.000000,-99.000000,-99.000000,-1,0
68475,591033,6.928082,37970.048969,37970.161650,1, 0, 0, 1,-1.175709,4.391522,6.151319,-1,2
68475,591034,7.001902,37970.122788,37970.235470,1, 0, 0, 1,-5.421742,5.343664,-4.963351,-1,2
68475,591035,7.061183,37970.182069,37970.294750,0, 0, 0, 0,-99.000000,-99.000000,-99.000000,-1,0
68475,591036,7.348724,37970.469609,37970.582291,1, 0, 0, 1,-10.136847,8.101504,-4.109702,-1,2
68475,591037,7.430695,37970.551580,37970.664262,1, 0, 0, 1,1.867896,11.653917,8.976734,-1,2
68475,591038,7.514528,37970.635413,37970.748095,1, 0, 0, 1,-2.877538,-4.847776,-2.214262,-1,2
68475,591039,7.585209,37970.706094,37970.818776,0, 0, 0, 0,-99.000000,-99.000000,-99.000000,-1,1
68475,591040,7.598107,37970.718992,37970.831674,0, 0, 0, 0,-99.000000,-99.000000,-99.000000,-1,1
68475,591041,7.733580,37970.854465,37970.967147,0, 0, 0, 0,-99.000000,-99.000000,-99.000000,-1,0
68475,591042,7.863364,37970.984248,37971.096931,0, 0, 0, 0,-99.000000,-99.000000,-99.000000,-1,0
68475,591043,7.913542,37971.034426,37971.147109,0, 0, 0, 0,-99.000000,-99.000000,-99.000000,-1,1
68475,591044,7.989496,37971.110380,37971.223063,1, 0, 0, 1,3.411422,-5.970993,1.380677,-1,2
68475,591045,8.000962,37971.121846,37971.234529,1, 0, 0, 1,-4.102248,-6.984553,18.882889,-1,2
68475,591046,8.077187,37971.198070,37971.310754,1, 0, 0, 1,-7.747744,1.341991,14.506118,-1,2
68475,591047,8.091004,37971.211887,37971.324571,1, 0, 0, 1,-5.494382,2.708638,-15.307209,-1,2
68475,591048,8.541266,37971.662149,37971.774834,0, 0, 0, 0,-99.000000,-99.000000,-99.000000,-1,1
68475,591765,0.126976,38049.085564,38049.198406,0, 0, 0, 0,-99.000000,-99.000000,-99.000000,-1,1
68475,591766,0.130188,38049.088776,38049.201617,0, 0, 0, 0,-99.000000,-99.000000,-99.000000,-1,1
68475,591767,0.184145,38049.142733,38049.255574,0, 0, 0, 0,-99.000000,-99.000000,-99.000000,-1,0
68475,591768,0.237100,38049.195688,38049.308530,0, 0, 0, 0,-99.000000,-99.000000,-99.000000,-1,0
68475,591769,0.304642,38049.263229,38049.376071,1, 0, 0, 1,4.872966,-3.419256,11.470876,-1,2
68475,591770,0.351003,38049.309591,38049.422433,0, 0, 0, 0,-99.000000,-99.000000,-99.000000,-1,1
68475,591771,0.379444,38049.338032,38049.450874,1, 0, 0, 1,4.422977,-5.285067,-3.274857,-1,2
68475,591772,0.381493,38049.340080,38049.452922,1, 0, 0, 1,-4.432681,-3.500081,-13.354872,-1,2
68475,591773,0.686370,38049.644957,38049.757799,1, 0, 0, 1,-6.587313,-3.476208,-1.473175,-1,2
68475,591774,0.721864,38049.680450,38049.793293,1, 0, 0, 1,4.772864,0.629909,-7.239715,-1,2
68475,591775,0.923260,38049.881847,38049.994690,1, 0, 0, 1,6.918034,-14.915554,-3.910286,-1,2
68475,591776,1.162453,38050.121039,38050.233883,0, 0, 0, 0,-99.000000,-99.000000,-99.000000,-1,1
68475,591777,1.218046,38050.176632,38050.289476,1, 0, 0, 1,4.511725,1.053068,-14.842843,-1,2
68475,591778,1.325092,38050.283678,38050.396522,0, 0, 0, 0,-99.000000,-99.000000,-99.000000,-1,0
68475,591779,1.535039,38050.493624,38050.606468,1, 0, 0, 1,4.923655,1.519988,-5.820094,-1,2
68475,591780,1.655981,38050.614566,38050.727411,0, 0, 0, 0,-99.000000,-99.000000,-99.000000,-1,1
68475,591781,1.891785,38050.850369,38050.963214,1, 0, 0, 1,-0.358883,-0.930979,5.611548,-1,2
68475,591782,1.948068,38050.906652,38051.019497,1, 0, 0, 1,0.960384,2.324801,15.460957,-1,2
68475,591783,1.949761,38050.908346,38051.021191,0, 0, 0, 0,-99.000000,-99.000000,-99.000000,-1,1
68475,591784,2.170320,38051.128904,38051.241749,1, 0, 0, 1,-9.126558,-1.754380,13.029183,-1,2
68475,591785,2.199696,38051.158279,38051.271125,1, 0, 0, 1,-2.247193,4.180092,-13.799316,-1,2
68475,591786,2.341116,38051.299699,38051.412545,0, 0, 0, 0,-99.000000,-99.000000,-99.000000,-1,0
68475,591787,2.515933,38051.474516,38051.587362,1, 0, 0, 1,3.395962,-7.738749,2.585686,-1,2
68475,591788,2.521783,38051.480366,38051.593212,1, 0, 0, 1,-4.079734,-1.633579,11.076092,-1,2
68475,591789,2.709912,38051.668494,38051.781341,0, 0, 0, 0,-99.000000,-99.000000,-99.000000,-1,1
68475,591790,2.796112,38051.754694,38051.867541,1, 0, 0, 1,5.980405,-2.749003,-11.487775,-1,2
68475,591791,2.841015,38051.799598,38051.912445,0, 0, 0, 0,-99.000000,-99.000000,-99.000000,-1,1
68475,591792,2.898977,38051.857559,38051.970407,0, 0, 0, 0,-99.000000,-99.000000,-99.000000,-1,1
68475,591793,3.056565,38052.015147,38052.127994,1, 0, 0, 1,-7.623959,-6.008502,8.258050,-1,2
68475,591794,3.086037,38052.044619,38052.157466,1, 0, 0, 1,-1.681645,6.377093,-15.794148,-1,2
68475,591795,3.103418,38052.062000,38052.174847,0, 0, 0, 0,-99.000000,-99.000000,-99.000000,-1,1
68475,591796,3.506642,38052.465223,38052.578072,1, 0, 0, 1,3.765096,1.741190,20.365728,-1,2
68475,591797,3.557192,38052.515773,38052.628622,1, 0, 0, 1,-7.604713,1.527938,-11.329668,-1,2
68475,591798,3.575904,38052.534485,38052.647334,1, 0, 0, 1,-6.437448,12.074313,-11.273669,-1,2
68475,591799,3.697704,38052.656285,38052.769133,1, 0, 0, 1,-2.298754,-1.607725,4.989796,-1,2
68475,591800,3.721866,38052.680447,38052.793296,1, 0, 0, 1,-5.046352,-2.351254,1.769242,-1,2
68475,591801,3.740951,38052.699532,38052.812381,0, 0, 0, 0,-99.000000,-99.000000,-99.000000,-1,0
68475,591802,3.812079,38052.770660,38052.883509,1, 0, 0, 1,-1.020730,0.953191,-2.926490,-1,2
68475,591803,3.843063,38052.801644,38052.914493,1, 0, 0, 1,3.006965,-0.556145,12.423752,-1,2
68475,591804,3.946804,38052.905384,38053.018233,1, 0, 0, 1,2.346661,-0.490842,12.337405,-1,2
68475,591805,4.028266,38052.986847,38053.099696,1, 0, 0, 1,4.290207,-3.553208,8.411326,-1,2
68475,591806,4.036837,38052.995418,38053.108267,0, 0, 0, 0,-99.000000,-99.000000,-99.000000,-1,1
68475,591807,4.203948,38053.162528,38053.275378,1, 0, 0, 1,-1.727944,1.036804,11.452368,-1,2
68475,591808,4.286937,38053.245516,38053.358366,1, 0, 0, 1,-7.903877,1.997791,6.083538,-1,2
68475,591809,4.474839,38053.433418,38053.546269,1, 0, 0, 1,-1.005294,-6.851533,21.446118,-1,2
68475,591810,4.505555,38053.464134,38053.576985,1, 0, 0, 1,-6.855653,0.192881,-3.558344,-1,2
68475,591811,4.745375,38053.703954,38053.816804,1, 0, 0, 1,4.360225,8.367154,-11.169410,-1,2
68475,591812,4.758548,38053.717127,38053.829978,1, 0, 0, 1,-4.475708,1.771679,-19.369403,-1,2
68475,591813,4.765196,38053.723774,38053.836625,1, 0, 0, 1,2.762797,5.443439,10.684030,-1,2
68475,591814,4.830417,38053.788996,38053.901847,0, 0, 0, 0,-99.000000,-99.000000,-99.000000,-1,1
68475,591815,4.879655,38053.838234,38053.951085,1, 0, 0, 1,-3.320340,6.630229,-12.868231,-1,2
68475,591816,4.928133,38053.886711,38053.999562,1, 0, 0, 1,-5.436310,-2.240591,14.686898,-1,2
68475,591817,5.134767,38054.093345,38054.206197,1, 0, 0, 1,6.080773,-2.056820,-12.118919,-1,2
68475,591818,5.220761,38054.179339,38054.292190,0, 0, 0, 0,-99.000000,-99.000000,-99.000000,-1,1
68475,591819,5.369400,38054.327978,38054.440830,0, 0, 0, 0,-99.000000,-99.000000,-99.000000,-1,0
68475,591820,5.382271,38054.340848,38054.453700,0, 0, 0, 0,-99.000000,-99.000000,-99.000000,-1,1
68475,591821,5.464511,38054.423089,38054.535941,0, 0, 0, 0,-99.000000,-99.000000,-99.000000,-1,0
68475,591822,5.504369,38054.462946,38054.575798,0, 0, 0, 0,-99.000000,-99.000000,-99.000000,-1,0
68475,591823,5.639235,38054.597811,38054.710664,0, 0, 0, 0,-99.000000,-99.000000,-99.000000,-1,1
68475,591824,5.647252,38054.605829,38054.718681,0, 0, 0, 0,-99.000000,-99.000000,-99.000000,-1,1
68475,591825,5.678654,38054.637230,38054.750083,1, 0, 0, 1,7.787540,2.173730,5.162510,-1,2
68475,591826,5.747725,38054.706302,38054.819155,0, 0, 0, 0,-99.000000,-99.000000,-99.000000,-1,1
68475,591827,6.018359,38054.976935,38055.089789,1, 0, 0, 1,5.149707,1.596925,12.721811,-1,2
68475,591828,6.046067,38055.004643,38055.117496,1, 0, 0, 1,3.227115,-10.914124,12.465399,-1,2
68475,591829,6.140200,38055.098776,38055.211630,1, 0, 0, 1,2.663982,-5.398704,2.295289,-1,2
68475,591830,6.333758,38055.292334,38055.405188,1, 0, 0, 1,1.228797,6.676901,6.696268,-1,2
68475,591831,6.334291,38055.292866,38055.405721,1, 0, 0, 1,-2.092808,2.770520,-9.901123,-1,2
68475,591832,6.375929,38055.334504,38055.447359,0, 0, 0, 0,-99.000000,-99.000000,-99.000000,-1,1
68475,591833,6.641957,38055.600531,38055.713386,0, 0, 0, 0,-99.000000,-99.000000,-99.000000,-1,0
68475,591834,6.777092,38055.735666,38055.848521,0, 0, 0, 0,-99.000000,-99.000000,-99.000000,-1,0
68475,591835,6.931286,38055.889860,38056.002716,0, 0, 0, 0,-99.000000,-99.000000,-99.000000,-1,1
68475,591836,6.937351,38055.895925,38056.008780,1, 0, 0, 1,7.111805,-3.230135,-4.250614,-1,2
68475,591837,6.941861,38055.900435,38056.013291,0, 0, 0, 0,-99.000000,-99.000000,-99.000000,-1,1
68475,591838,6.975584,38055.934158,38056.047013,1, 0, 0, 1,-5.778008,4.406525,-15.520751,-1,2
68475,591839,6.993363,38055.951937,38056.064793,1, 0, 0, 1,2.587715,-0.085596,-17.643822,-1,2
68475,591840,7.026657,38055.985231,38056.098087,0, 0, 0, 0,-99.000000,-99.000000,-99.000000,-1,1
68475,591841,7.041385,38055.999959,38056.112815,0, 0, 0, 0,-99.000000,-99.000000,-99.000000,-1,0
68475,591842,7.068177,38056.026751,38056.139607,0, 0, 0, 0,-99.000000,-99.000000,-99.000000,-1,0
68475,591843,7.087158,38056.045732,38056.158588,0, 0, 0, 0,-99.000000,-99.000000,-99.000000,-1,0
68475,591844,7.111466,38056.070039,38056.182895,0, 0, 0, 0,-99.000000,-99.000000,-99.000000,-1,1
68475,591845,7.135236,38056.093810,38056.206666,0, 0, 0, 0,-99.000000,-99.000000,-99.000000,-1,1
68475,591846,7.248324,38056.206898,38056.319754,1, 0, 0, 1,-3.566425,-6.458964,10.248977,-1,2
68475,591847,7.285047,38056.243621,38056.356477,1, 0, 0, 1,1.887719,-9.873837,7.948364,-1,2
68475,591848,7.357082,38056.315655,38056.428511,1, 0, 0, 1,8.507979,-1.552205,-12.095541,-1,2
68475,591849,7.418060,38056.376633,38056.489490,0, 0, 0, 0,-99.000000,-99.000000,-99.000000,-1,0
68475,591850,7.425522,38056.384095,38056.496952,0, 0, 0, 0,-99.000000,-99.000000,-99.000000,-1,1
68475,591851,7.681995,38056.640568,38056.753425,1, 0, 0, 1,-5.378377,3.324254,-17.689867,-1,4
68475,591852,7.919327,38056.877899,38056.990756,1, 0, 0, 1,-3.071434,-3.098528,3.468728,-1,2
68475,591853,8.107618,38057.066190,38057.179047,0, 0, 0, 0,-99.000000,-99.000000,-99.000000,-1,0
68475,591854,8.146170,38057.104741,38057.217599,1, 0, 0, 1,-5.291580,6.008878,16.079580,-1,2
68475,592646,0.145167,38134.438235,38134.551249,1, 0, 0, 1,4.562436,6.613428,-8.839402,-1,2
68475,592647,0.283725,38134.576792,38134.689807,1, 0, 0, 1,-2.368040,2.967245,15.861151,-1,2
68475,592648,0.341541,38134.634608,38134.747622,0, 0, 0, 0,-99.000000,-99.000000,-99.000000,-1,1
68475,592649,0.404460,38134.697527,38134.810542,1, 0, 0, 1,3.125097,-9.059756,19.457382,-1,2
68475,592650,0.436052,38134.729119,38134.842133,0, 0, 0, 0,-99.000000,-99.000000,-99.000000,-1,0
68475,592651,0.473027,38134.766094,38134.879109,1, 0, 0, 1,-2.443811,4.939574,6.918378,-1,2
68475,592652,0.644916,38134.937983,38135.050998,0, 0, 0, 0,-99.000000,-99.000000,-99.000000,-1,1
68475,592653,0.776743,38135.069809,38135.182825,0, 0, 0, 0,-99.000000,-99.000000,-99.000000,-1,1
68475,592654,0.863506,38135.156573,38135.269588,1, 0, 0, 1,-5.997828,1.427385,-1.557656,-1,2
68475,592655,0.877477,38135.170543,38135.283558,0, 0, 0, 0,-99.000000,-99.000000,-99.000000,-1,0
68475,592656,0.999540,38135.292606,38135.405622,0, 0, 0, 0,-99.000000,-99.000000,-99.000000,-1,1
68475,592657,1.133484,38135.426550,38135.539566,1, 0, 0, 1,-5.352341,-0.235646,-13.724805,-1,2
68475,592658,1.188133,38135.481199,38135.594215,1, 0, 0, 1,-2.825791,2.309105,1.237439,-1,2
68475,592659,1.214198,38135.507263,38135.620280,0, 0, 0, 0,-99.000000,-99.000000,-99.000000,-1,1
68475,592660,1.307852,38135.600917,38135.713934,0, 0, 0, 0,-99.000000,-99.000000,-99.000000,-1,1
68475,592661,1.382335,38135.675400,38135.788417,1, 0, 0, 1,7.472513,-4.613329,14.576756,-1,2
68475,592662,1.422178,38135.715243,38135.828259,0, 0, 0, 0,-99.000000,-99.000000,-99.000000,-1,0
68475,592663,1.451783,38135.744848,38135.857865,0, 0, 0, 0,-99.000000,-99.000000,-99.000000,-1,1
68475,592664,1.562839,38135.855904,38135.968921,0, 0, 0, 0,-99.000000,-99.000000,-99.000000,-1,0
68475,592665,1.643672,38135.936737,38136.049754,0, 0, 0, 0,-99.000000,-99.000000,-99.000000,-1,1
68475,592666,1.675429,38135.968493,38136.081511,0, 0, 0, 0,-99.000000,-99.000000,-99.000000,-1,1
68475,592667,1.765782,38136.058847,38136.171864,1, 0, 0, 1,3.579668,7.489126,-1.642095,-1,2
68475,592668,1.802486,38136.095550,38136.208568,1, 1, 0, 1,-1.143562,1.354969,-16.378501,-1,4
68475,592669,2.045506,38136.338570,38136.451588,0, 0, 0, 0,-99.000000,-99.000000,-99.000000,-1,1
68475,592670,2.065974,38136.359038,38136.472056,0, 0, 0, 0,-99.000000,-99.000000,-99.000000,-1,1
68475,592671,2.324684,38136.617747,38136.730766,1, 0, 0, 1,2.960287,8.435331,14.481394,-1,2
68475,592672,3.033936,38137.326998,38137.440018,0, 0, 0, 0,-99.000000,-99.000000,-99.000000,-1,1
68475,592673,3.047827,38137.340889,38137.453909,1, 0, 0, 1,-4.475181,3.150102,-14.594914,-1,2
68475,592674,3.327858,38137.620919,38137.733940,0, 0, 0, 0,-99.000000,-99.000000,-99.000000,-1,1
68475,592675,3.372154,38137.665215,38137.778236,0, 0, 0, 0,-99.000000,-99.000000,-99.000000,-1,1
68475,592676,3.375256,38137.668317,38137.781337,1, 0, 0, 1,-3.207949,-2.256349,-13.921365,-1,2
68475,592677,3.521823,38137.814884,38137.927905,1, 0, 0, 1,-6.346903,4.432422,0.766772,-1,2
68475,592678,3.523974,38137.817035,38137.930056,1, 0, 0, 1,-5.752470,2.005865,6.643465,-1,2
68475,592679,3.813226,38138.106287,38138.219308,1, 0, 0, 1,4.461750,-1.267837,-5.859624,-1,2
68475,592680,3.896350,38138.189410,38138.302432,1, 0, 0, 1,-3.356288,-0.908391,-10.447612,-1,2
68475,592681,3.902644,38138.195704,38138.308726,1, 0, 0, 1,3.091447,-3.690923,1.844279,-1,2
68475,592682,4.012988,38138.306048,38138.419070,0, 0, 0, 0,-99.000000,-99.000000,-99.000000,-1,0
68475,592683,4.070194,38138.363254,38138.476276,1, 0, 0, 1,-4.290153,-0.509216,8.019280,-1,2
68475,592684,4.125498,38138.418558,38138.531580,0, 0, 0, 0,-99.000000,-99.000000,-99.000000,-1,0
68475,592685,4.296461,38138.589520,38138.702542,0, 0, 0, 0,-99.000000,-99.000000,-99.000000,-1,1
68475,592686,4.364762,38138.657821,38138.770844,1, 0, 0, 1,2.361711,-5.590318,-17.870555,-1,2
68475,592687,4.514155,38138.807214,38138.920237,1, 0, 0, 1,0.563151,-10.373528,-9.983703,-1,2
68475,592688,4.593792,38138.886851,38138.999874,0, 0, 0, 0,-99.000000,-99.000000,-99.000000,-1,1
68475,592689,4.604369,38138.897428,38139.010451,1, 0, 0, 1,-2.902859,-0.451353,4.693440,-1,2
68475,592690,4.640691,38138.933750,38139.046773,1, 0, 0, 1,1.003338,-0.098858,8.404434,-1,2
68475,592691,4.640960,38138.934019,38139.047042,0, 0, 0, 0,-99.000000,-99.000000,-99.000000,-1,1
68475,592692,4.679898,38138.972956,38139.085980,1, 0, 0, 1,4.203529,-4.470341,13.086349,-1,2
68475,592693,4.823321,38139.116379,38139.229403,0, 0, 0, 0,-99.000000,-99.000000,-99.000000,-1,1
68475,592694,4.825968,38139.119026,38139.232050,0, 0, 0, 0,-99.000000,-99.000000,-99.000000,-1,1
68475,592695,4.904291,38139.197349,38139.310373,0, 0, 0, 0,-99.000000,-99.000000,-99.000000,-1,1
68475,592696,5.081576,38139.374634,38139.487658,0, 0, 0, 0,-99.000000,-99.000000,-99.000000,-1,1
68475,592697,5.362083,38139.655140,38139.768165,0, 0, 0, 0,-99.000000,-99.000000,-99.000000,-1,1
68475,592698,5.374683,38139.667741,38139.780765,1, 0, 0, 1,4.226822,-7.414098,-3.621002,-1,2
68475,592699,5.408696,38139.701754,38139.814778,0, 0, 0, 0,-99.000000,-99.000000,-99.000000,-1,1
68475,592700,5.459714,38139.752771,38139.865796,1, 0, 0, 1,-0.989277,-3.389538,2.363185,-1,2
68475,592701,5.471560,38139.764617,38139.877642,1, 0, 0, 1,-5.684256,2.886629,-14.990473,-1,2
68475,592702,5.584477,38139.877534,38139.990559,0, 0, 0, 0,-99.000000,-99.000000,-99.000000,-1,0
68475,592703,5.629929,38139.922986,38140.036011,1, 0, 0, 1,-3.285544,2.390429,-9.714533,-1,2
68475,592704,5.812570,38140.105627,38140.218652,1, 0, 0, 1,0.028728,4.498696,-8.358860,-1,2
68475,592705,5.917790,38140.210846,38140.323872,1, 0, 0, 1,0.916914,3.726976,16.551998,-1,2
68475,592706,6.088822,38140.381878,38140.494904,1, 0, 0, 1,-1.219554,-1.882384,9.589824,-1,2
68475,592707,6.116501,38140.409557,38140.522583,1, 0, 0, 1,1.977205,-1.388561,2.333052,-1,2
68475,592708,6.132087,38140.425142,38140.538168,1, 0, 0, 1,3.706813,-5.061864,14.852620,-1,2
68475,592709,6.227068,38140.520123,38140.633150,1, 0, 0, 1,1.778260,-2.370264,-14.012347,-1,2
68475,592710,6.230960,38140.524015,38140.637042,1, 0, 0, 1,2.663976,5.695899,-12.333791,-1,2
68475,592711,6.235689,38140.528744,38140.641771,0, 0, 0, 0,-99.000000,-99.000000,-99.000000,-1,0
68475,592712,6.272758,38140.565814,38140.678840,1, 0, 0, 1,7.839197,5.998694,-4.435690,-1,2
68475,592713,6.430921,38140.723976,38140.837003,1, 0, 0, 1,-7.012407,7.134512,-1.596280,-1,2
68475,592714,6.463492,38140.756547,38140.869574,0, 0, 0, 0,-99.000000,-99.000000,-99.000000,-1,0
68475,592715,6.535418,38140.828473,38140.941500,0, 0, 0, 0,-99.000000,-99.000000,-99.000000,-1,1
68475,592716,6.694657,38140.987712,38141.100739,1, 0, 0, 1,-2.994756,-2.391405,-15.189981,-1,2
68475,592717,6.731721,38141.024776,38141.137803,1, 0, 0, 1,5.209859,-5.562611,6.171164,-1,2
68475,592718,6.948283,38141.241337,38141.354365,1, 0, 0, 1,3.709505,-5.349452,-18.612125,-1,2
68475,592719,7.010608,38141.303662,38141.416690,1, 0, 0, 1,-2.016391,5.014135,2.421939,-1,2
68475,592720,7.041184,38141.334238,38141.447266,0, 0, 0, 0,-99.000000,-99.000000,-99.000000,-1,1
68475,592721,7.096681,38141.389734,38141.502762,0, 0, 0, 0,-99.000000,-99.000000,-99.000000,-1,1
68475,592722,7.150434,38141.443488,38141.556516,1, 0, 0, 1,2.991433,-9.261816,-1.613401,-1,2
68475,592723,7.187792,38141.480845,38141.593874,0, 0, 0, 0,-99.000000,-99.000000,-99.000000,-1,1
68475,592724,7.232868,38141.525921,38141.638950,0, 0, 0, 0,-99.000000,-99.000000,-99.000000,-1,0
68475,592725,7.246637,38141.539690,38141.652718,1, 0, 0, 1,-3.745753,-8.116259,9.848262,-1,2
68475,592726,7.527458,38141.820510,38141.933540,1, 0, 0, 1,-1.467729,-3.279452,-17.924634,-1,2
68475,592727,7.571882,38141.864934,38141.977964,1, 0, 0, 1,-4.951683,-6.101975,-10.370378,-1,2
68475,592728,7.647956,38141.941008,38142.054038,0, 0, 0, 0,-99.000000,-99.000000,-99.000000,-1,1
68475,592729,7.757637,38142.050689,38142.163719,0, 0, 0, 0,-99.000000,-99.000000,-99.000000,-1,1
68475,592730,7.773465,38142.066518,38142.179547,0, 0, 0, 0,-99.000000,-99.000000,-99.000000,-1,1
68475,592731,7.789597,38142.082649,38142.195679,1, 0, 0, 1,-5.314616,-1.568293,-15.257538,-1,2
68475,592732,7.852404,38142.145456,38142.258486,1, 0, 0, 1,-3.361953,2.940268,-5.119134,-1,2
68475,592733,8.069010,38142.362062,38142.475092,0, 0, 0, 0,-99.000000,-99.000000,-99.000000,-1,1
68475,592734,8.092671,38142.385723,38142.498753,1, 0, 0, 1,-2.067791,5.419362,-15.884843,-1,2
68475,592735,8.112974,38142.406025,38142.519056,1, 0, 0, 1,2.997160,-9.701875,-15.568309,-1,4
68475,592736,8.141803,38142.434854,38142.547885,1, 0, 0, 1,1.661624,8.831199,9.016712,-1,2
68475,592737,8.146828,38142.439879,38142.552910,1, 0, 0, 1,4.749694,7.161956,-8.313364,-1,2
68475,592738,8.249028,38142.542079,38142.655110,0, 0, 0, 0,-99.000000,-99.000000,-99.000000,-1,1
68475,593450,0.194752,38219.855003,38219.968190,1, 0, 0, 1,-6.338560,7.846330,13.436165,-1,2
68475,593451,0.308619,38219.968870,38220.082057,0, 0, 0, 0,-99.000000,-99.000000,-99.000000,-1,1
68475,593452,0.483887,38220.144137,38220.257325,0, 0, 0, 0,-99.000000,-99.000000,-99.000000,-1,0
68475,593453,0.679202,38220.339451,38220.452640,1, 0, 0, 1,-0.552163,-1.111905,2.769465,-1,2
68475,593454,0.731324,38220.391574,38220.504762,0, 0, 0, 0,-99.000000,-99.000000,-99.000000,-1,1
68475,593455,0.846126,38220.506375,38220.619564,0, 0, 0, 0,-99.000000,-99.000000,-99.000000,-1,1
68475,593456,0.884158,38220.544408,38220.657596,1, 0, 0, 1,1.314982,-8.117491,18.065249,-1,2
68475,593457,0.905921,38220.566170,38220.679359,1, 0, 0, 1,1.851568,0.833076,-12.990359,-1,2
68475,593458,0.927800,38220.588050,38220.701238,1, 0, 0, 1,-5.429245,2.003077,-15.580074,-1,2
68475,593459,1.016441,38220.676690,38220.789879,1, 0, 0, 1,7.571319,-1.836162,16.975230,-1,2
68475,593460,1.031875,38220.692124,38220.805313,1, 0, 0, 1,8.641854,8.174643,9.447643,-1,2
68475,593461,1.057210,38220.717459,38220.830648,0, 0, 0, 0,-99.000000,-99.000000,-99.000000,-1,1
68475,593462,1.099048,38220.759297,38220.872486,1, 0, 0, 1,-4.682156,-4.035723,14.062433,-1,2
68475,593463,1.132679,38220.792928,38220.906117,1, 0, 0, 1,-2.070613,6.309817,-7.628415,-1,2
68475,593464,1.201968,38220.862216,38220.975406,1, 0, 0, 1,6.404431,-3.169692,-16.862204,-1,2
68475,593465,1.372652,38221.032900,38221.146090,0, 0, 0, 0,-99.000000,-99.000000,-99.000000,-1,1
68475,593466,1.414865,38221.075113,38221.188303,1, 0, 0, 1,-1.695880,1.289773,-6.692793,-1,2
68475,593467,1.552021,38221.212269,38221.325459,1, 0, 0, 1,-6.868902,5.050759,-7.279885,-1,2
68475,593468,1.572383,38221.232631,38221.345821,1, 0, 0, 1,-1.555843,7.796206,-0.852523,-1,2
68475,593469,1.594273,38221.254521,38221.367711,0, 0, 0, 0,-99.000000,-99.000000,-99.000000,-1,1
68475,593470,1.818896,38221.479143,38221.592334,1, 0, 0, 1,2.836018,-3.026093,11.719078,-1,2
68475,593471,2.101407,38221.761654,38221.874845,1, 0, 0, 1,-10.950055,6.743909,9.732693,-1,2
68475,593472,2.179455,38221.839702,38221.952893,1, 0, 0, 1,2.859311,-1.211180,10.049729,-1,2
68475,593473,2.208813,38221.869060,38221.982251,0, 0, 0, 0,-99.000000,-99.000000,-99.000000,-1,1
68475,593474,2.458356,38222.118602,38222.231794,1, 0, 0, 1,-8.866779,-0.202579,5.664860,-1,2
68475,593475,2.494829,38222.155075,38222.268267,1, 0, 0, 1,5.043077,-5.155892,-4.986066,-1,2
68475,593476,2.509842,38222.170088,38222.283280,1, 0, 0, 1,-0.548902,-1.345965,-16.948836,-1,2
68475,593477,2.548133,38222.208379,38222.321571,1, 0, 0, 1,0.598191,7.817628,-21.066662,-1,2
68475,593478,2.593166,38222.253412,38222.366604,1, 0, 0, 1,-19.185288,10.585394,-3.857758,-1,2
68475,593479,2.626336,38222.286582,38222.399774,1, 0, 0, 1,3.528540,7.111514,-12.396117,-1,2
68475,593480,2.686874,38222.347120,38222.460312,1, 0, 0, 1,-1.084100,-6.527116,-5.641535,-1,2
68475,593481,2.791422,38222.451668,38222.564860,1, 0, 0, 1,2.001847,3.183323,-7.495625,-1,2
68475,593482,2.831783,38222.492029,38222.605221,0, 0, 0, 0,-99.000000,-99.000000,-99.000000,-1,1
68475,593483,2.894788,38222.555033,38222.668226,0, 0, 0, 0,-99.000000,-99.000000,-99.000000,-1,0
68475,593484,2.986056,38222.646301,38222.759494,1, 0, 0, 1,0.623990,1.000400,-17.513121,-1,2
68475,593485,3.036241,38222.696486,38222.809679,1, 0, 0, 1,-7.203624,0.725624,6.209677,-1,2
68475,593486,3.101762,38222.762007,38222.875200,1, 0, 0, 1,-7.891658,-0.840424,3.891339,-1,2
68475,593487,3.120163,38222.780408,38222.893601,1, 0, 0, 1,-4.468319,-2.952886,-10.447947,-1,2
68475,593488,3.324952,38222.985197,38223.098390,0, 0, 0, 0,-99.000000,-99.000000,-99.000000,-1,1
68475,593489,3.396299,38223.056544,38223.169737,1, 0, 0, 1,-3.309672,-1.299029,-7.089132,-1,2
68475,593490,3.451081,38223.111325,38223.224519,1, 0, 0, 1,-4.634052,-3.683212,15.367627,-1,2
68475,593491,3.503268,38223.163512,38223.276706,1, 0, 0, 1,-7.114941,5.787721,-0.292733,-1,2
68475,593492,3.543448,38223.203691,38223.316886,1, 0, 0, 1,-6.714430,5.389565,1.485090,-1,2
68475,593493,3.544780,38223.205024,38223.318218,0, 0, 0, 0,-99.000000,-99.000000,-99.000000,-1,0
68475,593494,3.639031,38223.299274,38223.412469,0, 0, 0, 0,-99.000000,-99.000000,-99.000000,-1,0
68475,593495,3.953423,38223.613666,38223.726861,1, 0, 0, 1,-4.757964,2.163315,-8.288284,-1,2
68475,593496,3.954339,38223.614582,38223.727777,0, 0, 0, 0,-99.000000,-99.000000,-99.000000,-1,1
68475,593497,4.018632,38223.678875,38223.792070,0, 0, 0, 0,-99.000000,-99.000000,-99.000000,-1,1
68475,593498,4.048788,38223.709031,38223.822226,1, 0, 0, 1,-2.823832,-5.551379,-8.955624,-1,2
68475,593499,4.074860,38223.735103,38223.848298,0, 0, 0, 0,-99.000000,-99.000000,-99.000000,-1,0
68475,593500,4.150187,38223.810430,38223.923625,1, 0, 0, 1,6.485664,-0.982824,1.829530,-1,2
68475,593501,4.438336,38224.098578,38224.211774,0, 0, 0, 0,-99.000000,-99.000000,-99.000000,-1,1
68475,593502,4.542394,38224.202636,38224.315832,0, 0, 0, 0,-99.000000,-99.000000,-99.000000,-1,1
68475,593503,4.599184,38224.259426,38224.372622,1, 0, 0, 1,-3.038950,-1.286631,8.449721,-1,2
68475,593504,4.615546,38224.275788,38224.388984,1, 0, 0, 1,4.847657,3.917237,-11.138846,-1,3
68475,593505,4.624941,38224.285183,38224.398379,1, 0, 0, 1,-2.551947,5.227552,6.623664,-1,2
68475,593506,4.820396,38224.480637,38224.593834,0, 0, 0, 0,-99.000000,-99.000000,-99.000000,-1,1
68475,593507,4.826095,38224.486336,38224.599533,1, 0, 0, 1,4.302253,-3.425112,-14.839885,-1,2
68475,593508,4.906537,38224.566779,38224.679975,1, 0, 0, 1,-1.685169,0.918796,-4.005500,-1,2
68475,593509,4.936527,38224.596769,38224.709965,1, 1, 1, 1,2.953435,1.625781,-8.891766,-1,3
68475,593510,4.949905,38224.610146,38224.723343,1, 0, 0, 1,5.591423,-0.238629,11.522141,-1,2
68475,593511,5.063292,38224.723533,38224.836730,0, 0, 0, 0,-99.000000,-99.000000,-99.000000,-1,1
68475,593512,5.209073,38224.869314,38224.982511,1, 0, 0, 1,7.304783,1.856509,11.253712,-1,2
68475,593513,5.245119,38224.905360,38225.018557,1, 0, 0, 1,5.020374,-6.281016,18.636632,-1,2
68475,593514,5.294742,38224.954983,38225.068180,1, 0, 0, 1,-5.577090,6.880455,-17.341198,-1,2
68475,593515,5.403580,38225.063820,38225.177018,1, 0, 0, 1,-4.600691,-6.707034,16.291451,-1,2
68475,593516,5.596778,38225.257018,38225.370216,1, 0, 0, 1,-6.341675,0.344795,19.878979,-1,2
68475,593517,5.790574,38225.450813,38225.564012,1, 0, 0, 1,-7.253574,4.153111,7.713700,-1,2
68475,593518,5.809745,38225.469984,38225.583183,1, 0, 0, 1,5.398778,-4.697296,-17.896515,-1,2
68475,593519,5.872385,38225.532624,38225.645823,0, 0, 0, 0,-99.000000,-99.000000,-99.000000,-1,0
68475,593520,5.928857,38225.589096,38225.702295,1, 0, 0, 1,-8.859514,3.722176,2.021987,-1,2
68475,593521,6.029584,38225.689822,38225.803022,0, 0, 0, 0,-99.000000,-99.000000,-99.000000,-1,0
68475,593522,6.049031,38225.709270,38225.822469,1, 0, 0, 1,-3.449112,3.383735,4.624583,-1,2
68475,593523,6.277029,38225.937268,38226.050467,1, 0, 0, 1,-3.464649,-6.909666,-2.151523,-1,2
68475,593524,6.297602,38225.957840,38226.071040,0, 0, 0, 0,-99.000000,-99.000000,-99.000000,-1,0
68475,593525,6.312344,38225.972583,38226.085782,1, 0, 0, 1,-5.210490,-1.142657,-4.848788,-1,2
68475,593526,6.776308,38226.436545,38226.549746,0, 0, 0, 0,-99.000000,-99.000000,-99.000000,-1,0
68475,593527,6.862447,38226.522684,38226.635885,1, 0, 0, 1,-0.608792,2.820049,2.710981,-1,2
68475,593528,6.876394,38226.536631,38226.649832,1, 0, 0, 1,-6.109173,-5.344036,9.135322,-1,2
68475,593529,6.958375,38226.618612,38226.731813,0, 0, 0, 0,-99.000000,-99.000000,-99.000000,-1,1
68475,593530,7.215441,38226.875678,38226.988879,0, 0, 0, 0,-99.000000,-99.000000,-99.000000,-1,1
68475,593531,7.412830,38227.073066,38227.186268,0, 0, 0, 0,-99.000000,-99.000000,-99.000000,-1,1
68475,593532,7.450707,38227.110943,38227.224145,1, 1, 0, 1,-0.519668,-2.708391,-4.287679,-1,4
68475,593533,7.554359,38227.214595,38227.327797,0, 0, 0, 0,-99.000000,-99.000000,-99.000000,-1,1
68475,593534,7.674140,38227.334375,38227.447578,1, 0, 0, 1,-9.647655,-2.170585,-7.129360,-1,2
68475,593535,7.696495,38227.356731,38227.469933,1, 0, 0, 1,5.594646,4.503459,5.084922,-1,2
68475,593536,7.867821,38227.528056,38227.641259,1, 0, 0, 1,6.869130,4.280211,5.605265,-1,2
68475,593537,7.902161,38227.562396,38227.675599,1, 0, 0, 1,-4.172542,7.706074,2.665307,-1,3
68475,593538,7.945780,38227.606015,38227.719218,0, 0, 0, 0,-99.000000,-99.000000,-99.000000,-1,1
68475,593539,8.009040,38227.669275,38227.782478,1, 0, 0, 1,5.954123,-2.074785,13.964476,-1,2
68475,593540,8.102409,38227.762644,38227.875847,1, 0, 0, 1,-1.148852,0.200502,-9.712883,-1,2
68475,593541,8.103310,38227.763545,38227.876748,1, 0, 0, 1,4.090038,-4.858391,-7.604662,-1,2
68475,593542,8.177381,38227.837615,38227.950819,0, 0, 0, 0,-99.000000,-99.000000,-99.000000,-1,0
68475,594316,0.108808,38305.144988,38305.258349,1, 0, 0, 1,4.083388,-3.463442,13.880383,-1,2
68475,594317,0.450857,38305.487037,38305.600398,0, 0, 0, 0,-99.000000,-99.000000,-99.000000,-1,0
68475,594318,0.613859,38305.650038,38305.763400,1, 0, 0, 1,-2.041596,-9.949945,-7.169732,-1,3
68475,594319,0.631575,38305.667754,38305.781116,1, 0, 0, 1,1.477999,-3.108237,19.552551,-1,2
68475,594320,0.736431,38305.772609,38305.885971,1, 0, 0, 1,-6.551994,-4.769706,-8.707996,-1,2
68475,594321,0.924074,38305.960253,38306.073615,0, 0, 0, 0,-99.000000,-99.000000,-99.000000,-1,0
68475,594322,1.261582,38306.297760,38306.411123,0, 0, 0, 0,-99.000000,-99.000000,-99.000000,-1,1
68475,594323,1.488007,38306.524185,38306.637548,1, 0, 0, 1,0.565883,-4.354471,16.250718,-1,2
68475,594324,1.558291,38306.594468,38306.707832,1, 0, 0, 1,7.159414,1.968695,14.327498,-1,2
68475,594325,1.998832,38307.035008,38307.148373,0, 0, 0, 0,-99.000000,-99.000000,-99.000000,-1,0
68475,594326,2.005243,38307.041419,38307.154783,1, 0, 0, 1,6.774065,1.360317,0.964572,-1,2
68475,594327,2.192283,38307.228459,38307.341824,1, 0, 0, 1,2.497082,-1.352254,11.885438,-1,2
68475,594328,2.242955,38307.279131,38307.392496,0, 0, 0, 0,-99.000000,-99.000000,-99.000000,-1,1
68475,594329,2.458897,38307.495072,38307.608438,1, 0, 0, 1,0.987746,-0.510233,6.023377,-1,2
68475,594330,2.487884,38307.524059,38307.637424,1, 0, 0, 1,-3.404784,2.666172,12.128637,-1,2
68475,594331,2.508516,38307.544691,38307.658057,0, 0, 0, 0,-99.000000,-99.000000,-99.000000,-1,0
68475,594332,2.665830,38307.702005,38307.815370,1, 0, 0, 1,-2.904610,5.771419,-13.307543,-1,2
68475,594333,2.719505,38307.755680,38307.869046,1, 0, 0, 1,5.438548,4.708830,-4.268695,-1,2
68475,594334,3.051395,38308.087569,38308.200935,1, 0, 0, 1,3.231342,4.218781,-12.162944,-1,2
68475,594335,3.194329,38308.230503,38308.343870,1, 0, 0, 1,-8.926226,1.503898,-9.216498,-1,4
68475,594336,3.235825,38308.271999,38308.385366,1, 0, 0, 1,1.799736,3.412498,-11.850507,-1,2
68475,594337,3.358476,38308.394650,38308.508017,0, 0, 0, 0,-99.000000,-99.000000,-99.000000,-1,1
68475,594338,3.479005,38308.515178,38308.628546,0, 0, 0, 0,-99.000000,-99.000000,-99.000000,-1,1
68475,594339,3.578886,38308.615059,38308.728426,1, 0, 0, 1,-0.981889,4.746732,16.158318,-1,2
68475,594340,3.604659,38308.640832,38308.754200,1, 0, 0, 1,6.845763,0.364582,-20.237950,-1,2
68475,594341,3.678400,38308.714572,38308.827940,1, 0, 0, 1,-6.530694,-0.789552,16.794278,-1,2
68475,594342,3.749195,38308.785368,38308.898736,0, 0, 0, 0,-99.000000,-99.000000,-99.000000,-1,1
68475,594343,3.911082,38308.947255,38309.060623,1, 0, 0, 1,-2.689576,2.665605,-12.694479,-1,2
68475,594344,3.945560,38308.981732,38309.095101,1, 0, 0, 1,2.261741,4.802612,5.220939,-1,2
68475,594345,4.000781,38309.036953,38309.150322,1, 0, 0, 1,6.956322,2.194825,-7.372112,-1,2
68475,594346,4.012582,38309.048754,38309.162123,0, 0, 0, 0,-99.000000,-99.000000,-99.000000,-1,0
68475,594347,4.020670,38309.056842,38309.170211,1, 0, 0, 1,1.438387,-6.681909,10.901171,-1,2
68475,594348,4.024541,38309.060713,38309.174082,0, 0, 0, 0,-99.000000,-99.000000,-99.000000,-1,1
68475,594349,4.062145,38309.098317,38309.211685,0, 0, 0, 0,-99.000000,-99.000000,-99.000000,-1,0
68475,594350,4.081189,38309.117361,38309.230730,1, 0, 0, 1,-4.176258,8.911935,4.001542,-1,2
68475,594351,4.150606,38309.186778,38309.300147,1, 0, 0, 1,0.246706,0.138266,-7.063546,-1,2
68475,594352,4.232482,38309.268654,38309.382023,1, 0, 0, 1,9.097089,3.885236,-10.958494,-1,2
68475,594353,4.329363,38309.365534,38309.478904,1, 0, 0, 1,0.605914,-3.633644,-15.571285,-1,2
68475,594354,4.419164,38309.455335,38309.568705,1, 0, 0, 1,3.199036,5.296380,-20.105657,-1,2
68475,594355,4.501768,38309.537939,38309.651309,0, 0, 0, 0,-99.000000,-99.000000,-99.000000,-1,1
68475,594356,4.619086,38309.655257,38309.768627,1, 0, 0, 1,-6.859077,3.105180,2.421365,-1,2
68475,594357,4.727053,38309.763224,38309.876594,0, 0, 0, 0,-99.000000,-99.000000,-99.000000,-1,0
68475,594358,4.773743,38309.809914,38309.923284,0, 0, 0, 0,-99.000000,-99.000000,-99.000000,-1,1
68475,594359,4.783566,38309.819737,38309.933107,1, 0, 0, 1,5.311640,-3.797277,-7.460122,-1,2
68475,594360,4.891709,38309.927879,38310.041249,0, 0, 0, 0,-99.000000,-99.000000,-99.000000,-1,1
68475,594361,4.994357,38310.030528,38310.143898,0, 0, 0, 0,-99.000000,-99.000000,-99.000000,-1,0
68475,594362,5.035950,38310.072120,38310.185491,1, 0, 0, 1,4.752871,-1.391444,0.396553,-1,2
68475,594363,5.063481,38310.099651,38310.213022,1, 0, 0, 1,6.148085,1.319829,-11.282907,-1,2
68475,594364,5.151341,38310.187510,38310.300881,1, 0, 0, 1,2.762481,5.079327,14.118023,-1,2
68475,594365,5.285596,38310.321765,38310.435136,1, 0, 0, 1,5.137554,-0.889660,1.516969,-1,2
68475,594366,5.326266,38310.362436,38310.475807,0, 0, 0, 0,-99.000000,-99.000000,-99.000000,-1,1
68475,594367,5.426488,38310.462657,38310.576028,0, 0, 0, 0,-99.000000,-99.000000,-99.000000,-1,1
68475,594368,5.535761,38310.571930,38310.685302,1, 0, 0, 1,-2.658697,4.330158,-10.010048,-1,2
68475,594369,5.744408,38310.780577,38310.893949,1, 0, 0, 1,0.242744,-2.976616,13.834675,-1,2
68475,594370,5.845241,38310.881410,38310.994782,0, 0, 0, 0,-99.000000,-99.000000,-99.000000,-1,1
68475,594371,5.941137,38310.977305,38311.090678,1, 0, 0, 1,7.591925,1.458508,18.016225,-1,2
68475,594372,6.132469,38311.168637,38311.282010,1, 0, 0, 1,-5.852021,-9.999988,-19.028826,-1,3
68475,594373,6.345692,38311.381859,38311.495233,1, 0, 0, 1,-1.336025,1.156368,-12.668751,-1,2
68475,594374,6.358473,38311.394641,38311.508014,0, 0, 0, 0,-99.000000,-99.000000,-99.000000,-1,1
68475,594375,6.444805,38311.480973,38311.594346,1, 0, 0, 1,1.589620,4.319778,-14.731824,-1,2
68475,594376,6.555272,38311.591439,38311.704812,1, 0, 0, 1,0.187650,3.883369,8.910285,-1,2
68475,594377,6.637600,38311.673767,38311.787140,1, 0, 0, 1,2.308148,-0.738113,-13.846119,-1,2
68475,594378,6.746001,38311.782168,38311.895542,1, 1, 0, 1,2.414837,0.968395,13.419770,-1,6
68475,594379,6.847058,38311.883224,38311.996598,1, 0, 0, 1,12.224739,-5.821773,18.866165,-1,2
68475,594380,7.091697,38312.127863,38312.241238,1, 0, 0, 1,-8.458457,0.426623,-11.125562,-1,2
68475,594381,7.155738,38312.191903,38312.305279,1, 0, 0, 1,2.093837,-1.160912,2.539569,-1,2
68475,594382,7.401892,38312.438057,38312.551433,1, 0, 0, 1,-2.626791,-2.994033,-11.336259,-1,2
68475,594383,7.617554,38312.653718,38312.767094,0, 0, 0, 0,-99.000000,-99.000000,-99.000000,-1,0
68475,594384,7.657724,38312.693888,38312.807264,1, 0, 0, 1,1.046189,-1.313557,-15.375754,-1,2
68475,594385,7.879135,38312.915300,38313.028676,0, 0, 0, 0,-99.000000,-99.000000,-99.000000,-1,0
68475,594386,7.911451,38312.947615,38313.060991,1, 0, 0, 1,-2.620642,-0.950959,16.084740,-1,2
68475,594387,7.955325,38312.991489,38313.104866,0, 0, 0, 0,-99.000000,-99.000000,-99.000000,-1,1
68475,594388,8.025743,38313.061907,38313.175284,1, 0, 0, 1,-0.038988,-7.514486,-18.641976,-1,2
68475,594389,8.129654,38313.165818,38313.279195,1, 0, 0, 1,-2.351128,-2.416960,1.472632,-1,2
68475,594390,8.176334,38313.212497,38313.325874,1, 0, 0, 1,-7.506912,0.673455,17.791235,-1,2
68475,594391,8.239892,38313.276056,38313.389433,1, 0, 0, 1,3.553924,5.926695,5.412224,-1,5
68475,595109,0.023362,38390.406165,38390.519699,0, 0, 0, 0,-99.000000,-99.000000,-99.000000,-1,1
68475,595110,0.198210,38390.581012,38390.694547,1, 0, 0, 1,10.005182,-1.867046,-19.203349,-1,2
68475,595111,0.225823,38390.608625,38390.722160,1, 0, 0, 1,-0.433525,3.123751,-15.430849,-1,2
68475,595112,0.598284,38390.981085,38391.094621,1, 0, 0, 1,3.050370,-5.729249,17.260027,-1,2
68475,595113,0.617524,38391.000326,38391.113861,1, 0, 0, 1,-7.804277,4.711273,20.556657,-1,2
68475,595114,0.632823,38391.015625,38391.129160,1, 0, 0, 1,5.385952,-5.063075,16.673060,-1,2
68475,595115,0.659758,38391.042560,38391.156095,1, 0, 0, 1,3.386770,-1.985295,13.411317,-1,2
68475,595116,0.688275,38391.071077,38391.184612,1, 0, 0, 1,5.663116,-4.574923,-3.553990,-1,2
68475,595117,0.739741,38391.122543,38391.236078,1, 0, 0, 1,1.085638,-2.315151,-3.062211,-1,2
68475,595118,0.742762,38391.125564,38391.239099,1, 0, 0, 1,-4.173986,-0.523576,-4.923813,-1,2
68475,595119,0.807427,38391.190229,38391.303764,0, 0, 0, 0,-99.000000,-99.000000,-99.000000,-1,1
68475,595120,1.013964,38391.396765,38391.510301,1, 0, 0, 1,1.709543,-4.081809,13.366114,-1,3
68475,595121,1.253136,38391.635936,38391.749473,0, 0, 0, 0,-99.000000,-99.000000,-99.000000,-1,0
68475,595122,1.253220,38391.636020,38391.749557,0, 0, 0, 0,-99.000000,-99.000000,-99.000000,-1,0
68475,595123,1.253576,38391.636376,38391.749913,0, 0, 0, 0,-99.000000,-99.000000,-99.000000,-1,0
68475,595124,1.307491,38391.690291,38391.803828,0, 0, 0, 0,-99.000000,-99.000000,-99.000000,-1,0
68475,595125,1.503380,38391.886179,38391.999717,1, 0, 0, 1,-1.774155,6.837036,-19.611874,-1,2
68475,595126,1.662207,38392.045006,38392.158544,1, 0, 0, 1,-3.829638,6.820277,16.187362,-1,2
68475,595127,1.888918,38392.271717,38392.385255,1, 0, 0, 1,-2.268731,-3.806873,-9.539341,-1,2
68475,595128,2.162564,38392.545362,38392.658901,0, 0, 0, 0,-99.000000,-99.000000,-99.000000,-1,1
68475,595129,2.229523,38392.612321,38392.725860,0, 0, 0, 0,-99.000000,-99.000000,-99.000000,-1,1
68475,595130,2.379278,38392.762076,38392.875615,1, 0, 0, 1,-2.255867,3.823879,4.627336,-1,2
68475,595131,2.509238,38392.892035,38393.005575,1, 0, 0, 1,-3.076383,-1.725260,3.504078,-1,2
68475,595132,2.695682,38393.078479,38393.192019,0, 0, 0, 0,-99.000000,-99.000000,-99.000000,-1,0
68475,595133,2.728676,38393.111474,38393.225013,1, 0, 0, 1,-2.867504,-6.231540,16.399256,-1,2
68475,595134,2.763451,38393.146248,38393.259788,1, 0, 0, 1,-0.589037,-6.037753,-14.008782,-1,2
68475,595135,2.826098,38393.208895,38393.322435,1, 0, 0, 1,-4.853780,3.518212,-3.800858,-1,2
68475,595136,3.017655,38393.400451,38393.513992,0, 0, 0, 0,-99.000000,-99.000000,-99.000000,-1,1
68475,595137,3.358487,38393.741283,38393.854824,0, 0, 0, 0,-99.000000,-99.000000,-99.000000,-1,0
68475,595138,3.399747,38393.782543,38393.896084,1, 0, 0, 1,-2.193926,2.342551,-1.498188,-1,3
68475,595139,3.608249,38393.991044,38394.104586,1, 0, 0, 1,5.933417,1.778020,-16.503289,-1,2
68475,595140,3.675262,38394.058057,38394.171599,1, 0, 0, 1,2.829605,-8.025054,-7.043617,-1,2
68475,595141,3.774207,38394.157002,38394.270544,0, 0, 0, 0,-99.000000,-99.000000,-99.000000,-1,1
68475,595142,3.910574,38394.293369,38394.406911,0, 0, 0, 0,-99.000000,-99.000000,-99.000000,-1,1
68475,595143,4.079711,38394.462506,38394.576048,1, 0, 0, 1,-1.899261,6.418261,-1.897082,-1,2
68475,595144,4.086355,38394.469150,38394.582692,0, 0, 0, 0,-99.000000,-99.000000,-99.000000,-1,0
68475,595145,4.134548,38394.517342,38394.630885,1, 0, 0, 1,5.297056,2.873167,7.559802,-1,2
68475,595146,4.137775,38394.520569,38394.634112,1, 0, 0, 1,0.221332,-8.290693,-2.199464,-1,3
68475,595147,4.221525,38394.604319,38394.717862,0, 0, 0, 0,-99.000000,-99.000000,-99.000000,-1,1
68475,595148,4.270871,38394.653665,38394.767208,1, 0, 0, 1,-6.121654,4.375495,8.396880,-1,2
68475,595149,4.297775,38394.680569,38394.794112,1, 0, 0, 1,3.061762,-0.355220,12.943637,-1,2
68475,595150,4.366117,38394.748911,38394.862454,0, 0, 0, 0,-99.000000,-99.000000,-99.000000,-1,1
68475,595151,4.487202,38394.869995,38394.983539,1, 0, 0, 1,-3.890783,2.724960,18.566112,-1,2
68475,595152,4.894202,38395.276995,38395.390539,0, 0, 0, 0,-99.000000,-99.000000,-99.000000,-1,1
68475,595153,5.062078,38395.444871,38395.558415,1, 0, 0, 1,8.440272,0.607961,-1.811458,-1,2
68475,595154,5.072655,38395.455447,38395.568992,1, 0, 0, 1,-1.087003,-3.339795,9.968765,-1,2
68475,595155,5.151491,38395.534283,38395.647828,1, 0, 0, 1,-3.812814,3.359328,6.544702,-1,2
68475,595156,5.216458,38395.599250,38395.712795,1, 0, 0, 1,-1.815759,-5.241655,-16.320047,-1,2
68475,595157,5.525508,38395.908300,38396.021845,1, 0, 0, 1,-2.739894,-0.220832,-11.631064,-1,2
68475,595158,5.591213,38395.974004,38396.087550,0, 0, 0, 0,-99.000000,-99.000000,-99.000000,-1,0
68475,595159,5.606567,38395.989358,38396.102904,0, 0, 0, 0,-99.000000,-99.000000,-99.000000,-1,1
68475,595160,5.619033,38396.001824,38396.115370,1, 0, 0, 1,-2.868864,-1.688556,-9.448317,-1,5
68475,595161,5.711985,38396.094777,38396.208322,0, 0, 0, 0,-99.000000,-99.000000,-99.000000,-1,1
68475,595162,5.732912,38396.115704,38396.229249,1, 0, 0, 1,-4.081436,2.659039,12.726684,-1,2
68475,595163,5.974076,38396.356866,38396.470413,0, 0, 0, 0,-99.000000,-99.000000,-99.000000,-1,1
68475,595164,6.007252,38396.390043,38396.503589,1, 0, 0, 1,-7.288780,1.359187,-17.502469,-1,2
68475,595165,6.057433,38396.440224,38396.553770,1, 0, 0, 1,2.382799,-1.586229,-10.124655,-1,2
68475,595166,6.152016,38396.534806,38396.648353,1, 0, 0, 1,7.177872,0.732543,0.642060,-1,2
68475,595167,6.237623,38396.620413,38396.733960,1, 0, 0, 1,-5.402370,6.283448,-6.881796,-1,2
68475,595168,6.284795,38396.667585,38396.781132,1, 0, 0, 1,6.528149,-1.563160,0.961955,-1,2
68475,595169,6.418477,38396.801267,38396.914814,1, 0, 0, 1,0.190015,-6.105298,11.595083,-1,2
68475,595170,6.464569,38396.847358,38396.960906,1, 0, 0, 1,2.936410,5.716686,-7.764752,-1,2
68475,595171,6.567144,38396.949933,38397.063481,0, 0, 0, 0,-99.000000,-99.000000,-99.000000,-1,1
68475,595172,6.653944,38397.036733,38397.150281,1, 0, 0, 1,-7.704130,5.774323,13.595793,-1,4
68475,595173,6.721069,38397.103858,38397.217406,1, 0, 0, 1,5.460037,-5.774381,-8.574147,-1,2
68475,595174,6.798094,38397.180883,38397.294431,1, 0, 0, 1,-1.730648,0.698581,-3.779400,-1,2
68475,595175,7.075394,38397.458183,38397.571731,1, 0, 0, 1,-6.634293,-1.177795,0.781794,-1,2
68475,595176,7.362956,38397.745744,38397.859293,0, 0, 0, 0,-99.000000,-99.000000,-99.000000,-1,0
68475,595177,7.443362,38397.826150,38397.939699,0, 0, 0, 0,-99.000000,-99.000000,-99.000000,-1,1
68475,595178,7.591603,38397.974391,38398.087940,0, 0, 0, 0,-99.000000,-99.000000,-99.000000,-1,1
68475,595179,7.679040,38398.061828,38398.175377,1, 0, 0, 1,-1.279845,-10.857690,0.950045,-1,2
68475,595180,7.834154,38398.216941,38398.330491,0, 0, 0, 0,-99.000000,-99.000000,-99.000000,-1,0
68475,595181,7.855787,38398.238574,38398.352124,0, 0, 0, 0,-99.000000,-99.000000,-99.000000,-1,1
68475,595182,7.906456,38398.289243,38398.402793,1, 0, 0, 1,3.832110,-1.362792,-3.093663,-1,2
68475,595183,7.947291,38398.330078,38398.443628,1, 0, 0, 1,2.597300,-1.200142,-5.580469,-1,2
68475,595184,7.965485,38398.348272,38398.461822,0, 0, 0, 0,-99.000000,-99.000000,-99.000000,-1,1
68475,595185,7.967715,38398.350502,38398.464052,1, 0, 0, 1,-3.414405,8.506268,-2.675512,-1,2
68475,595186,8.254579,38398.637365,38398.750916,0, 0, 0, 0,-99.000000,-99.000000,-99.000000,-1,1
68475,595933,0.016010,38475.774866,38475.888573,1, 0, 0, 1,-0.079811,-2.006678,12.018347,-1,2
68475,595934,0.265145,38476.024000,38476.137708,1, 0, 0, 1,-4.117297,-7.432468,8.934061,-1,3
68475,595935,0.279386,38476.038242,38476.151949,1, 0, 0, 1,1.338707,-6.665488,-6.980992,-1,2
68475,595936,0.309821,38476.068676,38476.182384,1, 0, 0, 1,-4.848052,-8.685418,-16.464172,-1,2
68475,595937,0.372057,38476.130912,38476.244620,1, 0, 0, 1,2.809370,2.111722,-15.537007,-1,2
68475,595938,0.596725,38476.355580,38476.469288,1, 0, 0, 1,4.487960,6.718334,9.312313,-1,2
68475,595939,0.704250,38476.463105,38476.576813,1, 0, 0, 1,1.160174,0.516671,20.956761,-1,2
68475,595940,0.783810,38476.542665,38476.656373,1, 0, 0, 1,1.820560,-12.914253,-18.826959,-1,2
68475,595941,0.997306,38476.756160,38476.869869,0, 0, 0, 0,-99.000000,-99.000000,-99.000000,-1,1
68475,595942,1.209984,38476.968837,38477.082547,1, 0, 0, 1,4.521849,4.258711,-8.724065,-1,2
68475,595943,1.325568,38477.084422,38477.198131,0, 0, 0, 0,-99.000000,-99.000000,-99.000000,-1,1
68475,595944,1.485980,38477.244832,38477.358543,1, 0, 0, 1,3.254437,4.155070,2.393486,-1,2
68475,595945,1.511446,38477.270299,38477.384009,1, 0, 0, 1,-0.908525,1.976879,8.297430,-1,2
68475,595946,1.611971,38477.370824,38477.484534,0, 0, 0, 0,-99.000000,-99.000000,-99.000000,-1,0
68475,595947,2.077898,38477.836750,38477.950461,1, 0, 0, 1,4.507711,-1.781134,-7.143501,-1,2
68475,595948,2.146208,38477.905060,38478.018771,0, 0, 0, 0,-99.000000,-99.000000,-99.000000,-1,0
68475,595949,2.348202,38478.107053,38478.220765,1, 0, 0, 1,-5.376885,-1.420927,-12.735935,-1,2
68475,595950,2.363483,38478.122334,38478.236046,1, 0, 0, 1,1.429214,6.481162,-5.576422,-1,2
68475,595951,2.557562,38478.316413,38478.430125,1, 0, 0, 1,-2.887593,6.949671,-12.016735,-1,2
68475,595952,2.726669,38478.485520,38478.599232,0, 0, 0, 0,-99.000000,-99.000000,-99.000000,-1,1
68475,595953,2.751807,38478.510657,38478.624370,1, 0, 0, 1,-0.621776,-7.203285,-5.093542,-1,2
68475,595954,2.771149,38478.530000,38478.643712,0, 0, 0, 0,-99.000000,-99.000000,-99.000000,-1,1
68475,595955,2.855141,38478.613991,38478.727704,0, 0, 0, 0,-99.000000,-99.000000,-99.000000,-1,1
68475,595956,2.880651,38478.639501,38478.753214,1, 0, 0, 1,6.519306,-2.780623,-7.554158,-1,2
68475,595957,2.911075,38478.669925,38478.783638,1, 0, 0, 1,-1.412307,-2.232589,11.118003,-1,2
68475,595958,2.923699,38478.682549,38478.796262,0, 0, 0, 0,-99.000000,-99.000000,-99.000000,-1,0
68475,595959,3.347458,38479.106307,38479.220020,1, 0, 0, 1,9.071885,0.997366,-16.016277,-1,2
68475,595960,3.349073,38479.107922,38479.221635,0, 0, 0, 0,-99.000000,-99.000000,-99.000000,-1,1
68475,595961,3.389612,38479.148461,38479.262175,1, 0, 0, 1,-0.437164,2.203409,3.664562,-1,2
68475,595962,3.459746,38479.218595,38479.332309,0, 0, 0, 0,-99.000000,-99.000000,-99.000000,-1,1
68475,595963,3.499988,38479.258837,38479.372551,1, 0, 0, 1,1.846610,-0.137754,-10.179978,-1,2
68475,595964,3.559870,38479.318719,38479.432433,1, 0, 0, 1,-1.669201,2.537245,-4.046772,-1,2
68475,595965,3.671326,38479.430175,38479.543889,0, 0, 0, 0,-99.000000,-99.000000,-99.000000,-1,1
68475,595966,4.135673,38479.894520,38480.008236,1, 0, 0, 1,-8.522876,8.952588,1.021206,-1,2
68475,595967,4.198692,38479.957539,38480.071255,0, 0, 0, 0,-99.000000,-99.000000,-99.000000,-1,1
68475,595968,4.273403,38480.032251,38480.145966,0, 0, 0, 0,-99.000000,-99.000000,-99.000000,-1,1
68475,595969,4.335080,38480.093927,38480.207643,0, 0, 0, 0,-99.000000,-99.000000,-99.000000,-1,1
68475,595970,4.484563,38480.243410,38480.357126,0, 0, 0, 0,-99.000000,-99.000000,-99.000000,-1,1
68475,595971,4.654085,38480.412931,38480.526648,1, 0, 0, 1,-3.681861,-7.969210,4.170726,-1,3
68475,595972,4.995694,38480.754539,38480.868257,0, 0, 0, 0,-99.000000,-99.000000,-99.000000,-1,1
68475,595973,5.048402,38480.807248,38480.920965,0, 0, 0, 0,-99.000000,-99.000000,-99.000000,-1,1
68475,595974,5.050341,38480.809187,38480.922904,1, 0, 0, 1,6.817015,1.347590,-20.359544,-1,2
68475,595975,5.122942,38480.881788,38480.995505,1, 0, 0, 1,-2.796235,15.056096,12.216431,-1,2
68475,595976,5.155726,38480.914571,38481.028288,1, 0, 0, 1,-2.811586,0.105081,0.106597,-1,2
68475,595977,5.161383,38480.920228,38481.033946,1, 0, 0, 1,-6.506370,4.879392,16.838602,-1,2
68475,595978,5.411928,38481.170772,38481.284490,0, 0, 0, 0,-99.000000,-99.000000,-99.000000,-1,1
68475,595979,5.549184,38481.308028,38481.421747,0, 0, 0, 0,-99.000000,-99.000000,-99.000000,-1,1
68475,595980,5.574020,38481.332865,38481.446583,1, 0, 0, 1,-2.725762,8.288737,4.900940,-1,2
68475,595981,5.662227,38481.421072,38481.534790,0, 0, 0, 0,-99.000000,-99.000000,-99.000000,-1,1
68475,595982,5.684117,38481.442962,38481.556680,1, 1, 0, 1,3.487430,0.164698,-2.466880,-1,3
68475,595983,5.724532,38481.483376,38481.597095,0, 0, 0, 0,-99.000000,-99.000000,-99.000000,-1,1
68475,595984,5.844871,38481.603715,38481.717434,1, 0, 0, 1,2.695450,-6.889913,-8.884059,-1,2
68475,595985,5.863745,38481.622589,38481.736308,1, 0, 0, 1,-0.248438,-6.490536,-1.140438,-1,2
68475,595986,5.970327,38481.729171,38481.842890,0, 0, 0, 0,-99.000000,-99.000000,-99.000000,-1,1
68475,595987,6.004443,38481.763287,38481.877006,0, 0, 0, 0,-99.000000,-99.000000,-99.000000,-1,0
68475,595988,6.070328,38481.829172,38481.942891,1, 0, 0, 1,-3.024783,-11.936882,7.720922,-1,2
68475,595989,6.090283,38481.849126,38481.962845,1, 0, 0, 1,-1.965131,-8.996202,-12.114285,-1,2
68475,595990,6.263920,38482.022763,38482.136483,1, 0, 0, 1,-5.764576,2.207593,-20.859594,-1,2
68475,595991,6.325216,38482.084059,38482.197779,1, 0, 0, 1,-5.051892,5.269377,-11.250169,-1,2
68475,595992,6.376447,38482.135290,38482.249010,1, 0, 0, 1,-3.662685,3.512988,-17.274646,-1,2
68475,595993,6.403239,38482.162082,38482.275802,1, 0, 0, 1,7.164775,-1.296998,-22.131023,-1,2
68475,595994,6.433702,38482.192544,38482.306264,1, 0, 0, 1,-6.517238,6.481673,9.829653,-1,6
68475,595995,6.438492,38482.197335,38482.311055,0, 0, 0, 0,-99.000000,-99.000000,-99.000000,-1,1
68475,595996,6.850186,38482.609028,38482.722749,1, 0, 0, 1,-0.359827,-1.606987,4.665516,-1,2
68475,595997,6.923567,38482.682409,38482.796130,1, 0, 0, 1,6.506158,2.451507,18.553130,-1,2
68475,595998,7.268419,38483.027261,38483.140982,1, 0, 0, 1,3.416857,-5.457231,6.054807,-1,2
68475,595999,7.347104,38483.105945,38483.219667,1, 0, 0, 1,5.645490,2.767378,-4.366147,-1,2
68475,596000,7.397273,38483.156114,38483.269836,1, 0, 0, 1,-5.584769,-6.546463,-15.251451,-1,2
68475,596001,7.537370,38483.296211,38483.409933,1, 0, 0, 1,5.979473,-3.295812,4.163825,-1,2
68475,596002,7.576558,38483.335399,38483.449121,0, 0, 0, 0,-99.000000,-99.000000,-99.000000,-1,1
68475,596003,7.590016,38483.348857,38483.462579,1, 0, 0, 1,0.850867,-1.815942,1.010972,-1,2
68475,596004,7.605776,38483.364616,38483.478339,1, 1, 0, 1,-2.299271,-0.644667,-6.551950,-1,5
68475,596005,7.667897,38483.426738,38483.540460,1, 0, 0, 1,5.558567,-7.279730,16.820290,-1,2
68475,596006,7.852718,38483.611558,38483.725281,0, 0, 0, 0,-99.000000,-99.000000,-99.000000,-1,1
68475,596007,7.998008,38483.756848,38483.870571,0, 0, 0, 0,-99.000000,-99.000000,-99.000000,-1,1
68475,596008,8.104829,38483.863668,38483.977391,1, 0, 0, 1,-1.622740,-4.136775,8.900490,-1,3
68475,596009,8.136717,38483.895556,38484.009280,0, 0, 0, 0,-99.000000,-99.000000,-99.000000,-1,1
68475,596010,8.144006,38483.902846,38484.016569,0, 0, 0, 0,-99.000000,-99.000000,-99.000000,-1,1
68475,596011,8.292621,38484.051460,38484.165183,1, 0, 0, 1,-3.254950,-2.765291,15.377754,-1,2
68475,596765,0.138201,38561.270875,38561.384754,1, 0, 0, 1,4.200831,-0.711728,12.855203,-1,2
68475,596766,0.217674,38561.350347,38561.464227,0, 0, 0, 0,-99.000000,-99.000000,-99.000000,-1,1
68475,596767,0.319767,38561.452440,38561.566320,1, 0, 0, 1,1.679184,4.978112,12.098394,-1,2
68475,596768,0.392401,38561.525073,38561.638953,1, 0, 0, 1,3.435418,11.373951,-8.712740,-1,2
68475,596769,0.438908,38561.571581,38561.685461,1, 0, 0, 1,7.604769,4.248233,-14.363841,-1,2
68475,596770,0.471790,38561.604462,38561.718342,0, 0, 0, 0,-99.000000,-99.000000,-99.000000,-1,0
68475,596771,0.514944,38561.647616,38561.761496,0, 0, 0, 0,-99.000000,-99.000000,-99.000000,-1,1
68475,596772,0.691923,38561.824595,38561.938476,1, 0, 0, 1,-4.839879,-0.720826,-11.948897,-1,2
68475,596773,0.742616,38561.875288,38561.989169,1, 0, 0, 1,8.375496,-2.104646,-6.023696,-1,2
68475,596774,0.750239,38561.882910,38561.996791,1, 0, 0, 1,3.309945,1.939339,-1.159986,-1,2
68475,596775,0.873751,38562.006422,38562.120303,0, 0, 0, 0,-99.000000,-99.000000,-99.000000,-1,0
68475,596776,1.275645,38562.408316,38562.522197,0, 0, 0, 0,-99.000000,-99.000000,-99.000000,-1,1
68475,596777,1.498260,38562.630931,38562.744813,1, 0, 0, 1,4.674062,13.001132,-6.598080,-1,2
68475,596778,1.504046,38562.636716,38562.750598,1, 0, 0, 1,0.392352,7.552974,17.904596,-1,2
68475,596779,1.520043,38562.652714,38562.766596,1, 0, 0, 1,6.436781,0.026155,10.653581,-1,2
68475,596780,1.732315,38562.864984,38562.978867,1, 0, 0, 1,-3.053775,5.824838,-4.468488,-1,2
68475,596781,1.768448,38562.901118,38563.015001,1, 0, 0, 1,1.852666,0.224828,-9.436036,-1,2
68475,596782,1.984863,38563.117533,38563.231416,1, 0, 0, 1,4.484945,-1.674144,0.932191,-1,2
68475,596783,2.000520,38563.133189,38563.247072,1, 0, 0, 1,-5.434126,5.221136,-0.035565,-1,2
68475,596784,2.067724,38563.200393,38563.314276,0, 0, 0, 0,-99.000000,-99.000000,-99.000000,-1,1
68475,596785,2.187327,38563.319996,38563.433879,1, 0, 0, 1,0.587881,1.047020,3.117119,-1,2
68475,596786,2.234168,38563.366837,38563.480721,1, 0, 0, 1,4.332132,6.574023,0.107023,-1,2
68475,596787,2.306235,38563.438904,38563.552787,0, 0, 0, 0,-99.000000,-99.000000,-99.000000,-1,0
68475,596788,2.435217,38563.567885,38563.681769,1, 0, 0, 1,8.017436,-1.670310,15.247925,-1,2
68475,596789,2.469825,38563.602494,38563.716378,1, 0, 0, 1,6.856619,5.919477,9.262805,-1,2
68475,596790,2.599182,38563.731850,38563.845735,1, 0, 0, 1,7.724183,-1.668200,17.084385,-1,2
68475,596791,2.658244,38563.790912,38563.904797,0, 0, 0, 0,-99.000000,-99.000000,-99.000000,-1,1
68475,596792,2.941822,38564.074489,38564.188374,0, 0, 0, 0,-99.000000,-99.000000,-99.000000,-1,0
68475,596793,3.077483,38564.210150,38564.324035,1, 0, 0, 1,0.267850,-8.229997,20.604952,-1,2
68475,596794,3.091270,38564.223937,38564.337822,0, 0, 0, 0,-99.000000,-99.000000,-99.000000,-1,1
68475,596795,3.119019,38564.251686,38564.365571,0, 0, 0, 0,-99.000000,-99.000000,-99.000000,-1,0
68475,596796,3.191050,38564.323717,38564.437603,1, 0, 0, 1,-3.117901,10.167963,4.786541,-1,2
68475,596797,3.467093,38564.599760,38564.713646,0, 0, 0, 0,-99.000000,-99.000000,-99.000000,-1,1
68475,596798,3.470082,38564.602748,38564.716634,1, 0, 0, 1,7.982436,-5.240701,-9.093837,-1,2
68475,596799,3.499771,38564.632437,38564.746323,1, 0, 0, 1,-6.455562,-1.428873,15.658476,-1,2
68475,596800,3.937998,38565.070664,38565.184550,1, 0, 0, 1,2.987095,1.965279,-1.636623,-1,2
68475,596801,4.306998,38565.439663,38565.553551,0, 0, 0, 0,-99.000000,-99.000000,-99.000000,-1,0
68475,596802,4.319268,38565.451933,38565.565820,1, 0, 0, 1,-0.363650,-2.406662,-5.752638,-1,2
68475,596803,4.599644,38565.732308,38565.846197,1, 0, 0, 1,-2.836479,-2.238230,-5.257013,-1,2
68475,596804,4.858256,38565.990920,38566.104809,1, 0, 0, 1,-3.467414,0.250821,-12.273700,-1,2
68475,596805,5.362076,38566.494739,38566.608629,0, 0, 0, 0,-99.000000,-99.000000,-99.000000,-1,1
68475,596806,5.422954,38566.555616,38566.669506,0, 0, 0, 0,-99.000000,-99.000000,-99.000000,-1,0
68475,596807,5.679820,38566.812482,38566.926372,0, 0, 0, 0,-99.000000,-99.000000,-99.000000,-1,1
68475,596808,6.275351,38567.408012,38567.521903,0, 0, 0, 0,-99.000000,-99.000000,-99.000000,-1,1
68475,596809,6.352121,38567.484782,38567.598673,1, 0, 0, 1,-0.153137,-0.227289,-15.625027,-1,2
68475,596810,6.819605,38567.952264,38568.066157,0, 0, 0, 0,-99.000000,-99.000000,-99.000000,-1,1
68475,596811,7.056623,38568.189282,38568.303175,1, 0, 0, 1,-7.094264,-1.474484,-16.668032,-1,2
68475,596812,7.109698,38568.242357,38568.356250,0, 0, 0, 0,-99.000000,-99.000000,-99.000000,-1,1
68475,596813,7.124912,38568.257571,38568.371464,1, 0, 0, 1,-1.484431,4.729752,-4.649756,-1,4
68475,596814,7.426128,38568.558787,38568.672681,1, 0, 0, 1,7.513539,-0.835504,-2.597802,-1,2
68475,596815,7.613535,38568.746193,38568.860087,1, 0, 0, 1,7.534268,4.518298,-3.590678,-1,2
68475,596816,7.621325,38568.753983,38568.867877,1, 0, 0, 1,-0.443059,-7.868444,-14.553067,-1,2
68475,596817,7.631030,38568.763688,38568.877582,1, 0, 0, 1,-4.613251,-3.569867,-9.427984,-1,2
68475,596818,7.794306,38568.926964,38569.040858,0, 0, 0, 0,-99.000000,-99.000000,-99.000000,-1,1
68475,596819,7.944992,38569.077650,38569.191545,0, 0, 0, 0,-99.000000,-99.000000,-99.000000,-1,1
68475,596820,7.992229,38569.124886,38569.238782,1, 0, 0, 1,-2.356139,-7.710492,7.560192,-1,2
68475,596821,8.094615,38569.227272,38569.341167,1, 0, 0, 1,6.780846,-3.651405,-9.756643,-1,2
68475,596822,8.125727,38569.258384,38569.372279,0, 0, 0, 0,-99.000000,-99.000000,-99.000000,-1,1
68475,596823,8.174755,38569.307412,38569.421307,1, 0, 0, 1,-0.848045,3.136747,-10.823526,-1,2
68475,596824,8.229932,38569.362588,38569.476484,1, 0, 0, 1,0.110766,-22.561892,-21.993574,-1,2
68475,597607,0.046753,38646.528462,38646.642513,1, 0, 0, 1,-2.318254,8.525249,-18.655840,-1,2
68475,597608,0.210815,38646.692524,38646.806575,0, 0, 0, 0,-99.000000,-99.000000,-99.000000,-1,0
68475,597609,0.256232,38646.737941,38646.851992,1, 0, 0, 1,-2.753571,0.060729,9.509798,-1,2
68475,597610,0.268113,38646.749822,38646.863873,1, 0, 0, 1,3.285344,-5.906532,17.432690,-1,2
68475,597611,0.375855,38646.857564,38646.971615,1, 0, 0, 1,-2.997519,-1.733622,-1.351056,-1,2
68475,597612,0.541776,38647.023484,38647.137536,0, 0, 0, 0,-99.000000,-99.000000,-99.000000,-1,1
68475,597613,0.543717,38647.025425,38647.139477,1, 0, 0, 1,-5.049310,-6.571940,11.538053,-1,2
68475,597614,0.861247,38647.342954,38647.457007,1, 0, 0, 1,4.686726,-5.699677,-6.859167,-1,2
68475,597615,0.878851,38647.360558,38647.474611,1, 0, 0, 1,-4.413532,9.142670,-0.714620,-1,2
68475,597616,0.913250,38647.394958,38647.509010,1, 0, 0, 1,3.699753,-4.600212,-13.714324,-1,3
68475,597617,1.165733,38647.647440,38647.761493,0, 0, 0, 0,-99.000000,-99.000000,-99.000000,-1,0
68475,597618,1.228550,38647.710257,38647.824310,0, 0, 0, 0,-99.000000,-99.000000,-99.000000,-1,0
68475,597619,1.420776,38647.902482,38648.016536,1, 0, 0, 1,-8.584154,-4.104764,19.022464,-1,2
68475,597620,1.432932,38647.914638,38648.028692,1, 0, 0, 1,4.735618,-1.290195,5.970264,-1,2
68475,597621,1.515429,38647.997135,38648.111189,0, 0, 0, 0,-99.000000,-99.000000,-99.000000,-1,1
68475,597622,1.533262,38648.014968,38648.129022,1, 0, 0, 1,-1.823418,-0.169505,0.757756,-1,2
68475,597623,1.635160,38648.116866,38648.230920,0, 0, 0, 0,-99.000000,-99.000000,-99.000000,-1,1
68475,597624,1.700053,38648.181759,38648.295813,0, 0, 0, 0,-99.000000,-99.000000,-99.000000,-1,1
68475,597625,1.799433,38648.281139,38648.395193,0, 0, 0, 0,-99.000000,-99.000000,-99.000000,-1,0
68475,597626,1.873641,38648.355347,38648.469401,1, 0, 0, 1,-6.441320,9.999981,-21.356994,-1,4
68475,597627,1.895936,38648.377642,38648.491696,0, 0, 0, 0,-99.000000,-99.000000,-99.000000,-1,1
68475,597628,1.913914,38648.395620,38648.509674,1, 0, 0, 1,-1.579370,9.583813,-17.688316,-1,2
68475,597629,2.266361,38648.748066,38648.862121,0, 0, 0, 0,-99.000000,-99.000000,-99.000000,-1,1
68475,597630,2.351771,38648.833475,38648.947531,1, 0, 0, 1,3.570627,-2.483686,-9.295523,-1,2
68475,597631,2.476663,38648.958367,38649.072423,0, 0, 0, 0,-99.000000,-99.000000,-99.000000,-1,1
68475,597632,2.679400,38649.161104,38649.275160,1, 0, 0, 1,5.940359,-2.340880,6.323162,-1,2
68475,597633,2.795519,38649.277223,38649.391279,1, 0, 0, 1,-4.565622,5.295716,-4.933714,-1,2
68475,597634,2.883806,38649.365510,38649.479566,1, 0, 0, 1,-3.405489,-2.386939,0.662631,-1,2
68475,597635,2.951983,38649.433687,38649.547743,1, 0, 0, 1,-4.788252,-6.624755,1.653875,-1,2
68475,597636,2.978003,38649.459706,38649.573763,0, 0, 0, 0,-99.000000,-99.000000,-99.000000,-1,1
68475,597637,3.010858,38649.492561,38649.606618,1, 0, 0, 1,3.009201,6.757715,15.853794,-1,2
68475,597638,3.237246,38649.718949,38649.833006,1, 0, 0, 1,-5.023535,-2.556405,-10.517889,-1,2
68475,597639,3.401001,38649.882704,38649.996761,1, 0, 0, 1,7.304643,4.232709,14.440581,-1,2
68475,597640,3.404902,38649.886605,38650.000662,0, 0, 0, 0,-99.000000,-99.000000,-99.000000,-1,1
68475,597641,3.462780,38649.944482,38650.058540,0, 0, 0, 0,-99.000000,-99.000000,-99.000000,-1,1
68475,597642,3.796553,38650.278255,38650.392313,1, 0, 0, 1,-3.188706,0.998035,12.360068,-1,2
68475,597643,3.816600,38650.298302,38650.412360,1, 0, 0, 1,3.447011,-8.630864,-6.162086,-1,2
68475,597644,3.947382,38650.429083,38650.543142,0, 0, 0, 0,-99.000000,-99.000000,-99.000000,-1,1
68475,597645,3.979942,38650.461643,38650.575702,1, 0, 0, 1,0.883827,9.999990,10.287669,-1,3
68475,597646,4.118415,38650.600116,38650.714175,1, 0, 0, 1,-6.246205,-3.340917,3.513331,-1,4
68475,597647,4.244051,38650.725752,38650.839811,1, 0, 0, 1,3.130637,0.486754,-5.333903,-1,2
68475,597648,4.484453,38650.966153,38651.080213,0, 0, 0, 0,-99.000000,-99.000000,-99.000000,-1,1
68475,597649,4.529839,38651.011539,38651.125599,1, 0, 0, 1,-0.511919,10.476516,18.626110,-1,2
68475,597650,4.560459,38651.042160,38651.156219,1, 0, 0, 1,-4.464052,1.644330,21.203347,-1,2
68475,597651,4.725182,38651.206882,38651.320942,1, 0, 0, 1,-0.173209,-5.506243,15.091493,-1,2
68475,597652,4.860624,38651.342324,38651.456384,0, 0, 0, 0,-99.000000,-99.000000,-99.000000,-1,0
68475,597653,4.957338,38651.439038,38651.553098,1, 0, 0, 1,-0.266700,10.158804,-14.488082,-1,2
68475,597654,5.017218,38651.498917,38651.612978,1, 0, 0, 1,0.991588,0.675038,-2.575811,-1,2
68475,597655,5.103830,38651.585529,38651.699590,1, 0, 0, 1,1.807435,-1.978125,10.979190,-1,2
68475,597656,5.168253,38651.649952,38651.764013,0, 0, 0, 0,-99.000000,-99.000000,-99.000000,-1,1
68475,597657,5.252193,38651.733892,38651.847953,1, 0, 0, 1,-3.450296,-7.785389,-22.361370,-1,2
68475,597658,5.276723,38651.758422,38651.872483,1, 0, 0, 1,6.835789,0.258322,12.827513,-1,2
68475,597659,5.326072,38651.807771,38651.921832,1, 0, 0, 1,-6.172690,2.726424,-2.446159,-1,2
68475,597660,5.405442,38651.887140,38652.001202,1, 0, 0, 1,1.849001,1.997969,-15.887590,-1,2
68475,597661,5.420318,38651.902016,38652.016078,0, 0, 0, 0,-99.000000,-99.000000,-99.000000,-1,0
68475,597662,5.457440,38651.939138,38652.053200,0, 0, 0, 0,-99.000000,-99.000000,-99.000000,-1,1
68475,597663,5.570592,38652.052290,38652.166352,1, 0, 0, 1,-8.092679,1.174393,20.366331,-1,2
68475,597664,5.660668,38652.142366,38652.256428,0, 0, 0, 0,-99.000000,-99.000000,-99.000000,-1,1
68475,597665,5.764948,38652.246646,38652.360708,0, 0, 0, 0,-99.000000,-99.000000,-99.000000,-1,1
68475,597666,5.773907,38652.255605,38652.369667,0, 0, 0, 0,-99.000000,-99.000000,-99.000000,-1,1
68475,597667,5.822447,38652.304144,38652.418207,0, 0, 0, 0,-99.000000,-99.000000,-99.000000,-1,1
68475,597668,6.093936,38652.575633,38652.689696,1, 0, 0, 1,7.040948,-0.978298,-11.193278,-1,2
68475,597669,6.109829,38652.591526,38652.705589,1, 0, 0, 1,-5.413052,0.806729,-6.478339,-1,2
68475,597670,6.189537,38652.671234,38652.785297,0, 0, 0, 0,-99.000000,-99.000000,-99.000000,-1,1
68475,597671,6.415981,38652.897677,38653.011741,0, 0, 0, 0,-99.000000,-99.000000,-99.000000,-1,0
68475,597672,6.469524,38652.951220,38653.065284,0, 0, 0, 0,-99.000000,-99.000000,-99.000000,-1,0
68475,597673,6.486706,38652.968402,38653.082466,0, 0, 0, 0,-99.000000,-99.000000,-99.000000,-1,1
68475,597674,6.610079,38653.091775,38653.205839,0, 0, 0, 0,-99.000000,-99.000000,-99.000000,-1,1
68475,597675,6.716873,38653.198569,38653.312633,0, 0, 0, 0,-99.000000,-99.000000,-99.000000,-1,1
68475,597676,6.847667,38653.329362,38653.443427,0, 0, 0, 0,-99.000000,-99.000000,-99.000000,-1,1
68475,597677,6.874057,38653.355752,38653.469817,0, 0, 0, 0,-99.000000,-99.000000,-99.000000,-1,1
68475,597678,6.991270,38653.472965,38653.587030,0, 0, 0, 0,-99.000000,-99.000000,-99.000000,-1,1
68475,597679,7.024586,38653.506281,38653.620346,0, 0, 0, 0,-99.000000,-99.000000,-99.000000,-1,0
68475,597680,7.124057,38653.605752,38653.719817,1, 0, 0, 1,2.053452,4.762995,-16.727518,-1,2
68475,597681,7.207212,38653.688907,38653.802972,1, 0, 0, 1,1.936290,-1.316780,-8.404211,-1,2
68475,597682,7.311905,38653.793599,38653.907665,0, 0, 0, 0,-99.000000,-99.000000,-99.000000,-1,1
68475,597683,7.406285,38653.887979,38654.002045,1, 0, 0, 1,-0.712692,3.970644,-13.787149,-1,2
68475,597684,7.420438,38653.902132,38654.016198,1, 0, 0, 1,3.621348,-2.222508,-2.392916,-1,2
68475,597685,7.634194,38654.115888,38654.229954,1, 0, 0, 1,3.695721,-3.957430,-11.658445,-1,2
68475,597686,7.804942,38654.286636,38654.400702,1, 0, 0, 1,-6.149138,7.958092,14.878085,-1,2
68475,597687,7.818446,38654.300139,38654.414206,1, 0, 0, 1,-7.289632,4.798877,-20.360626,-1,5
68475,597688,7.842329,38654.324023,38654.438089,1, 0, 0, 1,-6.798872,-3.170507,-19.331859,-1,2
68475,597689,8.006849,38654.488542,38654.602609,0, 0, 0, 0,-99.000000,-99.000000,-99.000000,-1,0
68475,597690,8.057850,38654.539543,38654.653610,1, 0, 0, 1,-6.604071,-3.446174,1.302242,-1,2
68475,597691,8.116589,38654.598282,38654.712349,0, 0, 0, 0,-99.000000,-99.000000,-99.000000,-1,1
68475,598454,0.050804,38731.884041,38731.998264,0, 0, 0, 0,-99.000000,-99.000000,-99.000000,-1,1
68475,598455,0.082683,38731.915920,38732.030143,1, 0, 0, 1,-3.217215,7.589083,-13.389847,-1,2
68475,598456,0.299662,38732.132899,38732.247122,0, 0, 0, 0,-99.000000,-99.000000,-99.000000,-1,1
68475,598457,0.338585,38732.171822,38732.286045,1, 0, 0, 1,-6.298917,1.078321,15.463711,-1,2
68475,598458,0.405857,38732.239094,38732.353317,1, 0, 0, 1,-5.622665,-2.256425,-4.051397,-1,2
68475,598459,0.684517,38732.517753,38732.631977,0, 0, 0, 0,-99.000000,-99.000000,-99.000000,-1,1
68475,598460,0.685203,38732.518439,38732.632663,1, 0, 0, 1,1.815304,-0.662444,12.710980,-1,2
68475,598461,0.707561,38732.540797,38732.655021,1, 0, 0, 1,3.218799,-8.754763,11.353299,-1,2
68475,598462,1.324132,38733.157367,38733.271592,1, 0, 0, 1,2.029354,-0.337110,5.334815,-1,2
68475,598463,1.485726,38733.318960,38733.433186,1, 0, 0, 1,-7.856204,-0.591102,-11.712767,-1,2
68475,598464,1.523389,38733.356624,38733.470849,1, 0, 0, 1,9.050198,1.053663,13.479466,-1,2
68475,598465,1.617557,38733.450791,38733.565017,0, 0, 0, 0,-99.000000,-99.000000,-99.000000,-1,1
68475,598466,1.782334,38733.615568,38733.729794,1, 0, 0, 1,3.958366,-4.497636,-8.949909,-1,4
68475,598467,1.867047,38733.700281,38733.814507,1, 0, 0, 1,-3.674653,-10.126873,13.323622,-1,2
68475,598468,2.149114,38733.982347,38734.096574,0, 0, 0, 0,-99.000000,-99.000000,-99.000000,-1,1
68475,598469,2.440037,38734.273270,38734.387497,1, 0, 0, 1,-4.688913,-1.773216,3.312856,-1,2
68475,598470,2.530859,38734.364091,38734.478319,0, 0, 0, 0,-99.000000,-99.000000,-99.000000,-1,0
68475,598471,2.569459,38734.402691,38734.516919,1, 0, 0, 1,-4.412720,1.128970,-15.920051,-1,2
68475,598472,2.711853,38734.545085,38734.659313,1, 0, 0, 1,-2.222419,3.570121,6.592682,-1,2
68475,598473,2.854953,38734.688184,38734.802413,1, 0, 0, 1,0.173568,0.467039,-7.727729,-1,2
68475,598474,2.879369,38734.712601,38734.826829,0, 0, 0, 0,-99.000000,-99.000000,-99.000000,-1,1
68475,598475,2.966658,38734.799890,38734.914118,1, 0, 0, 1,7.072929,3.690715,12.629995,-1,2
68475,598476,3.059536,38734.892768,38735.006996,1, 0, 0, 1,5.825099,2.669095,-8.799374,-1,2
68475,598477,3.074694,38734.907926,38735.022155,1, 0, 0, 1,1.270703,0.185532,9.899840,-1,2
68475,598478,3.192061,38735.025292,38735.139521,0, 0, 0, 0,-99.000000,-99.000000,-99.000000,-1,1
68475,598479,3.316833,38735.150064,38735.264293,1, 0, 0, 1,-3.434462,8.778717,10.384701,-1,2
68475,598480,3.408694,38735.241925,38735.356155,1, 0, 0, 1,0.202013,-0.354692,-0.108274,-1,2
68475,598481,3.522868,38735.356098,38735.470328,0, 0, 0, 0,-99.000000,-99.000000,-99.000000,-1,1
68475,598482,3.622657,38735.455887,38735.570117,1, 0, 0, 1,-5.084641,-1.734758,-7.902372,-1,2
68475,598483,3.625081,38735.458312,38735.572542,1, 0, 0, 1,-7.899020,2.122220,-4.510947,-1,2
68475,598484,3.912338,38735.745568,38735.859798,1, 0, 0, 1,-2.664056,-2.681948,-17.021242,-1,2
68475,598485,3.948201,38735.781431,38735.895661,1, 0, 0, 1,5.762492,-5.372358,5.653056,-1,2
68475,598486,4.048027,38735.881256,38735.995487,1, 0, 0, 1,7.803421,-1.346414,17.125830,-1,2
68475,598487,4.105912,38735.939142,38736.053373,0, 0, 0, 0,-99.000000,-99.000000,-99.000000,-1,1
68475,598488,4.121519,38735.954748,38736.068979,0, 0, 0, 0,-99.000000,-99.000000,-99.000000,-1,1
68475,598489,4.224569,38736.057798,38736.172029,1, 0, 0, 1,-0.365813,4.149653,-17.736636,-1,2
68475,598490,4.260709,38736.093938,38736.208169,1, 0, 0, 1,-5.590380,5.124441,11.135529,-1,2
68475,598491,4.427748,38736.260977,38736.375208,0, 0, 0, 0,-99.000000,-99.000000,-99.000000,-1,1
68475,598492,4.452325,38736.285553,38736.399785,1, 0, 0, 1,2.339718,-0.414481,-4.787732,-1,2
68475,598493,4.461992,38736.295221,38736.409452,1, 0, 0, 1,3.687594,16.559744,-13.967972,-1,2
68475,598494,4.472133,38736.305362,38736.419593,1, 0, 0, 1,-0.887542,7.908876,16.536569,-1,2
68475,598495,4.535378,38736.368606,38736.482838,0, 0, 0, 0,-99.000000,-99.000000,-99.000000,-1,1
68475,598496,4.657144,38736.490372,38736.604604,1, 0, 0, 1,8.150796,-0.158728,-2.178758,-1,2
68475,598497,4.922994,38736.756222,38736.870454,0, 0, 0, 0,-99.000000,-99.000000,-99.000000,-1,1
68475,598498,5.525597,38737.358823,38737.473057,1, 0, 0, 1,4.207144,6.137256,-11.595921,-1,2
68475,598499,5.554280,38737.387507,38737.501741,0, 0, 0, 0,-99.000000,-99.000000,-99.000000,-1,1
68475,598500,5.932960,38737.766186,38737.880420,0, 0, 0, 0,-99.000000,-99.000000,-99.000000,-1,1
68475,598501,6.098914,38737.932139,38738.046374,0, 0, 0, 0,-99.000000,-99.000000,-99.000000,-1,1
68475,598502,6.119434,38737.952659,38738.066894,1, 0, 0, 1,-2.072152,-3.175555,-13.672942,-1,2
68475,598503,6.215998,38738.049223,38738.163458,1, 0, 0, 1,-3.096841,2.540265,1.270429,-1,2
68475,598504,6.232855,38738.066080,38738.180315,1, 0, 0, 1,3.736814,-4.841030,-5.745213,-1,2
68475,598505,6.240669,38738.073894,38738.188129,1, 0, 0, 1,-0.121607,-1.898628,14.594677,-1,2
68475,598506,6.553775,38738.386999,38738.501235,1, 0, 0, 1,-4.126509,-0.743643,9.020854,-1,2
68475,598507,6.869540,38738.702764,38738.817000,0, 0, 0, 0,-99.000000,-99.000000,-99.000000,-1,1
68475,598508,6.888695,38738.721919,38738.836155,0, 0, 0, 0,-99.000000,-99.000000,-99.000000,-1,1
68475,598509,6.942522,38738.775746,38738.889982,0, 0, 0, 0,-99.000000,-99.000000,-99.000000,-1,0
68475,598510,6.967878,38738.801101,38738.915338,0, 0, 0, 0,-99.000000,-99.000000,-99.000000,-1,1
68475,598511,7.008590,38738.841814,38738.956050,1, 0, 0, 1,2.088201,5.736012,-18.509143,-1,2
68475,598512,7.199646,38739.032869,38739.147106,1, 0, 0, 1,-6.271516,-7.247345,11.693281,-1,2
68475,598513,7.238065,38739.071288,38739.185525,1, 0, 0, 1,8.785265,-2.462091,-15.855550,-1,2
68475,598514,7.249307,38739.082530,38739.196767,0, 0, 0, 0,-99.000000,-99.000000,-99.000000,-1,1
68475,598515,7.264930,38739.098153,38739.212390,0, 0, 0, 0,-99.000000,-99.000000,-99.000000,-1,0
68475,598516,7.292876,38739.126099,38739.240336,1, 0, 0, 1,7.724701,-0.593459,-13.773914,-1,2
68475,598517,7.828769,38739.661990,38739.776229,1, 0, 0, 1,-7.829802,-2.298773,4.452433,-1,2
68475,598518,7.985336,38739.818558,38739.932796,1, 0, 0, 1,-0.142151,1.467187,-12.375470,-1,2
68475,598519,8.053920,38739.887141,38740.001380,1, 0, 0, 1,0.357626,0.461098,5.646093,-1,2
68475,598520,8.071770,38739.904992,38740.019231,1, 0, 0, 1,0.619878,-6.930827,10.427675,-1,2
68475,598521,8.357228,38740.190449,38740.304688,0, 0, 0, 0,-99.000000,-99.000000,-99.000000,-1,0
68475,598522,8.551540,38740.384760,38740.499000,1, 0, 0, 1,-4.345423,-6.057064,6.601076,-1,2
68475,598523,8.591135,38740.424355,38740.538595,1, 0, 0, 1,-4.306334,11.002096,22.274661,-1,2
68475,598524,8.592998,38740.426219,38740.540459,0, 0, 0, 0,-99.000000,-99.000000,-99.000000,-1,1
68475,598525,8.608821,38740.442041,38740.556281,0, 0, 0, 0,-99.000000,-99.000000,-99.000000,-1,1
68475,598526,8.695324,38740.528544,38740.642784,1, 0, 0, 1,7.644648,3.232346,12.347030,-1,2
68475,598527,8.721449,38740.554669,38740.668909,0, 0, 0, 0,-99.000000,-99.000000,-99.000000,-1,1
68475,598528,8.862978,38740.696197,38740.810438,1, 0, 0, 1,6.970661,1.754363,4.127422,-1,2
68475,598529,9.063390,38740.896609,38741.010850,1, 0, 0, 1,-2.441644,-0.224302,-7.144008,-1,2
68475,598530,9.098655,38740.931875,38741.046115,1, 0, 0, 1,-5.256674,2.350095,11.702826,-1,2
68475,598531,9.102686,38740.935905,38741.050146,0, 0, 0, 0,-99.000000,-99.000000,-99.000000,-1,1
68475,598532,9.113890,38740.947109,38741.061350,0, 0, 0, 0,-99.000000,-99.000000,-99.000000,-1,1
68475,598533,9.416376,38741.249595,38741.363837,1, 0, 0, 1,-2.044371,-4.906442,9.739466,-1,2
68475,598534,9.474864,38741.308083,38741.422324,0, 0, 0, 0,-99.000000,-99.000000,-99.000000,-1,1
68475,598535,9.536298,38741.369517,38741.483759,1, 0, 0, 1,5.253929,-8.262946,-13.025095,-1,3
68475,598536,9.647186,38741.480404,38741.594646,0, 0, 0, 0,-99.000000,-99.000000,-99.000000,-1,1
68475,598537,9.668522,38741.501740,38741.615982,1, 0, 0, 1,-2.046106,3.474752,-0.009481,-1,2
68475,598538,9.693876,38741.527094,38741.641336,0, 0, 0, 0,-99.000000,-99.000000,-99.000000,-1,0
68475,598539,9.699698,38741.532916,38741.647158,0, 0, 0, 0,-99.000000,-99.000000,-99.000000,-1,0
68475,598540,9.792330,38741.625548,38741.739790,0, 0, 0, 0,-99.000000,-99.000000,-99.000000,-1,1
68475,598541,9.859366,38741.692584,38741.806826,1, 0, 0, 1,-0.607344,-3.531220,14.665196,-1,2
68475,598542,9.992785,38741.826003,38741.940245,1, 0, 0, 1,2.199424,-1.915326,-5.964421,-1,2
68475,598543,10.075966,38741.909184,38742.023427,1, 0, 0, 1,-4.019152,-2.357363,-2.595632,-1,2
68475,598544,10.146303,38741.979521,38742.093763,1, 0, 0, 1,-1.279741,-2.897638,10.394508,-1,3
68475,598545,10.185520,38742.018737,38742.132980,1, 0, 0, 1,0.074881,-8.969146,-13.029660,-1,2
68475,598546,10.236041,38742.069258,38742.183501,1, 0, 0, 1,1.140371,0.159511,-13.204501,-1,2
68475,598547,10.482922,38742.316138,38742.430382,0, 0, 0, 0,-99.000000,-99.000000,-99.000000,-1,0
68475,598548,10.521010,38742.354226,38742.468470,0, 0, 0, 0,-99.000000,-99.000000,-99.000000,-1,1
68475,598549,10.522509,38742.355726,38742.469970,1, 0, 0, 1,-3.785992,-8.302599,16.236776,-1,2
68475,598550,10.648448,38742.481664,38742.595908,1, 0, 0, 1,4.706662,4.682026,1.977944,-1,3
68475,598551,10.744003,38742.577219,38742.691463,1, 0, 0, 1,5.123720,2.873718,0.922148,-1,2
68475,598552,10.809102,38742.642318,38742.756562,1, 0, 0, 1,7.589979,-1.090709,-19.350927,-1,2
68475,598553,10.889657,38742.722873,38742.837117,0, 0, 0, 0,-99.000000,-99.000000,-99.000000,-1,1
68475,598554,10.927839,38742.761054,38742.875299,0, 0, 0, 0,-99.000000,-99.000000,-99.000000,-1,0
68475,598555,11.197927,38743.031142,38743.145387,1, 0, 0, 1,-3.233424,9.553108,14.328041,-1,2
68475,598556,11.264913,38743.098128,38743.212373,1, 0, 0, 1,-1.292953,-0.474412,-1.548987,-1,2
68475,598557,11.600394,38743.433609,38743.547854,0, 0, 0, 0,-99.000000,-99.000000,-99.000000,-1,1
68475,598558,11.610053,38743.443268,38743.557513,0, 0, 0, 0,-99.000000,-99.000000,-99.000000,-1,0
68475,598559,11.623004,38743.456218,38743.570464,0, 0, 0, 0,-99.000000,-99.000000,-99.000000,-1,0
68475,598560,11.676653,38743.509867,38743.624113,1, 0, 0, 1,-7.150735,-4.413992,-17.641583,-1,2
68475,598561,11.765945,38743.599159,38743.713405,0, 0, 0, 0,-99.000000,-99.000000,-99.000000,-1,0
68475,598562,11.808278,38743.641492,38743.755739,1, 0, 0, 1,1.540521,-3.069331,-6.560358,-1,2
68475,598563,11.821110,38743.654324,38743.768570,0, 0, 0, 0,-99.000000,-99.000000,-99.000000,-1,1
68475,598564,11.868478,38743.701692,38743.815938,1, 0, 0, 1,0.056449,0.519005,-3.751911,-1,2
68475,598565,11.967372,38743.800585,38743.914832,0, 0, 0, 0,-99.000000,-99.000000,-99.000000,-1,1
68475,598566,12.099652,38743.932865,38744.047112,1, 0, 0, 1,-4.133183,7.845929,6.601891,-1,2
68475,598567,12.135202,38743.968415,38744.082662,0, 0, 0, 0,-99.000000,-99.000000,-99.000000,-1,1
68475,598568,12.155298,38743.988511,38744.102758,1, 0, 0, 1,-3.527280,0.304476,-15.207507,-1,2
68475,598569,12.162161,38743.995374,38744.109621,1, 0, 0, 1,4.216427,5.964413,-17.668050,-1,2
68475,598570,12.295598,38744.128811,38744.243058,1, 0, 0, 1,-2.921531,1.959093,-4.910355,-1,2
68475,598571,12.333770,38744.166982,38744.281230,1, 0, 0, 1,8.534509,0.258599,-8.045280,-1,2
68475,598572,12.400358,38744.233571,38744.347818,1, 0, 0, 1,2.150226,3.482201,-8.414932,-1,2
68475,598573,12.400954,38744.234167,38744.348414,1, 0, 0, 1,-7.239487,3.372222,-13.979260,-1,2
68475,598574,12.457229,38744.290441,38744.404689,1, 0, 0, 1,3.602779,4.046325,-16.741980,-1,2
68475,598575,12.495739,38744.328951,38744.443199,0, 0, 0, 0,-99.000000,-99.000000,-99.000000,-1,1
68475,598576,12.770451,38744.603663,38744.717911,1, 0, 0, 1,-3.046820,-2.626162,1.258646,-1,2
68475,598577,12.925585,38744.758797,38744.873045,1, 0, 0, 1,-6.832532,3.712650,-6.314886,-1,2
68475,598578,13.021893,38744.855104,38744.969353,0, 0, 0, 0,-99.000000,-99.000000,-99.000000,-1,1
68475,598579,13.051738,38744.884949,38744.999198,0, 0, 0, 0,-99.000000,-99.000000,-99.000000,-1,1
68475,598580,13.146355,38744.979567,38745.093815,0, 0, 0, 0,-99.000000,-99.000000,-99.000000,-1,0
68475,598581,13.317667,38745.150878,38745.265127,0, 0, 0, 0,-99.000000,-99.000000,-99.000000,-1,0
68475,598582,13.927420,38745.760630,38745.874880,0, 0, 0, 0,-99.000000,-99.000000,-99.000000,-1,0
68475,598583,13.948037,38745.781246,38745.895497,0, 0, 0, 0,-99.000000,-99.000000,-99.000000,-1,1
68475,598584,14.252743,38746.085952,38746.200203,1, 0, 0, 1,2.173423,-2.000142,-1.013483,-1,2
68475,598585,14.319252,38746.152461,38746.266712,0, 0, 0, 0,-99.000000,-99.000000,-99.000000,-1,1
68475,598586,14.347419,38746.180628,38746.294879,0, 0, 0, 0,-99.000000,-99.000000,-99.000000,-1,1
68475,598587,14.372969,38746.206177,38746.320429,0, 0, 0, 0,-99.000000,-99.000000,-99.000000,-1,1
68475,598588,14.691374,38746.524582,38746.638834,1, 0, 0, 1,4.784891,4.449078,22.402439,-1,2
68475,598589,14.841474,38746.674682,38746.788934,0, 0, 0, 0,-99.000000,-99.000000,-99.000000,-1,1
68475,598590,14.870505,38746.703712,38746.817965,1, 0, 0, 1,-3.827119,-7.084774,-1.968885,-1,2
68475,598591,15.223958,38747.057165,38747.171419,0, 0, 0, 0,-99.000000,-99.000000,-99.000000,-1,1
68475,598592,15.227356,38747.060563,38747.174816,1, 0, 0, 1,-1.764329,4.369382,-5.404423,-1,2
68475,598593,15.302085,38747.135292,38747.249545,0, 0, 0, 0,-99.000000,-99.000000,-99.000000,-1,1
68475,598594,15.352778,38747.185985,38747.300238,0, 0, 0, 0,-99.000000,-99.000000,-99.000000,-1,1
68475,598595,15.593296,38747.426502,38747.540756,0, 0, 0, 0,-99.000000,-99.000000,-99.000000,-1,1
68475,598596,15.621943,38747.455149,38747.569403,1, 0, 0, 1,-4.869345,2.985314,-13.309767,-1,2
68475,598597,15.676777,38747.509983,38747.624237,1, 0, 0, 1,3.466588,10.181309,-4.432139,-1,2
68475,598598,15.816964,38747.650170,38747.764425,0, 0, 0, 0,-99.000000,-99.000000,-99.000000,-1,1
68475,598599,16.192979,38748.026184,38748.140439,1, 0, 0, 1,-5.225123,9.999981,-16.471974,-1,5
68475,598600,16.247355,38748.080560,38748.194815,0, 0, 0, 0,-99.000000,-99.000000,-99.000000,-1,1
68475,598601,16.292786,38748.125991,38748.240246,0, 0, 0, 0,-99.000000,-99.000000,-99.000000,-1,1
68475,598602,16.410756,38748.243961,38748.358217,0, 0, 0, 0,-99.000000,-99.000000,-99.000000,-1,0
68475,598603,16.452231,38748.285435,38748.399691,1, 0, 0, 1,4.760405,6.629282,11.494053,-1,2
68475,598604,16.493410,38748.326614,38748.440870,1, 0, 0, 1,-4.017040,-1.667990,3.753624,-1,2
68475,598605,16.532748,38748.365953,38748.480208,0, 0, 0, 0,-99.000000,-99.000000,-99.000000,-1,1
68475,598606,16.543759,38748.376963,38748.491219,1, 0, 0, 1,-7.166200,-1.271476,-2.976716,-1,2
68475,598607,16.602645,38748.435850,38748.550106,1, 0, 0, 1,-7.107977,0.041327,-14.348149,-1,2
68475,598608,17.306944,38749.140147,38749.254404,1, 0, 0, 1,-0.386470,7.517824,1.093928,-1,2
68475,598609,17.331552,38749.164754,38749.279012,1, 0, 0, 1,-6.355791,-3.090718,-4.258072,-1,2
68475,598610,17.337611,38749.170814,38749.285071,1, 0, 0, 1,6.136820,3.665744,-7.690582,-1,2
68475,598611,17.345285,38749.178488,38749.292746,0, 0, 0, 0,-99.000000,-99.000000,-99.000000,-1,1
68475,598612,17.388955,38749.222158,38749.336415,1, 0, 0, 1,-8.623811,5.460529,4.805600,-1,2
68475,598613,17.415530,38749.248733,38749.362991,1, 0, 0, 1,3.454383,-7.084852,21.320194,-1,2
68475,598614,17.607831,38749.441033,38749.555291,0, 0, 0, 0,-99.000000,-99.000000,-99.000000,-1,0
68475,598615,17.613550,38749.446752,38749.561010,0, 0, 0, 0,-99.000000,-99.000000,-99.000000,-1,1
68475,598616,17.700424,38749.533626,38749.647884,0, 0, 0, 0,-99.000000,-99.000000,-99.000000,-1,1
68475,598617,17.966186,38749.799387,38749.913646,1, 0, 0, 1,2.661670,5.788227,6.686229,-1,2
68475,598618,18.137983,38749.971184,38750.085443,0, 0, 0, 0,-99.000000,-99.000000,-99.000000,-1,1
68475,598619,18.181867,38750.015068,38750.129327,1, 0, 0, 1,4.755130,-4.237913,-18.590563,-1,2
68475,598620,18.279974,38750.113175,38750.227434,0, 0, 0, 0,-99.000000,-99.000000,-99.000000,-1,0
68475,598621,18.309139,38750.142340,38750.256599,0, 0, 0, 0,-99.000000,-99.000000,-99.000000,-1,1
68475,598622,18.367104,38750.200304,38750.314564,0, 0, 0, 0,-99.000000,-99.000000,-99.000000,-1,1
68475,598623,18.645604,38750.478804,38750.593064,1, 0, 0, 1,2.743986,3.773018,-21.073746,-1,2
68475,598624,18.784641,38750.617841,38750.732101,1, 0, 0, 1,2.464226,6.919029,19.123159,-1,2
68475,598625,18.868365,38750.701565,38750.815825,1, 0, 0, 1,0.743801,-0.849959,22.100381,-1,3
68475,598626,18.914227,38750.747427,38750.861687,0, 0, 0, 0,-99.000000,-99.000000,-99.000000,-1,1
68475,598627,18.994227,38750.827426,38750.941687,0, 0, 0, 0,-99.000000,-99.000000,-99.000000,-1,1
68475,598628,19.185219,38751.018418,38751.132679,1, 0, 0, 1,4.507178,-3.622668,-1.445951,-1,2
68475,598629,19.244758,38751.077957,38751.192218,0, 0, 0, 0,-99.000000,-99.000000,-99.000000,-1,1
68475,598630,19.297966,38751.131165,38751.245426,1, 0, 0, 1,-4.529557,-3.167632,-18.156061,-1,2
68475,598631,19.359424,38751.192622,38751.306884,1, 0, 0, 1,-0.448902,3.495389,21.861985,-1,2
68475,598632,19.391147,38751.224346,38751.338607,1, 0, 0, 1,0.275835,-1.915570,-16.738551,-1,2
68475,598633,19.584503,38751.417701,38751.531963,0, 0, 0, 0,-99.000000,-99.000000,-99.000000,-1,1
68475,598634,19.611922,38751.445120,38751.559382,1, 0, 0, 1,11.196264,26.288809,7.606966,-1,2
68475,598635,19.726480,38751.559678,38751.673940,0, 0, 0, 0,-99.000000,-99.000000,-99.000000,-1,0
68475,598636,19.748744,38751.581942,38751.696204,1, 0, 0, 1,6.065868,2.520327,4.432139,-1,2
68475,598637,19.802008,38751.635206,38751.749468,0, 0, 0, 0,-99.000000,-99.000000,-99.000000,-1,0
68475,598638,19.802128,38751.635326,38751.749589,0, 0, 0, 0,-99.000000,-99.000000,-99.000000,-1,0
68475,598639,19.916843,38751.750041,38751.864303,1, 0, 0, 1,2.447030,6.291401,15.837985,-1,2
68475,598640,19.948490,38751.781687,38751.895950,1, 1, 0, 1,-2.592001,-1.979324,-19.458146,-1,2
68475,598641,20.107403,38751.940600,38752.054863,0, 0, 0, 0,-99.000000,-99.000000,-99.000000,-1,1
68475,598642,20.168918,38752.002115,38752.116378,1, 0, 0, 1,-5.290619,-5.079065,16.966872,-1,5
68475,598643,20.413194,38752.246391,38752.360654,1, 0, 0, 1,1.777277,5.260787,-20.595316,-1,2
68475,598644,20.456545,38752.289742,38752.404005,1, 0, 0, 1,-4.349473,-6.291378,13.123048,-1,2
68475,598645,20.483553,38752.316749,38752.431013,1, 0, 0, 1,0.307670,-8.284331,-13.215480,-1,2
68475,598646,20.515044,38752.348241,38752.462504,0, 0, 0, 0,-99.000000,-99.000000,-99.000000,-1,1
68475,598647,20.598989,38752.432185,38752.546449,1, 0, 0, 1,-4.116178,2.104782,-0.242746,-1,2
68475,598648,20.613951,38752.447147,38752.561411,0, 0, 0, 0,-99.000000,-99.000000,-99.000000,-1,0
68475,598649,20.785352,38752.618548,38752.732812,0, 0, 0, 0,-99.000000,-99.000000,-99.000000,-1,1
68475,598650,21.495148,38753.328343,38753.442609,1, 0, 0, 1,12.523353,-11.706369,-13.052817,-1,2
68475,598651,21.513034,38753.346228,38753.460494,1, 0, 0, 1,6.681126,-1.478688,10.205638,-1,2
68475,598652,21.662706,38753.495900,38753.610166,1, 0, 0, 1,7.326469,-0.116284,8.028307,-1,2
68475,598653,21.765142,38753.598336,38753.712602,0, 0, 0, 0,-99.000000,-99.000000,-99.000000,-1,1
68475,598654,21.863204,38753.696398,38753.810664,1, 0, 0, 1,-3.923232,6.549933,7.942320,-1,2
68475,598655,22.010361,38753.843554,38753.957821,1, 0, 0, 1,5.354379,3.129682,-21.111158,-1,4
68475,598656,22.036577,38753.869771,38753.984038,0, 0, 0, 0,-99.000000,-99.000000,-99.000000,-1,0
68475,598657,22.170594,38754.003787,38754.118054,1, 0, 0, 1,-7.442135,-0.057602,-20.810674,-1,2
68475,598658,22.300282,38754.133475,38754.247742,0, 0, 0, 0,-99.000000,-99.000000,-99.000000,-1,1
68475,598659,22.345022,38754.178214,38754.292482,1, 0, 0, 1,-6.742911,-2.693927,-19.305293,-1,2
68475,598660,22.503668,38754.336860,38754.451128,0, 0, 0, 0,-99.000000,-99.000000,-99.000000,-1,1
68475,598661,22.543710,38754.376902,38754.491170,0, 0, 0, 0,-99.000000,-99.000000,-99.000000,-1,1
68475,598662,22.556873,38754.390066,38754.504334,0, 0, 0, 0,-99.000000,-99.000000,-99.000000,-1,1
68475,598663,22.683505,38754.516697,38754.630965,0, 0, 0, 0,-99.000000,-99.000000,-99.000000,-1,1
68475,598664,22.767873,38754.601065,38754.715333,1, 0, 0, 1,4.803988,4.484661,-7.135321,-1,2
68475,598665,22.799832,38754.633023,38754.747292,1, 0, 0, 1,-1.259517,-2.157377,3.715222,-1,2
68475,598666,22.887504,38754.720696,38754.834964,0, 0, 0, 0,-99.000000,-99.000000,-99.000000,-1,1
68475,598667,22.917976,38754.751168,38754.865437,0, 0, 0, 0,-99.000000,-99.000000,-99.000000,-1,1
68475,598668,22.999049,38754.832240,38754.946509,1, 0, 0, 1,-15.058912,1.611077,5.801442,-1,2
68475,598669,23.239000,38755.072191,38755.186460,0, 0, 0, 0,-99.000000,-99.000000,-99.000000,-1,0
68475,598670,23.477933,38755.311124,38755.425393,1, 0, 0, 1,-3.050925,6.162872,-9.899335,-1,2
68475,598671,23.706937,38755.540127,38755.654397,1, 0, 0, 1,-3.484561,-0.713438,-11.290946,-1,2
68475,598672,23.727363,38755.560553,38755.674823,0, 0, 0, 0,-99.000000,-99.000000,-99.000000,-1,1
68475,598673,23.734812,38755.568002,38755.682272,1, 0, 0, 1,7.856028,-1.298577,-19.292151,-1,2
68475,598674,23.735839,38755.569029,38755.683299,1, 0, 0, 1,-3.635032,5.463579,-7.196874,-1,2
68475,598675,23.763760,38755.596949,38755.711220,0, 0, 0, 0,-99.000000,-99.000000,-99.000000,-1,0
68475,598676,23.820652,38755.653842,38755.768112,1, 0, 0, 1,-6.370245,4.575101,9.920807,-1,2
68475,598677,23.834070,38755.667259,38755.781530,0, 0, 0, 0,-99.000000,-99.000000,-99.000000,-1,1
68475,598678,23.856733,38755.689923,38755.804193,1, 0, 0, 1,-7.353742,2.794702,-17.302843,-1,2
68475,598679,23.975437,38755.808626,38755.922897,1, 0, 0, 1,5.735296,-3.000434,-17.364547,-1,2
68475,598680,24.017574,38755.850764,38755.965035,1, 0, 0, 1,-1.745466,4.615284,4.335252,-1,2
68475,598681,24.042120,38755.875309,38755.989580,1, 0, 0, 1,-6.979709,0.026220,11.676602,-1,2
68475,598682,24.295478,38756.128667,38756.242938,0, 0, 0, 0,-99.000000,-99.000000,-99.000000,-1,1
68475,598683,24.662484,38756.495672,38756.609944,1, 0, 0, 1,-1.570611,16.783767,11.464399,-1,2
68475,598684,24.697705,38756.530892,38756.645165,1, 0, 0, 1,-5.228575,9.515817,16.864396,-1,3
68475,598685,24.702025,38756.535213,38756.649485,1, 0, 0, 1,0.961746,-5.540774,-11.117847,-1,2
68475,598686,24.750710,38756.583898,38756.698170,0, 0, 0, 0,-99.000000,-99.000000,-99.000000,-1,0
68475,598687,24.781825,38756.615013,38756.729285,1, 0, 0, 1,-3.351561,-5.738402,5.338233,-1,2
68475,598688,24.807685,38756.640873,38756.755145,0, 0, 0, 0,-99.000000,-99.000000,-99.000000,-1,1
68475,598689,24.878927,38756.712115,38756.826387,1, 0, 0, 1,2.170611,7.310455,11.692182,-1,2
68475,598690,24.998888,38756.832075,38756.946348,1, 0, 0, 1,3.553896,-5.040273,-16.857748,-1,2
68475,598691,25.195664,38757.028851,38757.143124,0, 0, 0, 0,-99.000000,-99.000000,-99.000000,-1,0
68475,598692,25.314875,38757.148062,38757.262335,1, 0, 0, 1,0.248083,-6.674611,17.775983,-1,2
68475,598693,25.425397,38757.258584,38757.372857,0, 0, 0, 0,-99.000000,-99.000000,-99.000000,-1,1
68475,598694,25.482485,38757.315672,38757.429946,1, 0, 0, 1,-6.332362,4.325104,-6.070867,-1,2
68475,598695,25.493243,38757.326429,38757.440703,1, 0, 0, 1,-6.691941,0.704308,-16.359324,-1,2
68475,598696,25.579201,38757.412387,38757.526661,0, 0, 0, 0,-99.000000,-99.000000,-99.000000,-1,1
68475,598697,25.596546,38757.429732,38757.544006,1, 0, 0, 1,0.125725,7.227958,20.998295,-1,2
68475,598698,25.688336,38757.521522,38757.635796,1, 0, 0, 1,-7.029311,0.554580,-14.131759,-1,2
68475,598699,25.745933,38757.579119,38757.693393,0, 0, 0, 0,-99.000000,-99.000000,-99.000000,-1,1
68475,598700,26.173734,38758.006919,38758.121194,0, 0, 0, 0,-99.000000,-99.000000,-99.000000,-1,1
68475,598701,26.192663,38758.025847,38758.140123,1, 0, 0, 1,-7.724081,-0.616110,-15.806032,-1,2
68475,598702,26.232631,38758.065816,38758.180091,0, 0, 0, 0,-99.000000,-99.000000,-99.000000,-1,1
68475,598703,26.267399,38758.100584,38758.214859,1, 0, 0, 1,-1.515240,-4.559489,16.619029,-1,2
68475,598704,26.350970,38758.184155,38758.298430,1, 0, 0, 1,-4.870009,6.345096,12.391468,-1,2
68475,598705,26.477664,38758.310849,38758.425125,0, 0, 0, 0,-99.000000,-99.000000,-99.000000,-1,0
68475,598706,26.598823,38758.432007,38758.546283,0, 0, 0, 0,-99.000000,-99.000000,-99.000000,-1,1
68475,598707,26.688388,38758.521572,38758.635848,0, 0, 0, 0,-99.000000,-99.000000,-99.000000,-1,1
68475,598708,26.817601,38758.650785,38758.765062,0, 0, 0, 0,-99.000000,-99.000000,-99.000000,-1,0
68475,598709,26.839425,38758.672608,38758.786885,1, 0, 0, 1,2.571017,-7.284619,10.065308,-1,2
68475,598710,27.037237,38758.870421,38758.984697,0, 0, 0, 0,-99.000000,-99.000000,-99.000000,-1,1
68475,598711,27.063699,38758.896883,38759.011160,0, 0, 0, 0,-99.000000,-99.000000,-99.000000,-1,1
68475,598712,27.064833,38758.898016,38759.012293,0, 0, 0, 0,-99.000000,-99.000000,-99.000000,-1,1
68475,598713,27.100893,38758.934076,38759.048353,0, 0, 0, 0,-99.000000,-99.000000,-99.000000,-1,1
68475,598714,27.311517,38759.144700,38759.258978,1, 0, 0, 1,-3.390511,0.947949,-21.583861,-1,2
68475,598715,27.354778,38759.187960,38759.302238,1, 0, 0, 1,3.290682,4.280640,-2.535374,-1,2
68475,598716,27.552008,38759.385190,38759.499468,1, 0, 0, 1,-3.170216,5.228704,-6.070981,-1,2
68475,598717,27.634464,38759.467646,38759.581924,1, 0, 0, 1,2.903686,6.560550,-10.588795,-1,2
68475,598718,27.661167,38759.494349,38759.608627,1, 0, 0, 1,-2.295604,-3.049576,0.056091,-1,2
68475,598719,27.682860,38759.516041,38759.630320,1, 0, 0, 1,0.216040,8.431276,9.002987,-1,2
68475,598720,27.924762,38759.757943,38759.872222,0, 0, 0, 0,-99.000000,-99.000000,-99.000000,-1,0
68475,598721,27.986395,38759.819577,38759.933856,1, 0, 0, 1,-7.711790,4.290455,-3.593717,-1,2
68475,598722,28.008480,38759.841661,38759.955940,1, 0, 0, 1,3.134714,-10.041098,18.717032,-1,2
68475,598723,28.052297,38759.885478,38759.999757,0, 0, 0, 0,-99.000000,-99.000000,-99.000000,-1,1
68475,598724,28.055397,38759.888578,38760.002857,1, 0, 0, 1,4.761914,3.126653,-2.151348,-1,4
68475,598725,28.131312,38759.964493,38760.078772,1, 0, 0, 1,-7.445575,0.203577,-1.061505,-1,2
68475,598726,28.251218,38760.084399,38760.198678,0, 0, 0, 0,-99.000000,-99.000000,-99.000000,-1,1
68475,598727,28.263555,38760.096735,38760.211015,0, 0, 0, 0,-99.000000,-99.000000,-99.000000,-1,1
68475,598728,28.397403,38760.230583,38760.344863,1, 0, 0, 1,12.525078,-0.384300,18.707390,-1,2
68475,598729,28.475522,38760.308702,38760.422982,1, 0, 0, 1,-5.656567,1.257501,-7.948551,-1,2
68475,598730,28.804300,38760.637480,38760.751760,0, 0, 0, 0,-99.000000,-99.000000,-99.000000,-1,1
68475,598731,28.842362,38760.675542,38760.789823,1, 0, 0, 1,5.493078,-1.127394,-6.092204,-1,4
68475,598732,29.024965,38760.858144,38760.972425,1, 0, 0, 1,3.540319,-9.044656,16.030816,-1,2
68475,598733,29.040226,38760.873405,38760.987686,0, 0, 0, 0,-99.000000,-99.000000,-99.000000,-1,1
68475,598734,29.143157,38760.976336,38761.090617,1, 0, 0, 1,0.343606,-8.918132,15.081323,-1,2
68475,598735,29.241202,38761.074381,38761.188663,0, 0, 0, 0,-99.000000,-99.000000,-99.000000,-1,0
68475,598736,29.255369,38761.088548,38761.202829,1, 0, 0, 1,3.402326,6.445697,-14.772583,-1,2
68475,598737,29.262081,38761.095259,38761.209541,1, 0, 0, 1,-9.183565,-0.752853,7.353665,-1,2
68475,598738,29.280005,38761.113184,38761.227465,0, 0, 0, 0,-99.000000,-99.000000,-99.000000,-1,1
68475,598739,29.355883,38761.189061,38761.303343,1, 0, 0, 1,0.596726,0.014484,-1.402545,-1,2
68475,598740,29.375947,38761.209126,38761.323407,0, 0, 0, 0,-99.000000,-99.000000,-99.000000,-1,1
68475,598741,29.381535,38761.214713,38761.328995,1, 0, 0, 1,1.753361,-3.589013,11.409010,-1,2
68475,598742,29.454787,38761.287966,38761.402247,1, 0, 0, 1,-7.127645,-2.623997,-9.565594,-1,2
68475,598743,29.553519,38761.386697,38761.500979,1, 0, 0, 1,6.243247,-5.109983,-9.256753,-1,2
68475,598744,29.600157,38761.433335,38761.547617,0, 0, 0, 0,-99.000000,-99.000000,-99.000000,-1,1
68475,598745,29.795823,38761.629001,38761.743283,1, 0, 0, 1,1.117230,-6.167638,-11.910888,-1,2
68475,598746,30.254090,38762.087267,38762.201550,1, 0, 0, 1,1.848849,0.328383,-7.665716,-1,2
68475,598747,30.285019,38762.118195,38762.232479,0, 0, 0, 0,-99.000000,-99.000000,-99.000000,-1,1
68475,598748,30.325961,38762.159137,38762.273421,1, 0, 0, 1,6.847704,2.610135,6.298411,-1,2
68475,598749,30.407610,38762.240786,38762.355070,1, 0, 0, 1,-5.149926,-3.918090,-13.651499,-1,2
68475,598750,30.520645,38762.353822,38762.468105,1, 0, 0, 1,-4.095948,-4.155215,-5.193910,-1,2
68475,598751,30.561787,38762.394963,38762.509247,1, 0, 0, 1,1.882126,-4.852870,0.195879,-1,2
68475,598752,30.632723,38762.465899,38762.580183,0, 0, 0, 0,-99.000000,-99.000000,-99.000000,-1,0
68475,598753,30.657811,38762.490987,38762.605272,1, 0, 0, 1,-6.142674,0.658108,-15.324525,-1,2
68475,598754,30.824754,38762.657930,38762.772214,0, 0, 0, 0,-99.000000,-99.000000,-99.000000,-1,1
68475,598755,30.950602,38762.783777,38762.898062,1, 0, 0, 1,-3.409035,-1.373215,-15.054529,-1,2
68475,598756,30.958943,38762.792118,38762.906403,1, 0, 0, 1,-4.155797,0.770750,11.267670,-1,2
68475,598757,31.015482,38762.848657,38762.962942,1, 0, 0, 1,-4.271082,-4.687609,-20.709496,-1,2
68475,598758,31.386169,38763.219343,38763.333629,1, 0, 0, 1,-3.311266,8.276778,-1.814549,-1,2
68475,598759,31.403215,38763.236389,38763.350675,0, 0, 0, 0,-99.000000,-99.000000,-99.000000,-1,0
68475,598760,31.633694,38763.466868,38763.581154,1, 0, 0, 1,-3.254692,-3.862886,9.158399,-1,2
68475,598761,31.701252,38763.534425,38763.648712,1, 0, 0, 1,-5.417212,3.614668,-6.241064,-1,2
68475,598762,31.742347,38763.575521,38763.689807,1, 0, 0, 1,0.469562,-12.390501,8.662410,-1,2
68475,598763,31.748968,38763.582141,38763.696428,1, 0, 0, 1,1.723931,-2.340712,16.342661,-1,2
68475,598764,31.797009,38763.630182,38763.744469,0, 0, 0, 0,-99.000000,-99.000000,-99.000000,-1,0
68475,598765,31.840804,38763.673978,38763.788264,0, 0, 0, 0,-99.000000,-99.000000,-99.000000,-1,1
68475,598766,31.991674,38763.824848,38763.939135,1, 0, 0, 1,-0.262243,10.938397,-8.583588,-1,2
68475,598767,32.018817,38763.851991,38763.966277,1, 0, 0, 1,3.415953,2.999435,11.115928,-1,2
68475,598768,32.179374,38764.012547,38764.126834,1, 0, 0, 1,8.846958,-6.721281,7.013138,-1,2
68475,598769,32.192423,38764.025596,38764.139883,1, 0, 0, 1,6.421160,-0.201277,0.584439,-1,2
68475,598770,32.202964,38764.036137,38764.150424,0, 0, 0, 0,-99.000000,-99.000000,-99.000000,-1,1
68475,598771,32.398928,38764.232100,38764.346388,0, 0, 0, 0,-99.000000,-99.000000,-99.000000,-1,0
68475,598772,32.479370,38764.312542,38764.426830,0, 0, 0, 0,-99.000000,-99.000000,-99.000000,-1,1
68475,598773,32.670649,38764.503821,38764.618109,1, 0, 0, 1,2.676369,4.603729,1.274702,-1,2
68475,598774,32.887258,38764.720430,38764.834718,1, 0, 0, 1,-5.394901,8.737541,22.050061,-1,2
68475,598775,33.075723,38764.908894,38765.023183,1, 0, 0, 1,-2.810701,-3.670749,-12.037391,-1,2
68475,598776,33.078613,38764.911784,38765.026073,1, 0, 0, 1,-1.814880,-2.390172,9.690896,-1,2
68475,598777,33.094242,38764.927413,38765.041702,1, 0, 0, 1,2.422013,3.860145,0.879056,-1,2
68475,598778,33.095649,38764.928820,38765.043109,1, 0, 0, 1,5.437188,4.529258,-12.838766,-1,2
68475,598779,33.148842,38764.982013,38765.096302,0, 0, 0, 0,-99.000000,-99.000000,-99.000000,-1,0
68475,598780,33.156552,38764.989723,38765.104012,0, 0, 0, 0,-99.000000,-99.000000,-99.000000,-1,0
68475,598781,33.208780,38765.041950,38765.156240,1, 0, 0, 1,4.725318,2.624708,-12.389670,-1,2
68475,598782,33.226786,38765.059957,38765.174246,1, 0, 0, 1,2.107902,13.527709,1.209837,-1,2
68475,598783,33.384611,38765.217782,38765.332072,1, 0, 0, 1,8.474106,2.068526,9.925876,-1,4
68475,598784,33.450534,38765.283705,38765.397994,1, 0, 0, 1,3.534557,-9.207086,-8.184609,-1,2
68475,598785,33.502109,38765.335279,38765.449569,0, 0, 0, 0,-99.000000,-99.000000,-99.000000,-1,1
68475,598786,33.541383,38765.374553,38765.488843,1, 0, 0, 1,-7.008329,-0.899147,-17.066291,-1,2
68475,598787,33.584356,38765.417526,38765.531816,0, 0, 0, 0,-99.000000,-99.000000,-99.000000,-1,1
68475,598788,33.645427,38765.478597,38765.592887,1, 0, 0, 1,-3.097192,9.595146,-13.805528,-1,2
68475,598789,33.959748,38765.792918,38765.907208,1, 0, 0, 1,0.404536,-9.482522,-6.957861,-1,2
68475,598790,34.224980,38766.058149,38766.172441,1, 0, 0, 1,-0.652982,3.366668,-17.411243,-1,2
68475,598791,34.266914,38766.100082,38766.214374,0, 0, 0, 0,-99.000000,-99.000000,-99.000000,-1,1
68475,598792,34.304467,38766.137636,38766.251928,1, 0, 0, 1,7.996563,-3.546148,-7.851177,-1,2
68475,598793,34.353246,38766.186414,38766.300706,1, 0, 0, 1,-3.707872,0.634109,15.404361,-1,2
68475,598794,34.510189,38766.343357,38766.457649,1, 0, 0, 1,3.477530,-1.089400,-11.826164,-1,2
68475,598795,34.518468,38766.351636,38766.465928,1, 0, 0, 1,7.694132,1.405478,9.577129,-1,2
68475,598796,34.705705,38766.538872,38766.653165,0, 0, 0, 0,-99.000000,-99.000000,-99.000000,-1,0
68475,598797,34.791372,38766.624540,38766.738833,1, 0, 0, 1,-7.688555,0.843070,-8.575797,-1,2
68475,598798,34.961150,38766.794317,38766.908610,1, 0, 0, 1,3.223285,-2.535179,18.854652,-1,2
68475,598799,34.993508,38766.826675,38766.940968,0, 0, 0, 0,-99.000000,-99.000000,-99.000000,-1,1
68475,598800,35.116120,38766.949287,38767.063580,0, 0, 0, 0,-99.000000,-99.000000,-99.000000,-1,1
68475,598801,35.187806,38767.020973,38767.135266,0, 0, 0, 0,-99.000000,-99.000000,-99.000000,-1,0
68475,598802,35.318790,38767.151956,38767.266250,1, 0, 0, 1,-1.574087,-2.572361,-11.294831,-1,2
68475,598803,35.349744,38767.182911,38767.297204,1, 0, 0, 1,3.582165,6.305079,13.377578,-1,2
68475,598804,35.393461,38767.226627,38767.340921,1, 0, 0, 1,-0.165224,-3.229636,-10.101819,-1,2
68475,598805,35.426261,38767.259427,38767.373721,1, 0, 0, 1,-0.101075,0.151327,9.575908,-1,2
68475,598806,35.433417,38767.266583,38767.380877,1, 0, 0, 1,7.533534,1.514264,2.732007,-1,2
68475,598807,35.525887,38767.359053,38767.473347,1, 0, 0, 1,3.976884,-0.738185,17.914007,-1,2
68475,598808,35.540496,38767.373662,38767.487956,1, 0, 0, 1,-3.476239,-6.717863,-13.198488,-1,2
68475,598809,35.548520,38767.381686,38767.495980,1, 0, 0, 1,5.955235,2.987479,12.162405,-1,2
68475,598810,35.707915,38767.541081,38767.655375,0, 0, 0, 0,-99.000000,-99.000000,-99.000000,-1,0
68475,598811,35.824471,38767.657637,38767.771931,1, 0, 0, 1,2.025531,10.408929,9.422450,-1,2
68475,598812,35.869046,38767.702211,38767.816506,0, 0, 0, 0,-99.000000,-99.000000,-99.000000,-1,1
68475,598813,35.896092,38767.729257,38767.843552,1, 0, 0, 1,2.762074,-1.889841,-16.554035,-1,2
68475,598814,35.967161,38767.800326,38767.914621,0, 0, 0, 0,-99.000000,-99.000000,-99.000000,-1,1
68475,598815,35.976748,38767.809913,38767.924208,0, 0, 0, 0,-99.000000,-99.000000,-99.000000,-1,1
68475,598816,36.040678,38767.873843,38767.988138,1, 0, 0, 1,4.923561,1.205786,-15.227963,-1,2
68475,598817,36.082137,38767.915302,38768.029597,1, 0, 0, 1,-1.760575,-6.539033,4.996725,-1,2
68475,598818,36.135640,38767.968805,38768.083100,0, 0, 0, 0,-99.000000,-99.000000,-99.000000,-1,0
68475,598819,36.232830,38768.065995,38768.180291,1, 0, 0, 1,-0.940970,-4.192910,4.238977,-1,2
68475,598820,36.379134,38768.212298,38768.326594,0, 0, 0, 0,-99.000000,-99.000000,-99.000000,-1,1
68475,598821,36.425645,38768.258810,38768.373105,1, 0, 0, 1,-3.790956,8.256142,7.532389,-1,2
68475,598822,36.475497,38768.308661,38768.422957,1, 0, 0, 1,1.254279,-2.849983,0.204477,-1,2
68475,598823,36.475905,38768.309070,38768.423365,1, 0, 0, 1,0.136867,4.079129,11.570618,-1,2
68475,598824,36.539438,38768.372602,38768.486898,1, 0, 0, 1,4.656601,4.419504,-14.693143,-1,2
68475,598825,36.561686,38768.394850,38768.509146,1, 0, 0, 1,0.917694,-11.641839,-15.510121,-1,2
68475,598826,36.802727,38768.635891,38768.750187,1, 0, 0, 1,-2.040584,-6.802108,13.932298,-1,2
68475,598827,36.803454,38768.636618,38768.750914,1, 0, 0, 1,2.530923,-9.897038,-6.886936,-1,2
68475,598828,36.885243,38768.718406,38768.832703,0, 0, 0, 0,-99.000000,-99.000000,-99.000000,-1,1
68475,598829,36.899480,38768.732643,38768.846940,0, 0, 0, 0,-99.000000,-99.000000,-99.000000,-1,1
68475,598830,36.943357,38768.776521,38768.890818,1, 0, 0, 1,-6.037296,-1.979651,-0.472197,-1,2
68475,598831,37.022932,38768.856095,38768.970392,1, 0, 0, 1,4.937053,-0.280698,-13.430376,-1,2
68475,598832,37.029195,38768.862359,38768.976656,1, 0, 0, 1,9.266284,1.575901,-14.607616,-1,2
68475,598833,37.165665,38768.998827,38769.113125,1, 0, 0, 1,-3.373634,-4.530044,-13.441973,-1,2
68475,598834,37.266349,38769.099512,38769.213809,0, 0, 0, 0,-99.000000,-99.000000,-99.000000,-1,1
68475,598835,37.395460,38769.228623,38769.342920,1, 0, 0, 1,6.811650,-1.774350,11.753716,-1,2
68475,598836,37.430340,38769.263502,38769.377800,0, 0, 0, 0,-99.000000,-99.000000,-99.000000,-1,1
68475,598837,37.434354,38769.267516,38769.381814,1, 0, 0, 1,-5.240079,-6.681350,-2.363453,-1,2
68475,598838,37.470196,38769.303359,38769.417656,1, 0, 0, 1,7.753843,-0.545633,-8.544387,-1,2
68475,598839,37.499714,38769.332876,38769.447174,0, 0, 0, 0,-99.000000,-99.000000,-99.000000,-1,0
68475,598840,37.861115,38769.694277,38769.808575,0, 0, 0, 0,-99.000000,-99.000000,-99.000000,-1,0
68475,598841,37.929533,38769.762694,38769.876993,1, 0, 0, 1,-0.767260,-4.343957,-15.643565,-1,2
68475,598842,38.041117,38769.874278,38769.988577,1, 0, 0, 1,4.494171,6.392100,-16.284062,-1,4
68475,598843,38.247151,38770.080312,38770.194611,0, 0, 0, 0,-99.000000,-99.000000,-99.000000,-1,1
68475,598844,38.252120,38770.085281,38770.199580,0, 0, 0, 0,-99.000000,-99.000000,-99.000000,-1,1
68475,598845,38.328630,38770.161791,38770.276090,1, 0, 0, 1,6.422493,-1.756358,-22.239532,-1,2
68475,598846,38.537403,38770.370563,38770.484863,0, 0, 0, 0,-99.000000,-99.000000,-99.000000,-1,0
68475,598847,38.580173,38770.413333,38770.527633,1, 0, 0, 1,-8.328713,0.866853,-10.096242,-1,2
68475,598848,38.591463,38770.424623,38770.538923,0, 0, 0, 0,-99.000000,-99.000000,-99.000000,-1,0
68475,598849,38.682927,38770.516086,38770.630387,1, 0, 0, 1,7.811492,-0.542436,-15.863401,-1,2
68475,598850,38.808563,38770.641722,38770.756023,1, 0, 0, 1,-1.530056,-1.984463,-15.094116,-1,2
68475,598851,38.893623,38770.726782,38770.841083,1, 0, 0, 1,-5.404350,2.024553,-3.438036,-1,2
68475,598852,38.934588,38770.767748,38770.882049,1, 0, 0, 1,3.732315,-2.392499,-7.955679,-1,2
68475,598853,39.010876,38770.844035,38770.958336,1, 0, 0, 1,-4.085062,-4.939721,1.935170,-1,2
68475,598854,39.097934,38770.931093,38771.045394,1, 0, 0, 1,2.190043,-7.973154,-14.265274,-1,2
68475,598855,39.099660,38770.932819,38771.047120,1, 0, 0, 1,-6.757986,2.723013,-16.832449,-1,2
68475,598856,39.370298,38771.203456,38771.317758,1, 0, 0, 1,-7.378433,2.939250,-7.023214,-1,2
68475,598857,39.649949,38771.483106,38771.597409,0, 0, 0, 0,-99.000000,-99.000000,-99.000000,-1,1
68475,598858,39.784502,38771.617660,38771.731962,1, 0, 0, 1,6.113376,4.216861,18.612264,-1,2
68475,598859,39.873859,38771.707017,38771.821319,1, 0, 0, 1,6.129779,-0.871933,-11.602238,-1,2
68475,598860,39.883574,38771.716732,38771.831035,1, 0, 0, 1,4.583128,6.244828,14.997072,-1,2
68475,598861,39.960058,38771.793216,38771.907518,0, 0, 0, 0,-99.000000,-99.000000,-99.000000,-1,1
68475,598862,40.070241,38771.903398,38772.017701,1, 0, 0, 1,1.746716,3.469383,-8.887952,-1,2
68475,598863,40.209225,38772.042381,38772.156685,1, 0, 0, 1,-8.404658,4.334135,-10.718917,-1,2
68475,598864,40.302865,38772.136021,38772.250325,0, 0, 0, 0,-99.000000,-99.000000,-99.000000,-1,1
68475,598865,40.560832,38772.393988,38772.508293,1, 0, 0, 1,-5.067615,0.517966,5.981310,-1,2
68475,598866,40.717505,38772.550660,38772.664965,1, 0, 0, 1,-4.573230,-5.829215,-8.939557,-1,2
68475,598867,40.765508,38772.598664,38772.712968,0, 0, 0, 0,-99.000000,-99.000000,-99.000000,-1,0
68475,598868,40.773502,38772.606657,38772.720962,1, 0, 0, 1,-7.384982,-5.038021,-15.521119,-1,2
68475,598869,40.797369,38772.630525,38772.744830,0, 0, 0, 0,-99.000000,-99.000000,-99.000000,-1,1
68475,598870,40.845879,38772.679035,38772.793339,0, 0, 0, 0,-99.000000,-99.000000,-99.000000,-1,0
68475,598871,40.891974,38772.725129,38772.839434,1, 0, 0, 1,-0.848849,4.411488,-7.402190,-1,2
68475,598872,41.018588,38772.851743,38772.966048,0, 0, 0, 0,-99.000000,-99.000000,-99.000000,-1,1
68475,598873,41.157879,38772.991033,38773.105339,0, 0, 0, 0,-99.000000,-99.000000,-99.000000,-1,1
68475,598874,41.229574,38773.062729,38773.177034,0, 0, 0, 0,-99.000000,-99.000000,-99.000000,-1,0
68475,598875,41.590342,38773.423496,38773.537802,0, 0, 0, 0,-99.000000,-99.000000,-99.000000,-1,1
68475,598876,41.666756,38773.499910,38773.614217,1, 0, 0, 1,-8.094402,-0.146150,12.156240,-1,2
68475,598877,41.821714,38773.654868,38773.769175,1, 0, 0, 1,0.132421,-6.770078,20.239491,-1,2
68475,598878,41.859513,38773.692666,38773.806973,1, 0, 0, 1,4.319278,6.246109,12.192436,-1,2
68475,598879,41.885424,38773.718578,38773.832885,1, 0, 0, 1,0.245113,9.623758,-20.963108,-1,2
68475,598880,41.990622,38773.823775,38773.938082,1, 0, 0, 1,-0.942272,-6.097809,10.475611,-1,2
68475,598881,42.153257,38773.986410,38774.100717,0, 0, 0, 0,-99.000000,-99.000000,-99.000000,-1,1
68475,598882,42.482084,38774.315236,38774.429544,1, 0, 0, 1,3.439926,-7.479470,-9.590729,-1,2
68475,598883,42.688124,38774.521275,38774.635584,1, 0, 0, 1,-3.321301,-13.395096,4.519040,-1,2
68475,598884,42.758969,38774.592120,38774.706429,1, 0, 0, 1,-4.965489,4.257952,12.657771,-1,2
68475,598885,42.856499,38774.689650,38774.803959,0, 0, 0, 0,-99.000000,-99.000000,-99.000000,-1,1
68475,598886,42.911831,38774.744982,38774.859291,1, 0, 0, 1,-0.679771,-0.111798,6.280507,-1,2
68475,598887,42.919958,38774.753110,38774.867418,1, 0, 0, 1,3.877709,-2.868842,18.305433,-1,2
68475,598888,42.943097,38774.776249,38774.890557,0, 0, 0, 0,-99.000000,-99.000000,-99.000000,-1,0
68475,598889,43.139966,38774.973117,38775.087426,1, 0, 0, 1,1.912240,-4.535871,-10.940619,-1,2
68475,598890,43.250344,38775.083495,38775.197804,0, 0, 0, 0,-99.000000,-99.000000,-99.000000,-1,0
68475,598891,43.259418,38775.092569,38775.206878,0, 0, 0, 0,-99.000000,-99.000000,-99.000000,-1,1
68475,598892,43.321505,38775.154655,38775.268965,1, 0, 0, 1,-6.767970,-4.426241,-13.916986,-1,2
68475,598893,43.457556,38775.290706,38775.405016,0, 0, 0, 0,-99.000000,-99.000000,-99.000000,-1,1
68475,598894,43.466601,38775.299751,38775.414061,1, 0, 0, 1,1.477239,-2.172032,-7.524292,-1,2
68475,598895,43.571123,38775.404273,38775.518583,0, 0, 0, 0,-99.000000,-99.000000,-99.000000,-1,0
68475,598896,43.591595,38775.424745,38775.539055,0, 0, 0, 0,-99.000000,-99.000000,-99.000000,-1,0
68475,598897,43.623591,38775.456741,38775.571051,1, 0, 0, 1,4.407091,-1.231091,-11.979134,-1,2
68475,598898,43.984693,38775.817842,38775.932153,0, 0, 0, 0,-99.000000,-99.000000,-99.000000,-1,1
68475,598899,44.014058,38775.847207,38775.961518,0, 0, 0, 0,-99.000000,-99.000000,-99.000000,-1,0
68475,598900,44.191815,38776.024964,38776.139275,1, 0, 0, 1,-2.928648,-1.811941,9.101032,-1,2
68475,598901,44.208049,38776.041198,38776.155509,1, 0, 0, 1,0.240100,4.092033,6.089019,-1,2
68475,598902,44.227209,38776.060358,38776.174669,0, 0, 0, 0,-99.000000,-99.000000,-99.000000,-1,0
68475,598903,44.395438,38776.228586,38776.342898,1, 0, 0, 1,-1.973422,-8.200644,10.587609,-1,2
68475,598904,44.476966,38776.310114,38776.424426,0, 0, 0, 0,-99.000000,-99.000000,-99.000000,-1,0
68475,598905,44.549679,38776.382827,38776.497139,1, 0, 0, 1,-5.953669,-2.008373,5.434249,-1,2
68475,598906,44.589762,38776.422910,38776.537222,0, 0, 0, 0,-99.000000,-99.000000,-99.000000,-1,0
68475,598907,44.809173,38776.642321,38776.756633,0, 0, 0, 0,-99.000000,-99.000000,-99.000000,-1,0
68475,598908,44.825019,38776.658166,38776.772479,1, 0, 0, 1,-6.213526,5.652742,-21.113314,-1,2
68475,598909,44.934306,38776.767453,38776.881766,0, 0, 0, 0,-99.000000,-99.000000,-99.000000,-1,1
68475,598910,45.206793,38777.039939,38777.154253,1, 0, 0, 1,-2.505807,-1.451635,3.461468,-1,2
68475,598911,45.219630,38777.052776,38777.167090,0, 0, 0, 0,-99.000000,-99.000000,-99.000000,-1,1
68475,598912,45.234753,38777.067900,38777.182213,1, 0, 0, 1,-6.090373,3.960062,6.391697,-1,2
68475,598913,45.342164,38777.175311,38777.289624,0, 0, 0, 0,-99.000000,-99.000000,-99.000000,-1,1
68475,598914,45.379069,38777.212215,38777.326529,1, 0, 0, 1,-6.621457,4.577942,-1.911890,-1,2
68475,598915,45.670970,38777.504115,38777.618430,0, 0, 0, 0,-99.000000,-99.000000,-99.000000,-1,0
68475,598916,45.818427,38777.651573,38777.765888,1, 0, 0, 1,8.460911,1.934819,9.867938,-1,2
68475,598917,46.116172,38777.949317,38778.063632,1, 0, 0, 1,-3.549708,18.220446,-8.082801,-1,2
68475,598918,46.306184,38778.139328,38778.253644,1, 0, 0, 1,1.393494,5.353074,-14.029720,-1,2
68475,598919,46.408351,38778.241495,38778.355811,0, 0, 0, 0,-99.000000,-99.000000,-99.000000,-1,1
68475,598920,46.473292,38778.306436,38778.420752,1, 0, 0, 1,-9.084559,0.411991,22.017340,-1,2
68475,598921,46.535010,38778.368154,38778.482470,0, 0, 0, 0,-99.000000,-99.000000,-99.000000,-1,1
68475,598922,46.542935,38778.376079,38778.490395,1, 0, 0, 1,-2.055578,6.464605,-16.418950,-1,2
68475,598923,46.559379,38778.392523,38778.506839,0, 0, 0, 0,-99.000000,-99.000000,-99.000000,-1,0
68475,598924,46.604121,38778.437265,38778.551581,0, 0, 0, 0,-99.000000,-99.000000,-99.000000,-1,1
68475,598925,46.767307,38778.600450,38778.714767,0, 0, 0, 0,-99.000000,-99.000000,-99.000000,-1,0
68475,598926,46.846942,38778.680085,38778.794402,0, 0, 0, 0,-99.000000,-99.000000,-99.000000,-1,1
68475,598927,47.043006,38778.876149,38778.990466,1, 0, 0, 1,-0.921124,-2.224468,15.000210,-1,2
68475,598928,47.585588,38779.418730,38779.533048,0, 0, 0, 0,-99.000000,-99.000000,-99.000000,-1,0
68475,598929,47.969905,38779.803046,38779.917365,1, 0, 0, 1,-7.761768,3.235588,-18.971582,-1,2
68475,598930,48.100012,38779.933153,38780.047472,1, 0, 0, 1,1.714197,1.042646,-1.696784,-1,2
68475,598931,48.563445,38780.396585,38780.510905,0, 0, 0, 0,-99.000000,-99.000000,-99.000000,-1,0
68475,598932,48.740250,38780.573389,38780.687710,0, 0, 0, 0,-99.000000,-99.000000,-99.000000,-1,0
68475,598933,48.897166,38780.730305,38780.844626,0, 0, 0, 0,-99.000000,-99.000000,-99.000000,-1,1
68475,598934,48.898040,38780.731179,38780.845500,0, 0, 0, 0,-99.000000,-99.000000,-99.000000,-1,1
68475,598935,48.981551,38780.814690,38780.929011,1, 0, 0, 1,0.100518,-4.539150,8.957323,-1,2
68475,598936,49.352287,38781.185425,38781.299747,1, 0, 0, 1,-0.801317,4.444516,10.503432,-1,2
68475,598937,49.421710,38781.254848,38781.369170,1, 0, 0, 1,9.150006,-4.403645,-7.249183,-1,2
68475,598938,50.052962,38781.886099,38782.000422,0, 0, 0, 0,-99.000000,-99.000000,-99.000000,-1,1
68475,598939,50.233641,38782.066777,38782.181101,1, 0, 0, 1,-3.573168,5.027016,-12.034446,-1,2
68475,598940,50.270947,38782.104084,38782.218408,1, 0, 0, 1,-1.574000,-8.048222,3.150580,-1,2
68475,598941,50.388662,38782.221798,38782.336122,1, 0, 0, 1,-5.377094,-1.185980,-12.708844,-1,2
68475,598942,50.516064,38782.349200,38782.463524,1, 0, 0, 1,1.994949,0.175978,5.270649,-1,2
68475,598943,50.580314,38782.413450,38782.527774,1, 0, 0, 1,-4.916855,7.336831,9.828517,-1,3
68475,598944,50.586284,38782.419420,38782.533745,0, 0, 0, 0,-99.000000,-99.000000,-99.000000,-1,0
68475,598945,50.787031,38782.620166,38782.734491,1, 0, 0, 1,-7.330578,-0.092829,-20.155617,-1,2
68475,598946,50.897257,38782.730392,38782.844717,1, 0, 0, 1,-6.826773,-1.087312,6.745539,-1,2
68475,598947,50.933514,38782.766649,38782.880974,1, 0, 0, 1,3.543879,5.742128,5.157160,-1,2
68475,598948,50.994504,38782.827639,38782.941965,1, 0, 0, 1,2.621854,-4.514809,10.059916,-1,2
68475,598949,50.997317,38782.830452,38782.944777,0, 0, 0, 0,-99.000000,-99.000000,-99.000000,-1,1
68475,598950,51.127840,38782.960975,38783.075300,0, 0, 0, 0,-99.000000,-99.000000,-99.000000,-1,1
68475,598951,51.216498,38783.049632,38783.163958,0, 0, 0, 0,-99.000000,-99.000000,-99.000000,-1,1
68475,598952,51.317618,38783.150752,38783.265078,0, 0, 0, 0,-99.000000,-99.000000,-99.000000,-1,1
68475,598953,51.555176,38783.388310,38783.502636,1, 0, 0, 1,-2.784239,2.740877,-11.119720,-1,2
68475,598954,51.734803,38783.567937,38783.682263,1, 0, 0, 1,-7.158456,3.641596,8.772553,-1,2
68475,598955,51.837227,38783.670360,38783.784687,1, 0, 0, 1,0.171868,-2.509674,5.380813,-1,2
68475,598956,51.837329,38783.670462,38783.784789,1, 0, 0, 1,-0.891940,-5.885181,-7.787422,-1,2
68475,598957,51.879657,38783.712791,38783.827118,0, 0, 0, 0,-99.000000,-99.000000,-99.000000,-1,1
68475,598958,51.916457,38783.749590,38783.863917,0, 0, 0, 0,-99.000000,-99.000000,-99.000000,-1,1
68475,598959,52.029465,38783.862598,38783.976925,0, 0, 0, 0,-99.000000,-99.000000,-99.000000,-1,0
68475,598960,52.073583,38783.906716,38784.021043,1, 0, 0, 1,7.991222,5.200458,9.352750,-1,2
68475,598961,52.124019,38783.957152,38784.071479,1, 0, 0, 1,-4.858593,-5.179370,3.427410,-1,2
68475,598962,52.297656,38784.130788,38784.245116,1, 0, 0, 1,8.087119,1.453342,-9.158182,-1,2
68475,598963,52.609852,38784.442984,38784.557313,1, 0, 0, 1,3.513020,-4.932761,-18.506369,-1,2
68475,598964,52.734372,38784.567503,38784.681832,1, 0, 0, 1,-3.553459,-2.891669,-16.718231,-1,2
68475,598965,52.929068,38784.762199,38784.876528,0, 0, 0, 0,-99.000000,-99.000000,-99.000000,-1,1
68475,598966,52.943269,38784.776400,38784.890729,1, 0, 0, 1,7.364695,3.144225,-8.389600,-1,2
68475,598967,53.002439,38784.835570,38784.949899,1, 0, 0, 1,-7.596066,-3.428062,13.427198,-1,3
68475,598968,53.106434,38784.939564,38785.053894,1, 0, 0, 1,-1.124571,8.179264,-10.831347,-1,2
68475,598969,53.188713,38785.021843,38785.136173,1, 0, 0, 1,3.904997,5.073116,17.778737,-1,2
68475,598970,53.207440,38785.040570,38785.154900,0, 0, 0, 0,-99.000000,-99.000000,-99.000000,-1,0
68475,598971,53.342346,38785.175477,38785.289806,1, 0, 0, 1,1.329096,-7.520645,-19.805352,-1,2
68475,598972,53.455290,38785.288420,38785.402750,0, 0, 0, 0,-99.000000,-99.000000,-99.000000,-1,1
68475,598973,53.578142,38785.411272,38785.525602,1, 0, 0, 1,2.808668,6.687576,4.846966,-1,2
68475,598974,53.845781,38785.678911,38785.793241,1, 0, 0, 1,0.946223,2.503435,13.630700,-1,2
68475,598975,53.975131,38785.808260,38785.922591,0, 0, 0, 0,-99.000000,-99.000000,-99.000000,-1,0
68475,598976,54.057979,38785.891107,38786.005439,1, 0, 0, 1,5.033079,-0.856336,2.044700,-1,2
68475,598977,54.110004,38785.943133,38786.057464,1, 0, 0, 1,5.740052,-0.928669,-12.829918,-1,2
68475,598978,54.541099,38786.374227,38786.488559,1, 0, 0, 1,-3.856541,-7.701319,17.213069,-1,2
68475,598979,54.690082,38786.523210,38786.637543,0, 0, 0, 0,-99.000000,-99.000000,-99.000000,-1,1
68475,598980,54.691562,38786.524690,38786.639022,1, 0, 0, 1,-5.006740,-6.227961,11.484006,-1,2
68475,598981,54.826132,38786.659259,38786.773592,0, 0, 0, 0,-99.000000,-99.000000,-99.000000,-1,1
68475,598982,54.846364,38786.679491,38786.793824,0, 0, 0, 0,-99.000000,-99.000000,-99.000000,-1,1
68475,598983,55.059264,38786.892391,38787.006724,0, 0, 0, 0,-99.000000,-99.000000,-99.000000,-1,0
68475,598984,55.093565,38786.926692,38787.041025,1, 0, 0, 1,-2.867878,-3.629074,-7.630512,-1,2
68475,598985,55.327261,38787.160387,38787.274721,1, 0, 0, 1,1.514544,0.327799,-21.794356,-1,2
68475,598986,55.444885,38787.278011,38787.392345,0, 0, 0, 0,-99.000000,-99.000000,-99.000000,-1,0
68475,598987,55.639589,38787.472715,38787.587049,0, 0, 0, 0,-99.000000,-99.000000,-99.000000,-1,1
68475,598988,55.729312,38787.562438,38787.676773,0, 0, 0, 0,-99.000000,-99.000000,-99.000000,-1,0
68475,598989,55.782492,38787.615618,38787.729952,0, 0, 0, 0,-99.000000,-99.000000,-99.000000,-1,1
68475,598990,55.924664,38787.757789,38787.872124,1, 0, 0, 1,-7.435402,7.482291,-20.288476,-1,2
68475,598991,55.962518,38787.795643,38787.909978,1, 0, 0, 1,-0.620945,6.935430,-2.396486,-1,2
68475,598992,56.062934,38787.896059,38788.010394,1, 0, 0, 1,3.302427,8.071927,-9.848258,-1,2
68475,598993,56.199433,38788.032558,38788.146893,1, 0, 0, 1,-5.865231,3.569764,8.576164,-1,2
68475,598994,56.277945,38788.111070,38788.225406,1, 0, 0, 1,-3.800936,0.414502,13.266930,-1,2
68475,598995,56.607625,38788.440749,38788.555085,1, 0, 0, 1,-0.585859,0.892959,-18.481117,-1,2
68475,598996,56.695312,38788.528435,38788.642772,1, 0, 0, 1,-3.576586,5.061066,-16.555358,-1,2
68475,598997,56.698287,38788.531411,38788.645747,1, 0, 0, 1,-3.058925,5.543237,-3.472530,-1,2
68475,598998,56.754824,38788.587948,38788.702284,1, 0, 0, 1,8.097561,0.545082,9.246936,-1,2
68475,598999,56.844672,38788.677795,38788.792132,0, 0, 0, 0,-99.000000,-99.000000,-99.000000,-1,1
68475,599000,56.894882,38788.728005,38788.842342,0, 0, 0, 0,-99.000000,-99.000000,-99.000000,-1,1
68475,599001,57.178117,38789.011240,38789.125578,1, 0, 0, 1,-0.377628,-7.508528,-15.698875,-1,2
68475,599002,57.307397,38789.140519,38789.254857,1, 0, 0, 1,-0.477290,-1.712060,16.719552,-1,2
68475,599003,57.356551,38789.189673,38789.304011,1, 0, 0, 1,-0.686961,-2.977164,-5.077195,-1,2
68475,599004,57.456149,38789.289271,38789.403609,0, 0, 0, 0,-99.000000,-99.000000,-99.000000,-1,0
68475,599005,57.510894,38789.344016,38789.458354,1, 0, 0, 1,1.222345,5.885515,12.340708,-1,2
68475,599006,57.594317,38789.427439,38789.541777,0, 0, 0, 0,-99.000000,-99.000000,-99.000000,-1,1
68475,599007,57.612384,38789.445506,38789.559844,1, 0, 0, 1,2.704689,-5.038957,15.898322,-1,2
68475,599008,57.632708,38789.465830,38789.580169,0, 0, 0, 0,-99.000000,-99.000000,-99.000000,-1,1
68475,599009,57.758695,38789.591816,38789.706155,1, 0, 0, 1,7.749641,2.050717,5.690396,-1,2
68475,599010,58.118512,38789.951633,38790.065972,0, 0, 0, 0,-99.000000,-99.000000,-99.000000,-1,1
68475,599011,58.191632,38790.024752,38790.139092,0, 0, 0, 0,-99.000000,-99.000000,-99.000000,-1,0
68475,599012,58.420855,38790.253975,38790.368315,1, 0, 0, 1,-3.887910,7.694487,-3.274304,-1,2
68475,599013,58.756962,38790.590081,38790.704422,1, 0, 0, 1,5.295238,-3.218367,-16.439064,-1,2
68475,599014,59.040360,38790.873479,38790.987820,1, 0, 0, 1,-2.911811,2.755735,-13.912789,-1,2
68475,599015,59.045877,38790.878995,38790.993337,0, 0, 0, 0,-99.000000,-99.000000,-99.000000,-1,0
68475,599016,59.089840,38790.922959,38791.037300,1, 0, 0, 1,0.457048,3.554929,-14.392616,-1,2
68475,599017,59.317124,38791.150242,38791.264584,0, 0, 0, 0,-99.000000,-99.000000,-99.000000,-1,0
68475,599018,59.383810,38791.216928,38791.331270,1, 0, 0, 1,-2.839388,-4.422971,-11.038013,-1,2
68475,599019,59.593006,38791.426124,38791.540466,0, 0, 0, 0,-99.000000,-99.000000,-99.000000,-1,1
68475,599020,59.783183,38791.616300,38791.730643,0, 0, 0, 0,-99.000000,-99.000000,-99.000000,-1,1
68475,599021,59.968229,38791.801346,38791.915690,1, 0, 0, 1,0.026799,-2.227108,11.743165,-1,2
68475,599022,60.031658,38791.864774,38791.979118,1, 0, 0, 1,4.207630,1.943914,-16.559960,-1,2
68475,599023,60.082602,38791.915718,38792.030062,0, 0, 0, 0,-99.000000,-99.000000,-99.000000,-1,1
68475,599024,60.262820,38792.095937,38792.210280,1, 0, 0, 1,-0.456733,7.517266,-11.828465,-1,2
68475,599025,60.391584,38792.224700,38792.339044,0, 0, 0, 0,-99.000000,-99.000000,-99.000000,-1,0
68475,599026,60.623727,38792.456843,38792.571187,0, 0, 0, 0,-99.000000,-99.000000,-99.000000,-1,0
68475,599027,60.653279,38792.486395,38792.600739,1, 0, 0, 1,-5.665948,8.135990,3.182390,-1,2
68475,599028,60.684109,38792.517225,38792.631569,0, 0, 0, 0,-99.000000,-99.000000,-99.000000,-1,1
68475,599029,60.881104,38792.714219,38792.828564,0, 0, 0, 0,-99.000000,-99.000000,-99.000000,-1,1
68475,599030,61.016943,38792.850058,38792.964403,0, 0, 0, 0,-99.000000,-99.000000,-99.000000,-1,0
68475,599031,61.325464,38793.158579,38793.272924,1, 0, 0, 1,-3.300700,-2.798103,-15.118963,-1,2
68475,599032,61.389871,38793.222985,38793.337331,1, 0, 0, 1,4.369602,-2.551974,-21.013216,-1,2
68475,599033,61.481401,38793.314515,38793.428862,0, 0, 0, 0,-99.000000,-99.000000,-99.000000,-1,1
68475,599034,61.495917,38793.329031,38793.443377,1, 0, 0, 1,2.542747,6.625468,-0.486037,-1,2
68475,599035,61.804224,38793.637338,38793.751684,1, 0, 0, 1,1.050005,-8.490907,-0.550582,-1,2
68475,599036,61.861721,38793.694834,38793.809181,1, 0, 0, 1,-2.714699,-0.746450,18.728843,-1,2
68475,599037,61.906461,38793.739574,38793.853921,0, 0, 0, 0,-99.000000,-99.000000,-99.000000,-1,0
68475,599038,62.388666,38794.221778,38794.336126,1, 0, 0, 1,1.194151,0.458993,3.125681,-1,2
68475,599039,62.597292,38794.430404,38794.544752,1, 0, 0, 1,5.800408,1.310965,5.493724,-1,2
68475,599040,62.980830,38794.813941,38794.928290,0, 0, 0, 0,-99.000000,-99.000000,-99.000000,-1,1
68475,599041,63.192802,38795.025912,38795.140262,1, 0, 0, 1,4.722404,-5.506692,-6.621851,-1,2
68475,599042,63.236528,38795.069639,38795.183988,1, 0, 0, 1,-0.895209,4.312287,0.650859,-1,2
68475,599043,63.264855,38795.097966,38795.212315,0, 0, 0, 0,-99.000000,-99.000000,-99.000000,-1,0
68475,599044,63.310334,38795.143445,38795.257794,1, 0, 0, 1,5.489066,-1.935171,17.389337,-1,2
68475,599045,63.377181,38795.210291,38795.324641,1, 0, 0, 1,-1.353190,3.093418,17.587268,-1,2
68475,599046,63.498293,38795.331403,38795.445753,0, 0, 0, 0,-99.000000,-99.000000,-99.000000,-1,1
68475,599047,63.680213,38795.513322,38795.627673,0, 0, 0, 0,-99.000000,-99.000000,-99.000000,-1,0
68475,599048,63.733029,38795.566138,38795.680489,1, 0, 0, 1,15.619641,4.242600,10.951173,-1,2
68475,599049,63.880939,38795.714048,38795.828399,1, 0, 0, 1,3.146328,-0.502914,-13.075855,-1,2
68475,599050,63.995359,38795.828468,38795.942819,1, 0, 0, 1,7.685742,-0.259909,-21.788584,-1,2
68475,599051,64.139266,38795.972374,38796.086726,1, 0, 0, 1,0.326697,-3.977635,-10.902059,-1,2
68475,599052,64.199945,38796.033054,38796.147405,1, 0, 0, 1,-0.741837,1.802934,-2.711301,-1,2
68475,599053,64.254348,38796.087457,38796.201808,1, 0, 0, 1,0.807459,4.992590,-0.650663,-1,2
68475,599054,64.286663,38796.119771,38796.234123,1, 0, 0, 1,3.795021,-1.620116,11.639744,-1,2
68475,599055,64.345575,38796.178684,38796.293035,1, 1, 0, 1,3.223208,-0.391755,-18.179570,-1,2
68475,599056,64.461754,38796.294862,38796.409214,1, 0, 0, 1,5.577892,-1.516853,-12.842856,-1,2
68475,599057,64.468268,38796.301376,38796.415728,0, 0, 0, 0,-99.000000,-99.000000,-99.000000,-1,1
68475,599058,64.561037,38796.394145,38796.508497,0, 0, 0, 0,-99.000000,-99.000000,-99.000000,-1,1
68475,599059,64.592236,38796.425343,38796.539696,1, 0, 0, 1,-5.730264,2.599195,18.714822,-1,2
68475,599060,64.610280,38796.443388,38796.557740,0, 0, 0, 0,-99.000000,-99.000000,-99.000000,-1,1
68475,599061,64.653464,38796.486572,38796.600924,1, 0, 0, 1,8.980778,-1.633841,-11.134807,-1,2
68475,599062,65.704453,38797.537558,38797.651913,1, 0, 0, 1,5.021344,-5.477911,2.030929,-1,2
68475,599063,65.712006,38797.545111,38797.659466,0, 0, 0, 0,-99.000000,-99.000000,-99.000000,-1,1
68475,599064,65.712966,38797.546071,38797.660426,1, 0, 0, 1,7.360225,5.749838,-0.455696,-1,2
68475,599065,65.727099,38797.560204,38797.674559,0, 0, 0, 0,-99.000000,-99.000000,-99.000000,-1,0
68475,599066,66.002138,38797.835243,38797.949598,1, 0, 0, 1,-2.195215,-2.077641,7.056943,-1,2
68475,599067,66.119814,38797.952919,38798.067274,1, 0, 0, 1,5.257721,-2.274207,0.891957,-1,2
68475,599068,66.408709,38798.241813,38798.356169,1, 1, 0, 1,0.804577,-0.230743,-20.916233,-1,2
68475,599069,66.453918,38798.287022,38798.401378,0, 0, 0, 0,-99.000000,-99.000000,-99.000000,-1,1
68475,599070,66.500196,38798.333300,38798.447656,1, 0, 0, 1,6.403737,-1.037426,-5.958882,-1,2
68475,599071,66.708951,38798.542054,38798.656411,0, 0, 0, 0,-99.000000,-99.000000,-99.000000,-1,1
68475,599072,66.752090,38798.585194,38798.699550,0, 0, 0, 0,-99.000000,-99.000000,-99.000000,-1,1
68475,599073,66.793223,38798.626327,38798.740683,0, 0, 0, 0,-99.000000,-99.000000,-99.000000,-1,1
68475,599074,66.804365,38798.637468,38798.751825,0, 0, 0, 0,-99.000000,-99.000000,-99.000000,-1,1
68475,599075,66.954275,38798.787378,38798.901735,1, 0, 0, 1,-5.474990,-1.369652,17.831136,-1,2
68475,599076,66.958080,38798.791183,38798.905540,1, 0, 0, 1,-3.602375,4.718330,-3.965092,-1,2
68475,599077,66.977321,38798.810424,38798.924781,0, 0, 0, 0,-99.000000,-99.000000,-99.000000,-1,1
68475,599078,67.040680,38798.873783,38798.988140,1, 0, 0, 1,1.326012,0.390664,-11.564797,-1,2
68475,599079,67.164914,38798.998016,38799.112374,1, 0, 0, 1,-7.059215,8.750097,15.657579,-1,2
68475,599080,67.206383,38799.039485,38799.153843,0, 0, 0, 0,-99.000000,-99.000000,-99.000000,-1,1
68475,599081,67.369839,38799.202941,38799.317299,1, 0, 0, 1,-2.035680,-2.180223,0.117821,-1,2
68475,599082,67.388927,38799.222030,38799.336388,1, 0, 0, 1,8.002374,4.300018,6.876191,-1,2
68475,599083,67.569068,38799.402170,38799.516528,0, 0, 0, 0,-99.000000,-99.000000,-99.000000,-1,1
68475,599084,67.586741,38799.419843,38799.534201,0, 0, 0, 0,-99.000000,-99.000000,-99.000000,-1,0
68475,599085,67.676417,38799.509519,38799.623878,1, 0, 0, 1,4.080632,-0.863677,1.470512,-1,2
68475,599086,67.795134,38799.628235,38799.742594,0, 0, 0, 0,-99.000000,-99.000000,-99.000000,-1,0
68475,599087,67.946185,38799.779286,38799.893646,1, 0, 0, 1,-8.444967,1.016214,-1.439620,-1,2
68475,599088,68.149010,38799.982110,38800.096470,1, 0, 0, 1,3.832072,-7.910290,-18.147283,-1,2
68475,599089,68.438212,38800.271312,38800.385672,0, 0, 0, 0,-99.000000,-99.000000,-99.000000,-1,1
68475,599090,68.547865,38800.380965,38800.495325,1, 0, 0, 1,-5.475774,2.693266,-8.694844,-1,2
68475,599091,68.576425,38800.409524,38800.523885,0, 0, 0, 0,-99.000000,-99.000000,-99.000000,-1,1
68475,599092,68.578745,38800.411845,38800.526206,0, 0, 0, 0,-99.000000,-99.000000,-99.000000,-1,1
68475,599093,68.626195,38800.459294,38800.573655,0, 0, 0, 0,-99.000000,-99.000000,-99.000000,-1,1
68475,599094,69.118736,38800.951834,38801.066196,1, 0, 0, 1,6.064460,4.990178,22.760390,-1,2
68475,599095,69.119497,38800.952595,38801.066957,1, 0, 0, 1,8.437989,-2.909333,10.765852,-1,2
68475,599096,69.355429,38801.188527,38801.302889,1, 0, 0, 1,0.138819,-0.152983,9.955643,-1,2
68475,599097,69.453098,38801.286196,38801.400558,1, 0, 0, 1,-3.987497,2.400863,-3.934483,-1,2
68475,599098,69.483376,38801.316474,38801.430836,0, 0, 0, 0,-99.000000,-99.000000,-99.000000,-1,1
68475,599099,69.512698,38801.345796,38801.460158,0, 0, 0, 0,-99.000000,-99.000000,-99.000000,-1,1
68475,599100,69.592791,38801.425888,38801.540251,1, 0, 0, 1,-4.274199,9.135200,13.907018,-1,2
68475,599101,69.602405,38801.435503,38801.549865,0, 0, 0, 0,-99.000000,-99.000000,-99.000000,-1,0
68475,599102,69.719434,38801.552531,38801.666894,0, 0, 0, 0,-99.000000,-99.000000,-99.000000,-1,0
68475,599103,69.776006,38801.609103,38801.723466,0, 0, 0, 0,-99.000000,-99.000000,-99.000000,-1,1
68475,599104,69.784036,38801.617133,38801.731496,1, 0, 0, 1,-8.735059,4.709550,13.427418,-1,2
68475,599105,69.938793,38801.771890,38801.886253,0, 0, 0, 0,-99.000000,-99.000000,-99.000000,-1,0
68475,599106,70.006310,38801.839407,38801.953770,1, 0, 0, 1,-4.140901,1.986927,-20.351277,-1,2
68475,599107,70.209926,38802.043023,38802.157387,0, 0, 0, 0,-99.000000,-99.000000,-99.000000,-1,0
68475,599108,70.418161,38802.251257,38802.365621,1, 0, 0, 1,-1.403278,3.849001,-14.346313,-1,2
68475,599109,70.448932,38802.282028,38802.396392,1, 0, 0, 1,-6.412827,-0.403182,-6.815051,-1,2
68475,599110,70.455947,38802.289043,38802.403407,0, 0, 0, 0,-99.000000,-99.000000,-99.000000,-1,1
68475,599111,70.456156,38802.289252,38802.403616,1, 0, 0, 1,3.093040,-5.316337,5.651167,-1,2
68475,599112,70.546952,38802.380048,38802.494412,1, 0, 0, 1,6.555138,2.577963,-14.741191,-1,2
68475,599113,70.579249,38802.412344,38802.526709,0, 0, 0, 0,-99.000000,-99.000000,-99.000000,-1,1
68475,599114,70.687959,38802.521054,38802.635419,1, 0, 0, 1,1.558910,-6.670475,-11.477407,-1,2
68475,599115,70.759891,38802.592987,38802.707351,1, 0, 0, 1,-0.745193,-1.458437,0.894579,-1,2
68475,599116,70.771741,38802.604836,38802.719201,0, 0, 0, 0,-99.000000,-99.000000,-99.000000,-1,1
68475,599117,70.786663,38802.619758,38802.734123,1, 0, 0, 1,4.874903,0.396653,-13.011576,-1,2
68475,599118,70.867714,38802.700809,38802.815174,1, 0, 0, 1,-0.961429,1.939789,-11.923228,-1,2
68475,599119,71.389982,38803.223076,38803.337442,1, 0, 0, 1,0.463382,0.578868,-1.193899,-1,2
68475,599120,71.421667,38803.254761,38803.369127,1, 0, 0, 1,-4.810257,5.521167,-13.822047,-1,2
68475,599121,71.505806,38803.338900,38803.453266,1, 0, 0, 1,0.485216,-5.893251,-13.637392,-1,2
68475,599122,71.516361,38803.349455,38803.463821,1, 0, 0, 1,3.653800,9.999981,6.346183,-1,3
68475,599123,71.585851,38803.418944,38803.533311,0, 0, 0, 0,-99.000000,-99.000000,-99.000000,-1,0
68475,599124,71.675512,38803.508605,38803.622972,0, 0, 0, 0,-99.000000,-99.000000,-99.000000,-1,1
68475,599125,71.687331,38803.520424,38803.634791,1, 0, 0, 1,2.601248,-4.588200,17.442733,-1,2
68475,599126,71.982214,38803.815307,38803.929674,0, 0, 0, 0,-99.000000,-99.000000,-99.000000,-1,0
68475,599127,72.105269,38803.938362,38804.052729,1, 0, 0, 1,-4.052873,19.755744,3.136847,-1,2
68475,599128,72.181280,38804.014373,38804.128740,1, 0, 0, 1,-6.140360,5.641837,-18.544066,-1,2
68475,599129,72.185485,38804.018577,38804.132945,0, 0, 0, 0,-99.000000,-99.000000,-99.000000,-1,1
68475,599130,72.189365,38804.022458,38804.136825,0, 0, 0, 0,-99.000000,-99.000000,-99.000000,-1,0
68475,599131,72.293845,38804.126937,38804.241305,1, 0, 0, 1,-4.458916,-7.388732,18.527299,-1,2
68475,599132,72.553352,38804.386444,38804.500812,1, 0, 0, 1,1.164352,-7.947776,-2.938354,-1,2
68475,599133,72.617079,38804.450170,38804.564539,1, 0, 0, 1,6.695270,0.894247,20.465772,-1,2
68475,599134,72.915145,38804.748236,38804.862605,0, 0, 0, 0,-99.000000,-99.000000,-99.000000,-1,0
68475,599135,73.141403,38804.974493,38805.088863,1, 0, 0, 1,-3.145922,9.382935,-7.671159,-1,2
68475,599136,73.731775,38805.564864,38805.679235,1, 0, 0, 1,2.309862,8.688091,10.910074,-1,4
68475,599137,73.913695,38805.746784,38805.861155,0, 0, 0, 0,-99.000000,-99.000000,-99.000000,-1,1
68475,599138,73.952205,38805.785294,38805.899665,0, 0, 0, 0,-99.000000,-99.000000,-99.000000,-1,1
68475,599139,74.576588,38806.409676,38806.524048,1, 0, 0, 1,-6.112728,3.487570,-12.203082,-1,2
68475,599140,74.653669,38806.486757,38806.601129,0, 0, 0, 0,-99.000000,-99.000000,-99.000000,-1,1
68475,599141,74.707699,38806.540786,38806.655159,1, 0, 0, 1,-3.541258,0.155130,-2.304164,-1,2
68475,599142,74.712000,38806.545088,38806.659460,1, 0, 0, 1,1.123634,2.800987,-9.459018,-1,2
68475,599143,74.715549,38806.548636,38806.663009,1, 0, 0, 1,3.194100,-8.727991,9.695141,-1,4
68475,599144,74.821981,38806.655068,38806.769441,0, 0, 0, 0,-99.000000,-99.000000,-99.000000,-1,1
68475,599145,74.974825,38806.807912,38806.922285,1, 0, 0, 1,5.484126,2.018199,-18.069638,-1,2
68475,599146,75.121558,38806.954644,38807.069018,0, 0, 0, 0,-99.000000,-99.000000,-99.000000,-1,1
68475,599147,75.132607,38806.965694,38807.080067,1, 0, 0, 1,9.362853,-1.023771,-4.954630,-1,2
68475,599148,75.229320,38807.062407,38807.176780,1, 0, 0, 1,-5.395501,4.524577,-4.918300,-1,3
68475,599149,75.270208,38807.103295,38807.217668,1, 0, 0, 1,-3.148841,-1.917737,18.990821,-1,2
68475,599150,75.270753,38807.103840,38807.218213,0, 0, 0, 0,-99.000000,-99.000000,-99.000000,-1,0
68475,599151,75.317173,38807.150259,38807.264633,1, 0, 0, 1,-5.189290,-5.580676,7.567933,-1,3
68475,599152,75.317567,38807.150653,38807.265027,0, 0, 0, 0,-99.000000,-99.000000,-99.000000,-1,1
68475,599153,75.493467,38807.326553,38807.440927,0, 0, 0, 0,-99.000000,-99.000000,-99.000000,-1,0
68475,599154,75.602532,38807.435617,38807.549992,1, 0, 0, 1,-0.670051,-7.797571,15.443151,-1,2
68475,599155,75.605464,38807.438549,38807.552924,1, 0, 0, 1,9.630072,4.519767,-18.433248,-1,2
68475,599156,75.908248,38807.741333,38807.855708,0, 0, 0, 0,-99.000000,-99.000000,-99.000000,-1,0
68475,599157,75.919238,38807.752323,38807.866698,1, 0, 0, 1,8.308386,-5.490168,20.352914,-1,2
68475,599158,75.928927,38807.762012,38807.876387,0, 0, 0, 0,-99.000000,-99.000000,-99.000000,-1,1
68475,599159,75.973983,38807.807068,38807.921443,1, 0, 0, 1,-6.090276,0.470986,7.057582,-1,2
68475,599160,76.045190,38807.878275,38807.992651,1, 0, 0, 1,-3.837198,-0.254714,-0.075946,-1,2
68475,599161,76.189072,38808.022156,38808.136532,0, 0, 0, 0,-99.000000,-99.000000,-99.000000,-1,1
68475,599162,76.234980,38808.068064,38808.182440,1, 0, 0, 1,-3.953134,0.180807,13.912010,-1,2
68475,599163,76.239742,38808.072827,38808.187202,0, 0, 0, 0,-99.000000,-99.000000,-99.000000,-1,0
68475,599164,76.348500,38808.181584,38808.295960,0, 0, 0, 0,-99.000000,-99.000000,-99.000000,-1,1
68475,599165,76.474143,38808.307227,38808.421603,0, 0, 0, 0,-99.000000,-99.000000,-99.000000,-1,0
68475,599166,76.584717,38808.417801,38808.532177,0, 0, 0, 0,-99.000000,-99.000000,-99.000000,-1,1
68475,599167,76.589828,38808.422911,38808.537288,1, 0, 0, 1,-6.121560,4.819045,-0.112998,-1,2
68475,599168,76.640188,38808.473272,38808.587649,1, 0, 0, 1,2.707776,-2.227010,-3.464330,-1,2
68475,599169,76.752099,38808.585182,38808.699559,1, 0, 0, 1,-0.547873,-2.274271,19.983929,-1,2
68475,599170,76.839729,38808.672812,38808.787189,1, 0, 0, 1,-1.657553,-3.109233,-10.116264,-1,2
68475,599171,77.097962,38808.931044,38809.045422,1, 0, 0, 1,1.472765,5.438124,1.127015,-1,2
68475,599172,77.143045,38808.976127,38809.090505,0, 0, 0, 0,-99.000000,-99.000000,-99.000000,-1,0
68475,599173,77.255709,38809.088791,38809.203169,0, 0, 0, 0,-99.000000,-99.000000,-99.000000,-1,1
68475,599174,77.375097,38809.208179,38809.322557,0, 0, 0, 0,-99.000000,-99.000000,-99.000000,-1,0
68475,599175,77.435941,38809.269023,38809.383401,0, 0, 0, 0,-99.000000,-99.000000,-99.000000,-1,1
68475,599176,77.486001,38809.319083,38809.433461,1, 0, 0, 1,2.392956,-6.246177,4.272044,-1,2
68475,599177,77.612364,38809.445446,38809.559825,1, 0, 0, 1,4.658973,-2.900624,0.812261,-1,2
68475,599178,77.647617,38809.480699,38809.595077,1, 0, 0, 1,0.954876,-3.842028,-11.952400,-1,2
68475,599179,78.051929,38809.885010,38809.999389,1, 0, 0, 1,-1.704965,6.246625,15.968521,-1,2
68475,599180,78.121199,38809.954279,38810.068659,1, 0, 0, 1,-0.128449,-4.886541,-10.518237,-1,2
68475,599181,78.197444,38810.030524,38810.144904,0, 0, 0, 0,-99.000000,-99.000000,-99.000000,-1,1
68475,599182,78.329983,38810.163064,38810.277444,1, 0, 0, 1,3.840515,2.481400,-3.979093,-1,2
68475,599183,78.358652,38810.191732,38810.306112,0, 0, 0, 0,-99.000000,-99.000000,-99.000000,-1,0
68475,599184,78.528538,38810.361618,38810.475998,0, 0, 0, 0,-99.000000,-99.000000,-99.000000,-1,1
68475,599185,78.804382,38810.637461,38810.751842,1, 0, 0, 1,3.575320,-7.966884,17.165576,-1,2
68475,599186,78.899133,38810.732212,38810.846593,1, 0, 0, 1,6.588027,-5.339183,-5.978395,-1,2
68475,599187,78.953444,38810.786523,38810.900904,0, 0, 0, 0,-99.000000,-99.000000,-99.000000,-1,0
68475,599188,79.131598,38810.964677,38811.079058,0, 0, 0, 0,-99.000000,-99.000000,-99.000000,-1,1
68475,599189,79.247308,38811.080387,38811.194768,1, 0, 0, 1,6.394084,2.456721,-12.893415,-1,2
68475,599190,79.352650,38811.185728,38811.300110,0, 0, 0, 0,-99.000000,-99.000000,-99.000000,-1,1
68475,599191,79.550668,38811.383746,38811.498128,1, 0, 0, 1,4.542724,2.046057,-8.611025,-1,2
68475,599192,79.692907,38811.525984,38811.640367,1, 0, 0, 1,8.043936,3.065777,5.619476,-1,2
68475,599193,79.727426,38811.560503,38811.674886,1, 0, 0, 1,8.573931,11.035130,11.591104,-1,2
68475,599194,79.811167,38811.644244,38811.758627,1, 0, 0, 1,-6.120567,6.751695,11.969054,-1,2
68475,599195,79.813471,38811.646549,38811.760932,1, 0, 0, 1,0.703180,-1.068613,-2.572129,-1,2
68475,599196,79.995267,38811.828344,38811.942727,1, 0, 0, 1,-5.960542,5.011770,4.314638,-1,2
68475,599197,80.214654,38812.047730,38812.162114,0, 0, 0, 0,-99.000000,-99.000000,-99.000000,-1,1
68475,599198,80.373135,38812.206211,38812.320595,1, 0, 0, 1,-0.588623,1.206768,13.348228,-1,2
68475,599199,80.578923,38812.411999,38812.526383,1, 0, 0, 1,-1.195174,-4.115950,18.304986,-1,2
68475,599200,80.723375,38812.556450,38812.670835,1, 0, 0, 1,5.153071,1.384636,6.129926,-1,2
68475,599201,80.990682,38812.823757,38812.938142,1, 0, 0, 1,6.206178,-1.282649,-5.268357,-1,2
68475,599202,80.999711,38812.832786,38812.947171,1, 0, 0, 1,-2.160369,6.921554,-9.763330,-1,2
68475,599203,81.701555,38813.534629,38813.649015,1, 0, 0, 1,-8.054902,-0.369079,-18.923335,-1,2
68475,599204,81.879050,38813.712123,38813.826510,0, 0, 0, 0,-99.000000,-99.000000,-99.000000,-1,1
68475,599205,81.919903,38813.752976,38813.867363,0, 0, 0, 0,-99.000000,-99.000000,-99.000000,-1,1
68475,599206,82.040511,38813.873583,38813.987971,0, 0, 0, 0,-99.000000,-99.000000,-99.000000,-1,0
68475,599207,82.063376,38813.896449,38814.010837,1, 0, 0, 1,-3.736382,-0.839221,5.464630,-1,2
68475,599208,82.167307,38814.000379,38814.114767,1, 0, 0, 1,1.523283,-2.510301,8.002539,-1,2
68475,599209,82.169930,38814.003002,38814.117390,1, 0, 0, 1,1.827907,-5.207213,2.267074,-1,5
68475,599210,82.211060,38814.044132,38814.158520,1, 0, 0, 1,-3.701366,-3.263088,11.816363,-1,2
68475,599211,82.239683,38814.072755,38814.187143,0, 0, 0, 0,-99.000000,-99.000000,-99.000000,-1,0
68475,599212,82.430013,38814.263084,38814.377473,1, 0, 0, 1,-5.702987,-4.136171,-13.809983,-1,3
68475,599213,82.504155,38814.337227,38814.451616,1, 0, 0, 1,2.620142,-3.276277,-9.711518,-1,2
68475,599214,82.630595,38814.463667,38814.578055,1, 0, 0, 1,8.352740,4.254350,9.631346,-1,2
68475,599215,82.817867,38814.650938,38814.765327,1, 0, 0, 1,-3.217532,-2.775107,12.008713,-1,2
68475,599216,83.005718,38814.838789,38814.953178,1, 0, 0, 1,-1.846977,3.623505,-13.040300,-1,2
68475,599217,83.151543,38814.984614,38815.099003,0, 0, 0, 0,-99.000000,-99.000000,-99.000000,-1,0
68475,599218,83.372373,38815.205443,38815.319833,0, 0, 0, 0,-99.000000,-99.000000,-99.000000,-1,1
68475,599219,83.508100,38815.341169,38815.455560,0, 0, 0, 0,-99.000000,-99.000000,-99.000000,-1,0
68475,599220,83.536799,38815.369868,38815.484259,1, 0, 0, 1,-0.847012,-6.347557,16.051503,-1,2
68475,599221,83.611186,38815.444255,38815.558646,1, 0, 0, 1,2.592029,4.378000,3.576732,-1,2
68475,599222,83.681718,38815.514787,38815.629178,1, 0, 0, 1,5.733201,-7.278751,-13.573273,-1,2
68475,599223,83.815242,38815.648311,38815.762702,0, 0, 0, 0,-99.000000,-99.000000,-99.000000,-1,0
68475,599224,84.040509,38815.873578,38815.987969,1, 0, 0, 1,-3.702719,1.072140,5.398205,-1,2
68475,599225,84.089305,38815.922374,38816.036765,1, 0, 0, 1,-4.057861,7.103624,17.243642,-1,2
68475,599226,84.112105,38815.945174,38816.059565,1, 0, 0, 1,-4.500205,-6.193931,16.567993,-1,2
68475,599227,84.297180,38816.130248,38816.244640,1, 0, 0, 1,1.687090,5.666239,-18.544267,-1,2
68475,599228,84.463055,38816.296123,38816.410515,1, 0, 0, 1,-3.770487,0.409483,14.595903,-1,2
68475,599229,84.596059,38816.429127,38816.543519,0, 0, 0, 0,-99.000000,-99.000000,-99.000000,-1,0
68475,599230,84.776314,38816.609381,38816.723774,0, 0, 0, 0,-99.000000,-99.000000,-99.000000,-1,1
68475,599231,84.780843,38816.613910,38816.728303,0, 0, 0, 0,-99.000000,-99.000000,-99.000000,-1,1
68475,599232,84.867440,38816.700507,38816.814900,1, 0, 0, 1,-0.951078,7.989027,-12.239654,-1,2
68475,599233,85.059242,38816.892309,38817.006702,1, 0, 0, 1,-5.011876,-1.629862,0.844870,-1,3
68475,599234,85.125623,38816.958690,38817.073083,1, 0, 0, 1,-5.713827,-1.276274,-1.894922,-1,4
68475,599235,85.125832,38816.958899,38817.073292,1, 0, 0, 1,1.486128,2.628037,2.988032,-1,2
68475,599236,85.131236,38816.964303,38817.078696,1, 0, 0, 1,-1.630332,-0.664646,-17.090339,-1,2
68475,599237,85.285495,38817.118561,38817.232955,1, 0, 0, 1,16.735688,-2.203125,16.334320,-1,2
68475,599238,85.288045,38817.121111,38817.235505,1, 0, 0, 1,-6.667301,3.144729,6.160846,-1,2
68475,599239,85.470919,38817.303985,38817.418379,1, 0, 0, 1,-7.135126,5.066794,-6.170252,-1,2
68475,599240,85.606304,38817.439370,38817.553764,1, 0, 0, 1,-6.051646,1.997668,3.408900,-1,2
68475,599241,85.695976,38817.529041,38817.643436,1, 0, 0, 1,0.277310,8.292899,-3.134810,-1,2
68475,599242,86.207026,38818.040091,38818.154487,0, 0, 0, 0,-99.000000,-99.000000,-99.000000,-1,0
68475,599243,86.231751,38818.064815,38818.179211,0, 0, 0, 0,-99.000000,-99.000000,-99.000000,-1,0
68475,599244,86.261212,38818.094276,38818.208672,1, 0, 0, 1,3.565633,-1.723145,-16.537705,-1,2
68475,599245,86.274332,38818.107396,38818.221792,0, 0, 0, 0,-99.000000,-99.000000,-99.000000,-1,0
68475,599246,86.292377,38818.125441,38818.239837,0, 0, 0, 0,-99.000000,-99.000000,-99.000000,-1,0
68475,599247,86.412683,38818.245747,38818.360143,0, 0, 0, 0,-99.000000,-99.000000,-99.000000,-1,0
68475,599248,86.686538,38818.519602,38818.633999,1, 0, 0, 1,-0.372258,3.045550,-1.528459,-1,2
68475,599249,86.852679,38818.685742,38818.800139,1, 0, 0, 1,3.713947,9.169572,19.323046,-1,2
68475,599250,86.867626,38818.700689,38818.815087,0, 0, 0, 0,-99.000000,-99.000000,-99.000000,-1,0
68475,599251,86.979690,38818.812753,38818.927150,1, 0, 0, 1,7.483558,0.728078,-10.538814,-1,2
68475,599252,87.152001,38818.985063,38819.099461,1, 0, 0, 1,7.430322,9.312773,-20.838702,-1,3
68475,599253,87.298162,38819.131224,38819.245622,1, 0, 0, 1,-2.817365,2.670829,-19.113630,-1,2
68475,599254,87.583826,38819.416888,38819.531286,1, 0, 0, 1,3.506755,4.761237,-4.252983,-1,2
68475,599255,87.604102,38819.437163,38819.551562,1, 0, 0, 1,-4.495660,7.860173,20.483057,-1,2
68475,599256,87.992396,38819.825457,38819.939856,0, 0, 0, 0,-99.000000,-99.000000,-99.000000,-1,1
68475,599257,88.130497,38819.963557,38820.077957,1, 0, 0, 1,4.846722,4.662706,17.996058,-1,2
68475,599258,88.206032,38820.039093,38820.153492,0, 0, 0, 0,-99.000000,-99.000000,-99.000000,-1,1
68475,599259,88.214085,38820.047145,38820.161545,1, 0, 0, 1,7.395948,-0.069082,-6.072886,-1,2
68475,599260,88.337291,38820.170351,38820.284751,1, 0, 0, 1,2.630407,-1.727579,17.955795,-1,2
68475,599261,88.496166,38820.329225,38820.443626,0, 0, 0, 0,-99.000000,-99.000000,-99.000000,-1,1
68475,599262,88.506958,38820.340018,38820.454418,1, 0, 0, 1,4.430695,10.834580,-5.838005,-1,2
68475,599263,88.573290,38820.406349,38820.520750,0, 0, 0, 0,-99.000000,-99.000000,-99.000000,-1,0
68475,599264,88.634128,38820.467187,38820.581588,1, 0, 0, 1,0.548174,-1.738854,16.815836,-1,2
68475,599265,88.837228,38820.670287,38820.784688,0, 0, 0, 0,-99.000000,-99.000000,-99.000000,-1,1
68475,599266,88.850209,38820.683268,38820.797669,0, 0, 0, 0,-99.000000,-99.000000,-99.000000,-1,0
68475,599267,88.870676,38820.703735,38820.818136,0, 0, 0, 0,-99.000000,-99.000000,-99.000000,-1,1
68475,599268,88.874053,38820.707112,38820.821513,0, 0, 0, 0,-99.000000,-99.000000,-99.000000,-1,1
68475,599269,89.292364,38821.125422,38821.239824,1, 0, 0, 1,7.623761,1.917121,11.080635,-1,2
68475,599270,89.484532,38821.317590,38821.431992,1, 0, 0, 1,-1.729599,2.604040,14.936807,-1,2
68475,599271,89.610986,38821.444043,38821.558446,1, 0, 0, 1,-1.710330,2.669926,8.782219,-1,2
68475,599272,89.839305,38821.672362,38821.786766,1, 0, 0, 1,4.011749,2.236429,-7.755837,-1,2
68475,599273,89.851024,38821.684081,38821.798484,0, 0, 0, 0,-99.000000,-99.000000,-99.000000,-1,1
68475,599274,89.908374,38821.741431,38821.855834,0, 0, 0, 0,-99.000000,-99.000000,-99.000000,-1,1
68475,599275,89.993673,38821.826730,38821.941134,1, 0, 0, 1,-0.167365,0.421211,-4.399897,-1,2
68475,599276,90.408666,38822.241721,38822.356126,0, 0, 0, 0,-99.000000,-99.000000,-99.000000,-1,1
68475,599277,90.498384,38822.331439,38822.445844,0, 0, 0, 0,-99.000000,-99.000000,-99.000000,-1,1
68475,599278,90.565465,38822.398521,38822.512925,1, 0, 0, 1,1.793872,7.120207,-1.383027,-1,2
68475,599279,90.608218,38822.441273,38822.555678,0, 0, 0, 0,-99.000000,-99.000000,-99.000000,-1,1
68475,599280,90.858592,38822.691647,38822.806052,0, 0, 0, 0,-99.000000,-99.000000,-99.000000,-1,1
68475,599281,90.877221,38822.710276,38822.824681,0, 0, 0, 0,-99.000000,-99.000000,-99.000000,-1,1
68475,599282,90.904477,38822.737532,38822.851937,1, 0, 0, 1,0.731710,-1.318899,-9.428387,-1,2
68475,599283,90.939650,38822.772705,38822.887110,0, 0, 0, 0,-99.000000,-99.000000,-99.000000,-1,1
68475,599284,91.013553,38822.846607,38822.961013,1, 0, 0, 1,3.102642,-4.734370,-6.788242,-1,2
68475,599285,91.292709,38823.125763,38823.240169,0, 0, 0, 0,-99.000000,-99.000000,-99.000000,-1,1
68475,599286,91.494628,38823.327682,38823.442088,0, 0, 0, 0,-99.000000,-99.000000,-99.000000,-1,1
68475,599287,91.585267,38823.418320,38823.532727,1, 0, 0, 1,-3.405101,0.109866,-15.286176,-1,2
68475,599288,91.666954,38823.500008,38823.614414,1, 0, 0, 1,-5.259514,-5.795416,-2.577063,-1,3
68475,599289,91.767927,38823.600980,38823.715387,0, 0, 0, 0,-99.000000,-99.000000,-99.000000,-1,1
68475,599290,92.040898,38823.873951,38823.988358,0, 0, 0, 0,-99.000000,-99.000000,-99.000000,-1,1
68475,599291,92.071882,38823.904935,38824.019342,1, 0, 0, 1,-9.392070,2.728088,-4.060059,-1,2
68475,599292,92.123951,38823.957003,38824.071411,0, 0, 0, 0,-99.000000,-99.000000,-99.000000,-1,0
68475,599293,92.239893,38824.072945,38824.187353,1, 0, 0, 1,-3.681633,6.662519,15.766309,-1,2
68475,599294,92.363147,38824.196199,38824.310607,1, 0, 0, 1,-3.752357,-6.860938,6.148738,-1,2
68475,599295,92.586567,38824.419619,38824.534027,1, 0, 0, 1,1.920110,6.801558,12.465519,-1,2
68475,599296,92.601138,38824.434189,38824.548598,0, 0, 0, 0,-99.000000,-99.000000,-99.000000,-1,0
68475,599297,92.609895,38824.442946,38824.557355,0, 0, 0, 0,-99.000000,-99.000000,-99.000000,-1,1
68475,599298,92.670785,38824.503836,38824.618245,0, 0, 0, 0,-99.000000,-99.000000,-99.000000,-1,1
68475,599299,92.799710,38824.632761,38824.747170,1, 0, 0, 1,-1.968525,6.450882,-1.705080,-1,2
68475,599300,92.916405,38824.749455,38824.863865,0, 0, 0, 0,-99.000000,-99.000000,-99.000000,-1,1
68475,599301,92.921301,38824.754351,38824.868761,1, 0, 0, 1,-1.286074,-1.193159,-1.463208,-1,2
68475,599302,92.987091,38824.820142,38824.934551,0, 0, 0, 0,-99.000000,-99.000000,-99.000000,-1,0
68475,599303,93.103345,38824.936396,38825.050805,0, 0, 0, 0,-99.000000,-99.000000,-99.000000,-1,0
68475,599304,93.122415,38824.955465,38825.069875,0, 0, 0, 0,-99.000000,-99.000000,-99.000000,-1,0
68475,599305,93.275611,38825.108661,38825.223071,0, 0, 0, 0,-99.000000,-99.000000,-99.000000,-1,0
68475,599306,93.302717,38825.135767,38825.250177,0, 0, 0, 0,-99.000000,-99.000000,-99.000000,-1,1
68475,599307,93.375981,38825.209031,38825.323441,0, 0, 0, 0,-99.000000,-99.000000,-99.000000,-1,0
68475,599308,93.470145,38825.303195,38825.417605,1, 0, 0, 1,4.120217,4.760686,10.633453,-1,2
68475,599309,93.493962,38825.327012,38825.441422,1, 0, 0, 1,7.314113,1.723749,-7.156425,-1,2
68475,599310,93.495751,38825.328801,38825.443211,0, 0, 0, 0,-99.000000,-99.000000,-99.000000,-1,1
68475,599311,93.506220,38825.339270,38825.453681,0, 0, 0, 0,-99.000000,-99.000000,-99.000000,-1,1
68475,599312,93.526969,38825.360018,38825.474429,0, 0, 0, 0,-99.000000,-99.000000,-99.000000,-1,1
68475,599313,93.542353,38825.375403,38825.489813,0, 0, 0, 0,-99.000000,-99.000000,-99.000000,-1,0
68475,599314,93.714246,38825.547296,38825.661706,1, 0, 0, 1,7.613719,-3.373891,-7.710945,-1,2
68475,599315,93.727064,38825.560113,38825.674524,0, 0, 0, 0,-99.000000,-99.000000,-99.000000,-1,1
68475,599316,93.836121,38825.669170,38825.783582,1, 0, 0, 1,-0.867782,-11.712672,15.310837,-1,2
68475,599317,93.948672,38825.781721,38825.896132,0, 0, 0, 0,-99.000000,-99.000000,-99.000000,-1,1
68475,599318,93.980434,38825.813483,38825.927894,1, 0, 0, 1,-4.389272,1.139344,-12.842813,-1,2
68475,599319,94.286015,38826.119063,38826.233475,0, 0, 0, 0,-99.000000,-99.000000,-99.000000,-1,1
68475,599320,94.557452,38826.390500,38826.504913,1, 0, 0, 1,-2.083551,1.239218,-1.447170,-1,2
68475,599321,94.658890,38826.491937,38826.606350,1, 0, 0, 1,2.291291,-3.880320,0.947987,-1,2
68475,599322,94.684621,38826.517668,38826.632081,1, 0, 0, 1,-2.130078,-0.285011,-8.111088,-1,2
68475,599323,94.725884,38826.558931,38826.673344,1, 0, 0, 1,-0.596774,-6.951368,2.186441,-1,2
68475,599324,94.809186,38826.642233,38826.756646,1, 0, 0, 1,6.509060,-0.917738,-2.308147,-1,2
68475,599325,94.897330,38826.730377,38826.844790,1, 0, 0, 1,-1.109572,-4.020756,-2.202605,-1,2
68475,599326,94.952835,38826.785882,38826.900296,0, 0, 0, 0,-99.000000,-99.000000,-99.000000,-1,1
68475,599327,95.399477,38827.232523,38827.346937,1, 0, 0, 1,5.686649,1.461251,0.915424,-1,2
68475,599328,95.525500,38827.358545,38827.472960,0, 0, 0, 0,-99.000000,-99.000000,-99.000000,-1,1
68475,599329,95.668349,38827.501394,38827.615809,1, 0, 0, 1,2.396305,-4.071243,20.343111,-1,2
68475,599330,95.687875,38827.520920,38827.635335,1, 0, 0, 1,1.977599,-3.120225,-10.052524,-1,2
68475,599331,95.828137,38827.661182,38827.775597,1, 0, 0, 1,-6.423005,-2.235005,0.381156,-1,2
68475,599332,95.860771,38827.693816,38827.808232,1, 0, 0, 1,3.637504,1.479056,-7.615772,-1,2
68475,599333,96.067540,38827.900584,38828.015000,0, 0, 0, 0,-99.000000,-99.000000,-99.000000,-1,1
68475,599334,96.079299,38827.912343,38828.026759,1, 0, 0, 1,6.612837,1.690772,-20.683895,-1,2
68475,599335,96.264610,38828.097654,38828.212070,1, 0, 0, 1,1.721176,0.124249,-14.896845,-1,2
68475,599336,96.339782,38828.172826,38828.287242,1, 0, 0, 1,-4.608013,-3.437437,-5.902609,-1,2
68475,599337,96.441078,38828.274121,38828.388538,0, 0, 0, 0,-99.000000,-99.000000,-99.000000,-1,1
68475,599338,96.534670,38828.367714,38828.482130,0, 0, 0, 0,-99.000000,-99.000000,-99.000000,-1,0
68475,599339,96.567131,38828.400174,38828.514591,1, 0, 0, 1,-5.715047,-3.881142,12.213708,-1,2
68475,599340,96.606653,38828.439697,38828.554114,1, 0, 0, 1,-4.349989,0.115950,0.756421,-1,2
68475,599341,96.631000,38828.464043,38828.578460,0, 0, 0, 0,-99.000000,-99.000000,-99.000000,-1,1
68475,599342,96.890116,38828.723159,38828.837576,0, 0, 0, 0,-99.000000,-99.000000,-99.000000,-1,1
68475,599343,96.919054,38828.752097,38828.866514,0, 0, 0, 0,-99.000000,-99.000000,-99.000000,-1,1
68475,599344,97.026472,38828.859514,38828.973932,0, 0, 0, 0,-99.000000,-99.000000,-99.000000,-1,1
68475,599345,97.073549,38828.906591,38829.021009,0, 0, 0, 0,-99.000000,-99.000000,-99.000000,-1,0
68475,599346,97.163548,38828.996591,38829.111008,0, 0, 0, 0,-99.000000,-99.000000,-99.000000,-1,0
68475,599347,97.339561,38829.172603,38829.287021,0, 0, 0, 0,-99.000000,-99.000000,-99.000000,-1,1
68475,599348,97.463445,38829.296486,38829.410905,1, 0, 0, 1,7.720671,-2.677577,-1.220915,-1,2
68475,599349,97.672572,38829.505613,38829.620032,0, 0, 0, 0,-99.000000,-99.000000,-99.000000,-1,1
68475,599350,97.701156,38829.534197,38829.648616,0, 0, 0, 0,-99.000000,-99.000000,-99.000000,-1,1
68475,599351,97.740162,38829.573204,38829.687622,1, 0, 0, 1,3.254968,-4.352466,11.339951,-1,2
68475,599352,97.772477,38829.605518,38829.719937,0, 0, 0, 0,-99.000000,-99.000000,-99.000000,-1,1
68475,599353,97.853849,38829.686889,38829.801309,1, 0, 0, 1,-4.893279,3.333054,-15.816866,-1,2
68475,599354,97.981505,38829.814546,38829.928965,1, 0, 0, 1,0.459319,-1.351741,6.266412,-1,2
68475,599355,98.153494,38829.986535,38830.100955,0, 0, 0, 0,-99.000000,-99.000000,-99.000000,-1,1
68475,599356,98.214312,38830.047352,38830.161772,1, 0, 0, 1,-5.047475,6.734111,13.531556,-1,2
68475,599357,98.336773,38830.169813,38830.284233,0, 0, 0, 0,-99.000000,-99.000000,-99.000000,-1,1
68475,599358,98.565119,38830.398159,38830.512579,1, 0, 0, 1,-7.028411,2.597505,-14.441367,-1,2
68475,599359,98.635298,38830.468337,38830.582758,0, 0, 0, 0,-99.000000,-99.000000,-99.000000,-1,0
68475,599360,98.762671,38830.595710,38830.710131,0, 0, 0, 0,-99.000000,-99.000000,-99.000000,-1,0
68475,599361,98.850881,38830.683920,38830.798341,1, 0, 0, 1,1.554349,0.411165,-14.915447,-1,2
68475,599362,99.129750,38830.962789,38831.077210,0, 0, 0, 0,-99.000000,-99.000000,-99.000000,-1,1
68475,599363,99.162102,38830.995141,38831.109562,1, 0, 0, 1,1.091771,9.282203,13.467636,-1,2
68475,599364,99.205993,38831.039031,38831.153453,0, 0, 0, 0,-99.000000,-99.000000,-99.000000,-1,0
68475,599365,99.479297,38831.312335,38831.426757,1, 0, 0, 1,2.504531,-0.644077,2.212176,-1,2
68475,599366,99.517719,38831.350756,38831.465179,1, 0, 0, 1,7.685304,2.153218,12.341762,-1,2
68475,599367,99.563421,38831.396458,38831.510881,1, 0, 0, 1,-1.092072,-0.699327,6.472998,-1,2
68475,599368,99.592817,38831.425854,38831.540277,0, 0, 0, 0,-99.000000,-99.000000,-99.000000,-1,1
68475,599369,99.713401,38831.546439,38831.660861,1, 0, 0, 1,-6.220171,-1.813213,0.832458,-1,2
68475,599370,99.723108,38831.556145,38831.670568,0, 0, 0, 0,-99.000000,-99.000000,-99.000000,-1,1
68475,599371,99.844316,38831.677353,38831.791776,0, 0, 0, 0,-99.000000,-99.000000,-99.000000,-1,1
68475,599372,99.935895,38831.768932,38831.883355,1, 0, 0, 1,-3.696326,5.458231,2.456931,-1,2
68475,599373,100.006700,38831.839737,38831.954160,1, 0, 0, 1,-0.564589,-6.466964,-8.222731,-1,2
68475,599374,100.106175,38831.939211,38832.053635,0, 0, 0, 0,-99.000000,-99.000000,-99.000000,-1,1
68475,599375,100.122008,38831.955044,38832.069468,1, 0, 0, 1,-2.908370,-7.677135,14.409761,-1,2
68475,599376,100.214094,38832.047130,38832.161554,0, 0, 0, 0,-99.000000,-99.000000,-99.000000,-1,0
68475,599377,100.241735,38832.074772,38832.189196,1, 0, 0, 1,-1.754007,-6.977051,-11.304868,-1,2
68475,599378,100.475314,38832.308350,38832.422775,0, 0, 0, 0,-99.000000,-99.000000,-99.000000,-1,1
68475,599379,100.519402,38832.352438,38832.466862,0, 0, 0, 0,-99.000000,-99.000000,-99.000000,-1,1
68475,599380,100.600956,38832.433991,38832.548416,0, 0, 0, 0,-99.000000,-99.000000,-99.000000,-1,1
68475,599381,100.846904,38832.679939,38832.794364,1, 0, 0, 1,7.753133,-1.022564,-16.920995,-1,2
68475,599382,100.853922,38832.686957,38832.801382,0, 0, 0, 0,-99.000000,-99.000000,-99.000000,-1,1
68475,599383,100.938540,38832.771574,38832.886000,1, 0, 0, 1,-3.915474,-2.771047,1.031443,-1,2
68475,599384,101.006162,38832.839197,38832.953623,0, 0, 0, 0,-99.000000,-99.000000,-99.000000,-1,1
68475,599385,101.012280,38832.845314,38832.959740,0, 0, 0, 0,-99.000000,-99.000000,-99.000000,-1,0
68475,599386,101.102859,38832.935893,38833.050319,1, 0, 0, 1,2.686029,1.272017,-1.605788,-1,2
68475,599387,101.120621,38832.953656,38833.068081,1, 0, 0, 1,2.781238,-0.335159,-0.653826,-1,2
68475,599388,101.307291,38833.140325,38833.254751,1, 0, 0, 1,5.026163,-0.336753,11.126786,-1,2
68475,599389,101.325215,38833.158249,38833.272675,0, 0, 0, 0,-99.000000,-99.000000,-99.000000,-1,0
68475,599390,101.423576,38833.256610,38833.371036,0, 0, 0, 0,-99.000000,-99.000000,-99.000000,-1,1
68475,599391,101.430372,38833.263406,38833.377832,0, 0, 0, 0,-99.000000,-99.000000,-99.000000,-1,1
68475,599392,101.433494,38833.266527,38833.380954,1, 0, 0, 1,3.463030,-2.133378,7.571142,-1,2
68475,599393,101.738408,38833.571441,38833.685868,1, 0, 0, 1,1.428959,-8.549637,-8.714139,-1,2
68475,599394,101.798791,38833.631824,38833.746251,0, 0, 0, 0,-99.000000,-99.000000,-99.000000,-1,1
68475,600089,0.097532,38910.973695,38911.088278,0, 0, 0, 0,-99.000000,-99.000000,-99.000000,-1,1
68475,600090,0.149659,38911.025823,38911.140405,0, 0, 0, 0,-99.000000,-99.000000,-99.000000,-1,1
68475,600091,0.194582,38911.070745,38911.185328,0, 0, 0, 0,-99.000000,-99.000000,-99.000000,-1,1
68475,600092,0.501697,38911.377860,38911.492443,1, 0, 0, 1,-3.449539,6.181231,9.569029,-1,2
68475,600093,0.714424,38911.590586,38911.705170,0, 0, 0, 0,-99.000000,-99.000000,-99.000000,-1,1
68475,600094,1.055036,38911.931197,38912.045781,0, 0, 0, 0,-99.000000,-99.000000,-99.000000,-1,1
68475,600095,1.172706,38912.048868,38912.163452,0, 0, 0, 0,-99.000000,-99.000000,-99.000000,-1,0
68475,600096,1.229097,38912.105258,38912.219843,0, 0, 0, 0,-99.000000,-99.000000,-99.000000,-1,1
68475,600097,1.362827,38912.238988,38912.353573,0, 0, 0, 0,-99.000000,-99.000000,-99.000000,-1,0
68475,600098,1.565921,38912.442082,38912.556667,0, 0, 0, 0,-99.000000,-99.000000,-99.000000,-1,1
68475,600099,1.648376,38912.524536,38912.639122,1, 0, 0, 1,2.493216,0.811451,15.491292,-1,2
68475,600100,1.913517,38912.789677,38912.904263,1, 0, 0, 1,7.871156,1.668424,19.177193,-1,2
68475,600101,1.914687,38912.790847,38912.905433,1, 0, 0, 1,-5.681475,0.379419,-0.981150,-1,2
68475,600102,1.956041,38912.832200,38912.946786,0, 0, 0, 0,-99.000000,-99.000000,-99.000000,-1,1
68475,600103,2.402952,38913.279111,38913.393698,1, 0, 0, 1,-2.736733,2.305887,-12.654036,-1,2
68475,600104,2.481482,38913.357641,38913.472228,1, 0, 0, 1,-7.812998,-0.255018,-15.356575,-1,2
68475,600105,2.568319,38913.444478,38913.559065,0, 0, 0, 0,-99.000000,-99.000000,-99.000000,-1,1
68475,600106,2.704332,38913.580490,38913.695077,1, 0, 0, 1,-4.703229,-5.090553,10.140897,-1,2
68475,600107,2.745386,38913.621544,38913.736132,1, 0, 0, 1,4.207482,1.739864,-4.761035,-1,2
68475,600108,2.781073,38913.657231,38913.771818,1, 0, 0, 1,1.256456,1.155179,15.220337,-1,2
68475,600109,2.821424,38913.697582,38913.812169,0, 0, 0, 0,-99.000000,-99.000000,-99.000000,-1,1
68475,600110,2.843850,38913.720008,38913.834596,1, 0, 0, 1,-4.890845,7.576335,-5.425897,-1,2
68475,600111,2.979481,38913.855639,38913.970227,1, 0, 0, 1,0.776255,0.587009,11.974389,-1,2
68475,600112,3.203852,38914.080010,38914.194598,1, 0, 0, 1,5.965145,-3.036078,-0.511997,-1,2
68475,600113,3.219465,38914.095622,38914.210211,0, 0, 0, 0,-99.000000,-99.000000,-99.000000,-1,1
68475,600114,3.299126,38914.175283,38914.289872,0, 0, 0, 0,-99.000000,-99.000000,-99.000000,-1,0
68475,600115,3.520692,38914.396849,38914.511438,1, 0, 0, 1,-0.870170,2.982479,18.879111,-1,2
68475,600116,3.632909,38914.509066,38914.623655,1, 0, 0, 1,-5.227655,5.493525,19.452762,-1,2
68475,600117,3.666319,38914.542475,38914.657064,0, 0, 0, 0,-99.000000,-99.000000,-99.000000,-1,1
68475,600118,3.690013,38914.566169,38914.680758,0, 0, 0, 0,-99.000000,-99.000000,-99.000000,-1,0
68475,600119,3.718453,38914.594609,38914.709199,1, 0, 0, 1,-2.839663,0.185816,-11.659503,-1,2
68475,600120,3.900260,38914.776416,38914.891006,1, 0, 0, 1,-0.046448,3.179960,-17.942122,-1,2
68475,600121,3.987705,38914.863861,38914.978451,0, 0, 0, 0,-99.000000,-99.000000,-99.000000,-1,0
68475,600122,4.032510,38914.908666,38915.023256,0, 0, 0, 0,-99.000000,-99.000000,-99.000000,-1,1
68475,600123,4.181011,38915.057166,38915.171757,1, 0, 0, 1,2.500025,0.290350,10.534805,-1,2
68475,600124,4.743878,38915.620032,38915.734624,1, 0, 0, 1,-8.303788,1.720578,9.292247,-1,2
68475,600125,4.802496,38915.678650,38915.793242,1, 0, 0, 1,-6.816164,0.262036,8.943049,-1,2
68475,600126,4.898477,38915.774630,38915.889222,1, 0, 0, 1,-2.475387,-8.724313,-15.460471,-1,2
68475,600127,5.022834,38915.898988,38916.013580,1, 0, 0, 1,-3.450181,4.293358,-5.524823,-1,2
68475,600128,5.099214,38915.975368,38916.089960,1, 0, 0, 1,1.243367,-2.813415,10.300366,-1,2
68475,600129,5.230625,38916.106778,38916.221370,1, 0, 0, 1,3.716707,-1.148578,-11.882320,-1,2
68475,600130,5.422944,38916.299097,38916.413690,0, 0, 0, 0,-99.000000,-99.000000,-99.000000,-1,1
68475,600131,5.530229,38916.406382,38916.520975,1, 0, 0, 1,2.310560,-1.268175,8.533231,-1,2
68475,600132,5.661522,38916.537674,38916.652267,1, 0, 0, 1,8.980941,6.571365,8.863952,-1,3
68475,600133,5.829016,38916.705168,38916.819762,1, 0, 0, 1,3.476185,1.289162,-10.583694,-1,2
68475,600134,5.895599,38916.771751,38916.886345,0, 0, 0, 0,-99.000000,-99.000000,-99.000000,-1,0
68475,600135,5.913275,38916.789427,38916.904021,1, 0, 0, 1,0.625412,0.742052,-13.442141,-1,2
68475,600136,5.943034,38916.819186,38916.933780,1, 0, 0, 1,-5.009323,2.303002,15.463772,-1,2
68475,600137,6.090576,38916.966727,38917.081322,1, 0, 0, 1,2.561755,5.018701,-17.175167,-1,2
68475,600138,6.121415,38916.997567,38917.112161,0, 0, 0, 0,-99.000000,-99.000000,-99.000000,-1,0
68475,600139,6.129248,38917.005399,38917.119994,1, 0, 0, 1,-0.841789,-1.278189,-0.515581,-1,2
68475,600140,6.447470,38917.323621,38917.438216,0, 0, 0, 0,-99.000000,-99.000000,-99.000000,-1,1
68475,600141,6.844357,38917.720507,38917.835103,0, 0, 0, 0,-99.000000,-99.000000,-99.000000,-1,1
68475,600142,6.953473,38917.829623,38917.944219,1, 0, 0, 1,1.950897,-3.868071,12.054874,-1,3
68475,600143,6.974202,38917.850352,38917.964947,0, 0, 0, 0,-99.000000,-99.000000,-99.000000,-1,0
68475,600144,7.033898,38917.910048,38918.024644,1, 0, 0, 1,4.723660,6.017587,-14.401948,-1,2
68475,600145,7.118028,38917.994178,38918.108774,0, 0, 0, 0,-99.000000,-99.000000,-99.000000,-1,1
68475,600146,7.167400,38918.043549,38918.158145,1, 0, 0, 1,-4.865970,-5.891338,2.183553,-1,2
68475,600147,7.174541,38918.050691,38918.165287,0, 0, 0, 0,-99.000000,-99.000000,-99.000000,-1,1
68475,600148,7.184608,38918.060757,38918.175353,0, 0, 0, 0,-99.000000,-99.000000,-99.000000,-1,1
68475,600149,7.293989,38918.170138,38918.284735,1, 0, 0, 1,1.133093,2.080321,15.425586,-1,2
68475,600150,7.327373,38918.203522,38918.318118,0, 0, 0, 0,-99.000000,-99.000000,-99.000000,-1,1
68475,600151,7.505275,38918.381423,38918.496020,0, 0, 0, 0,-99.000000,-99.000000,-99.000000,-1,1
68475,600152,7.680986,38918.557134,38918.671732,1, 0, 0, 1,-4.429520,-1.539915,-5.916082,-1,2
68475,600153,7.729895,38918.606044,38918.720641,1, 0, 0, 1,5.451317,2.731850,6.827930,-1,2
68475,600154,7.847179,38918.723327,38918.837924,0, 0, 0, 0,-99.000000,-99.000000,-99.000000,-1,0
68475,600155,8.084373,38918.960520,38919.075118,0, 0, 0, 0,-99.000000,-99.000000,-99.000000,-1,1
68475,600156,8.137491,38919.013639,38919.128237,0, 0, 0, 0,-99.000000,-99.000000,-99.000000,-1,1
68475,600157,8.145624,38919.021771,38919.136369,0, 0, 0, 0,-99.000000,-99.000000,-99.000000,-1,1
68475,600158,8.209179,38919.085326,38919.199925,1, 0, 0, 1,-3.561253,-1.207460,9.406599,-1,2
68475,600887,0.000136,38996.236360,38996.351113,1, 0, 0, 1,0.282993,-2.747877,7.453246,-1,2
68475,600888,0.042754,38996.278978,38996.393731,0, 0, 0, 0,-99.000000,-99.000000,-99.000000,-1,1
68475,600889,0.218291,38996.454514,38996.569268,1, 0, 0, 1,0.358416,-11.726396,-4.946082,-1,2
68475,600890,0.308172,38996.544395,38996.659149,0, 0, 0, 0,-99.000000,-99.000000,-99.000000,-1,1
68475,600891,0.324637,38996.560861,38996.675614,1, 0, 0, 1,5.638805,-2.430009,17.526786,-1,2
68475,600892,0.376590,38996.612814,38996.727567,1, 0, 0, 1,-2.633758,8.895714,0.516803,-1,2
68475,600893,0.397884,38996.634108,38996.748861,0, 0, 0, 0,-99.000000,-99.000000,-99.000000,-1,1
68475,600894,0.656136,38996.892359,38997.007113,1, 0, 0, 1,2.111655,-5.327284,2.713411,-1,2
68475,600895,0.686466,38996.922689,38997.037443,1, 0, 0, 1,-7.087702,0.299128,-7.867554,-1,2
68475,600896,0.796863,38997.033085,38997.147840,1, 0, 0, 1,5.355584,5.021357,-13.011814,-1,2
68475,600897,0.975961,38997.212183,38997.326938,0, 0, 0, 0,-99.000000,-99.000000,-99.000000,-1,1
68475,600898,1.028535,38997.264757,38997.379512,1, 0, 0, 1,2.855189,-9.664668,-1.782064,-1,2
68475,600899,1.136162,38997.372384,38997.487139,1, 0, 0, 1,-2.813203,7.330170,-11.094349,-1,2
68475,600900,1.143582,38997.379804,38997.494559,1, 0, 0, 1,-3.146348,3.839338,-19.440127,-1,4
68475,600901,1.160251,38997.396473,38997.511228,1, 0, 0, 1,-1.113372,-1.817258,0.571992,-1,2
68475,600902,1.451321,38997.687542,38997.802298,1, 0, 0, 1,-3.385831,-7.239132,-0.975007,-1,2
68475,600903,1.506124,38997.742345,38997.857101,0, 0, 0, 0,-99.000000,-99.000000,-99.000000,-1,0
68475,600904,1.543315,38997.779536,38997.894292,0, 0, 0, 0,-99.000000,-99.000000,-99.000000,-1,1
68475,600905,1.671481,38997.907702,38998.022458,0, 0, 0, 0,-99.000000,-99.000000,-99.000000,-1,0
68475,600906,1.703477,38997.939697,38998.054454,0, 0, 0, 0,-99.000000,-99.000000,-99.000000,-1,1
68475,600907,1.813692,38998.049912,38998.164669,1, 0, 0, 1,-8.710336,0.965542,8.970872,-1,2
68475,600908,1.845062,38998.081282,38998.196039,0, 0, 0, 0,-99.000000,-99.000000,-99.000000,-1,1
68475,600909,1.880143,38998.116364,38998.231120,0, 0, 0, 0,-99.000000,-99.000000,-99.000000,-1,1
68475,600910,1.899066,38998.135286,38998.250043,1, 0, 0, 1,-0.290024,4.438603,-20.807708,-1,2
68475,600911,1.990835,38998.227055,38998.341812,1, 0, 0, 1,0.424882,-5.165072,9.960771,-1,2
68475,600912,2.014832,38998.251052,38998.365809,0, 0, 0, 0,-99.000000,-99.000000,-99.000000,-1,1
68475,600913,2.092883,38998.329103,38998.443860,1, 0, 0, 1,4.004698,-7.309272,16.550475,-1,2
68475,600914,2.161971,38998.398191,38998.512948,0, 0, 0, 0,-99.000000,-99.000000,-99.000000,-1,1
68475,600915,2.163010,38998.399230,38998.513987,1, 0, 0, 1,9.999981,-0.283055,5.839261,-1,3
68475,600916,2.254768,38998.490988,38998.605745,0, 0, 0, 0,-99.000000,-99.000000,-99.000000,-1,1
68475,600917,2.535912,38998.772131,38998.886889,1, 0, 0, 1,-1.069580,-4.405985,15.296996,-1,2
68475,600918,2.624183,38998.860402,38998.975160,1, 0, 0, 1,-2.167964,-6.669644,4.464176,-1,2
68475,600919,3.014776,38999.250994,38999.365753,1, 0, 0, 1,-7.703187,0.539322,-18.159541,-1,2
68475,600920,3.050021,38999.286239,38999.400998,0, 0, 0, 0,-99.000000,-99.000000,-99.000000,-1,1
68475,600921,3.074514,38999.310732,38999.425492,0, 0, 0, 0,-99.000000,-99.000000,-99.000000,-1,1
68475,600922,3.143531,38999.379749,38999.494508,1, 0, 0, 1,-4.638144,-2.583483,-5.160929,-1,2
68475,600923,3.151042,38999.387259,38999.502019,1, 0, 0, 1,-4.019317,5.910346,12.440424,-1,2
68475,600924,3.479350,38999.715567,38999.830327,0, 0, 0, 0,-99.000000,-99.000000,-99.000000,-1,1
68475,600925,3.624398,38999.860615,38999.975375,1, 0, 0, 1,-3.964807,-1.317581,-11.932078,-1,2
68475,600926,3.887585,39000.123801,39000.238562,1, 0, 0, 1,2.363064,-8.064159,-13.551712,-1,2
68475,600927,4.323624,39000.559840,39000.674602,1, 0, 0, 1,-5.566476,0.634927,7.133026,-1,2
68475,600928,4.347605,39000.583821,39000.698582,1, 0, 0, 1,5.847781,-3.671153,15.605038,-1,2
68475,600929,4.452097,39000.688312,39000.803074,0, 0, 0, 0,-99.000000,-99.000000,-99.000000,-1,1
68475,600930,4.470262,39000.706477,39000.821239,0, 0, 0, 0,-99.000000,-99.000000,-99.000000,-1,1
68475,600931,4.507289,39000.743504,39000.858266,1, 0, 0, 1,6.569539,-3.090680,-2.721801,-1,2
68475,600932,4.512140,39000.748355,39000.863117,1, 0, 0, 1,0.334111,2.379788,-5.363521,-1,2
68475,600933,4.530679,39000.766894,39000.881656,0, 0, 0, 0,-99.000000,-99.000000,-99.000000,-1,1
68475,600934,4.656353,39000.892568,39001.007330,1, 0, 0, 1,1.203532,-2.023515,-12.677694,-1,3
68475,600935,4.732187,39000.968401,39001.083164,1, 0, 0, 1,0.488256,-0.316534,9.998229,-1,2
68475,600936,4.791253,39001.027467,39001.142230,1, 0, 0, 1,-1.041674,-1.027317,7.329020,-1,2
68475,600937,4.901579,39001.137793,39001.252556,1, 0, 0, 1,6.846411,-3.264385,10.237496,-1,2
68475,600938,4.994481,39001.230695,39001.345458,0, 0, 0, 0,-99.000000,-99.000000,-99.000000,-1,1
68475,600939,5.283349,39001.519562,39001.634326,1, 0, 0, 1,-0.913193,2.585581,-12.831963,-1,2
68475,600940,5.321404,39001.557618,39001.672381,1, 1, 0, 1,3.528271,-0.073021,-5.624063,-1,3
68475,600941,5.377880,39001.614094,39001.728857,1, 0, 0, 1,-5.781627,2.221590,1.704680,-1,2
68475,600942,5.635090,39001.871302,39001.986067,1, 0, 0, 1,1.782548,-2.501724,11.695940,-1,2
68475,600943,5.688307,39001.924519,39002.039284,0, 0, 0, 0,-99.000000,-99.000000,-99.000000,-1,0
68475,600944,5.986905,39002.223117,39002.337882,0, 0, 0, 0,-99.000000,-99.000000,-99.000000,-1,1
68475,600945,6.014184,39002.250396,39002.365161,1, 0, 0, 1,-0.830320,-3.065578,15.453497,-1,2
68475,600946,6.120526,39002.356738,39002.471503,1, 0, 0, 1,-0.385110,9.742266,-14.856064,-1,2
68475,600947,6.154951,39002.391163,39002.505928,0, 0, 0, 0,-99.000000,-99.000000,-99.000000,-1,1
68475,600948,6.303233,39002.539444,39002.654210,1, 0, 0, 1,8.517832,0.916000,4.650102,-1,2
68475,600949,6.527315,39002.763526,39002.878292,1, 0, 0, 1,3.439084,0.735742,-9.634058,-1,2
68475,600950,6.668795,39002.905005,39003.019772,1, 0, 0, 1,-5.648248,1.205982,13.640317,-1,2
68475,600951,6.688000,39002.924210,39003.038977,1, 0, 0, 1,-4.319749,-1.808119,15.696425,-1,2
68475,600952,6.894258,39003.130468,39003.245235,0, 0, 0, 0,-99.000000,-99.000000,-99.000000,-1,1
68475,600953,7.111154,39003.347364,39003.462131,1, 0, 0, 1,-6.058372,-0.174506,-7.689733,-1,2
68475,600954,7.129123,39003.365333,39003.480100,0, 0, 0, 0,-99.000000,-99.000000,-99.000000,-1,1
68475,600955,7.204674,39003.440883,39003.555651,1, 0, 0, 1,-0.558804,9.453520,-4.285086,-1,2
68475,600956,7.335973,39003.572182,39003.686950,1, 0, 0, 1,0.979806,-7.569615,-12.130235,-1,2
68475,600957,7.528023,39003.764232,39003.879000,1, 0, 0, 1,3.648750,-3.845109,-14.489933,-1,2
68475,600958,7.644686,39003.880894,39003.995663,1, 0, 0, 1,7.873797,-1.658624,11.446484,-1,2
68475,600959,7.725272,39003.961480,39004.076249,1, 0, 0, 1,1.539733,6.322006,-4.955296,-1,2
68475,600960,7.855554,39004.091762,39004.206531,1, 0, 0, 1,-7.724118,-0.574909,-21.462801,-1,2
68475,600961,7.981986,39004.218194,39004.332963,0, 0, 0, 0,-99.000000,-99.000000,-99.000000,-1,0
68475,600962,7.983161,39004.219369,39004.334138,1, 0, 0, 1,-1.291388,6.262508,16.644604,-1,2
68475,600963,7.987276,39004.223484,39004.338253,0, 0, 0, 0,-99.000000,-99.000000,-99.000000,-1,1
68475,600964,8.235959,39004.472167,39004.586936,0, 0, 0, 0,-99.000000,-99.000000,-99.000000,-1,1
68475,601693,0.079194,39081.688339,39081.803263,1, 0, 0, 1,-0.867678,3.031234,-20.449525,-1,2
68475,601694,0.102430,39081.711575,39081.826500,1, 0, 0, 1,-1.708318,-3.112600,9.365924,-1,2
68475,601695,0.296335,39081.905480,39082.020405,0, 0, 0, 0,-99.000000,-99.000000,-99.000000,-1,1
68475,601696,0.405110,39082.014255,39082.129180,1, 0, 0, 1,-2.214580,-1.139619,10.555381,-1,2
68475,601697,0.580182,39082.189326,39082.304252,1, 0, 0, 1,-1.105331,6.755733,-15.257948,-1,2
68475,601698,0.586497,39082.195641,39082.310567,1, 0, 0, 1,3.766721,6.540382,1.887617,-1,2
68475,601699,0.628752,39082.237896,39082.352822,0, 0, 0, 0,-99.000000,-99.000000,-99.000000,-1,1
68475,601700,0.688124,39082.297268,39082.412194,0, 0, 0, 0,-99.000000,-99.000000,-99.000000,-1,1
68475,601701,0.732459,39082.341603,39082.456529,0, 0, 0, 0,-99.000000,-99.000000,-99.000000,-1,0
68475,601702,1.040277,39082.649420,39082.764347,0, 0, 0, 0,-99.000000,-99.000000,-99.000000,-1,1
68475,601703,1.045029,39082.654172,39082.769099,0, 0, 0, 0,-99.000000,-99.000000,-99.000000,-1,0
68475,601704,1.119599,39082.728742,39082.843669,0, 0, 0, 0,-99.000000,-99.000000,-99.000000,-1,0
68475,601705,1.245794,39082.854937,39082.969864,0, 0, 0, 0,-99.000000,-99.000000,-99.000000,-1,1
68475,601706,1.247597,39082.856740,39082.971667,0, 0, 0, 0,-99.000000,-99.000000,-99.000000,-1,0
68475,601707,1.256789,39082.865932,39082.980859,1, 0, 0, 1,-0.647278,5.811987,14.299954,-1,2
68475,601708,1.263345,39082.872487,39082.987415,0, 0, 0, 0,-99.000000,-99.000000,-99.000000,-1,1
68475,601709,1.455391,39083.064534,39083.179461,0, 0, 0, 0,-99.000000,-99.000000,-99.000000,-1,1
68475,601710,1.667077,39083.276218,39083.391146,0, 0, 0, 0,-99.000000,-99.000000,-99.000000,-1,0
68475,601711,1.817571,39083.426713,39083.541641,0, 0, 0, 0,-99.000000,-99.000000,-99.000000,-1,0
68475,601712,1.888482,39083.497623,39083.612551,1, 0, 0, 1,0.143133,-6.811664,15.524163,-1,2
68475,601713,1.901591,39083.510732,39083.625661,1, 0, 0, 1,1.683767,-2.930608,-6.478994,-1,2
68475,601714,2.227375,39083.836516,39083.951445,1, 0, 0, 1,0.168642,-9.166318,-15.158315,-1,2
68475,601715,2.232391,39083.841532,39083.956461,1, 0, 0, 1,0.814692,4.688885,-9.360468,-1,2
68475,601716,2.305051,39083.914191,39084.029121,1, 0, 0, 1,8.111590,-0.075725,-13.756556,-1,2
68475,601717,2.382422,39083.991562,39084.106492,1, 0, 0, 1,-6.441496,4.971026,-17.456898,-1,2
68475,601718,2.438942,39084.048082,39084.163012,0, 0, 0, 0,-99.000000,-99.000000,-99.000000,-1,0
68475,601719,2.727373,39084.336512,39084.451442,1, 0, 0, 1,-0.778458,-1.040180,-10.576139,-1,2
68475,601720,2.727533,39084.336673,39084.451603,0, 0, 0, 0,-99.000000,-99.000000,-99.000000,-1,1
68475,601721,2.997822,39084.606961,39084.721892,0, 0, 0, 0,-99.000000,-99.000000,-99.000000,-1,1
68475,601722,3.233176,39084.842315,39084.957246,0, 0, 0, 0,-99.000000,-99.000000,-99.000000,-1,1
68475,601723,3.346217,39084.955355,39085.070286,0, 0, 0, 0,-99.000000,-99.000000,-99.000000,-1,1
68475,601724,3.601950,39085.211087,39085.326019,0, 0, 0, 0,-99.000000,-99.000000,-99.000000,-1,1
68475,601725,3.604894,39085.214032,39085.328963,0, 0, 0, 0,-99.000000,-99.000000,-99.000000,-1,1
68475,601726,3.678089,39085.287227,39085.402159,1, 0, 0, 1,-0.513219,-3.297452,9.610097,-1,2
68475,601727,3.944695,39085.553832,39085.668764,1, 0, 0, 1,-5.344514,-0.360841,-19.304754,-1,2
68475,601728,3.986004,39085.595142,39085.710074,1, 0, 0, 1,-2.375551,5.466991,2.761890,-1,2
68475,601729,4.045426,39085.654563,39085.769496,0, 0, 0, 0,-99.000000,-99.000000,-99.000000,-1,0
68475,601730,4.096622,39085.705758,39085.820691,1, 0, 0, 1,2.193068,-0.403364,-11.548343,-1,2
68475,601731,4.437787,39086.046923,39086.161857,0, 0, 0, 0,-99.000000,-99.000000,-99.000000,-1,0
68475,601732,4.490376,39086.099512,39086.214445,1, 0, 0, 1,-5.488733,-0.624949,16.311773,-1,2
68475,601733,4.582315,39086.191451,39086.306385,0, 0, 0, 0,-99.000000,-99.000000,-99.000000,-1,1
68475,601734,4.603796,39086.212932,39086.327865,1, 0, 0, 1,-0.684063,-0.774461,-3.946537,-1,2
68475,601735,4.622497,39086.231632,39086.346566,1, 0, 0, 1,-3.707545,3.878804,-0.781048,-1,2
68475,601736,4.884521,39086.493656,39086.608590,1, 0, 0, 1,-1.488952,-4.273196,13.795201,-1,2
68475,601737,4.927550,39086.536685,39086.651620,0, 0, 0, 0,-99.000000,-99.000000,-99.000000,-1,0
68475,601738,5.036321,39086.645456,39086.760390,1, 0, 0, 1,-5.802539,-2.944480,-4.892662,-1,2
68475,601739,5.072103,39086.681238,39086.796172,1, 0, 0, 1,4.900347,0.552097,-16.452996,-1,2
68475,601740,5.236601,39086.845736,39086.960671,0, 0, 0, 0,-99.000000,-99.000000,-99.000000,-1,1
68475,601741,5.551935,39087.161069,39087.276005,1, 0, 0, 1,-3.592724,-0.534947,-6.506900,-1,2
68475,601742,5.587360,39087.196494,39087.311430,1, 0, 0, 1,0.502675,0.235314,-12.115111,-1,2
68475,601743,5.782537,39087.391671,39087.506607,1, 0, 0, 1,7.181540,-5.105692,19.371494,-1,2
68475,601744,5.821311,39087.430445,39087.545381,1, 0, 0, 1,-4.923529,-0.612689,-16.202963,-1,2
68475,601745,5.916880,39087.526013,39087.640949,0, 0, 0, 0,-99.000000,-99.000000,-99.000000,-1,0
68475,601746,6.050312,39087.659445,39087.774382,0, 0, 0, 0,-99.000000,-99.000000,-99.000000,-1,1
68475,601747,6.134968,39087.744100,39087.859037,1, 0, 0, 1,2.735708,1.970723,3.904634,-1,2
68475,601748,6.174404,39087.783537,39087.898474,1, 0, 0, 1,-8.568337,-1.287061,-6.295276,-1,2
68475,601749,6.194874,39087.804007,39087.918944,0, 0, 0, 0,-99.000000,-99.000000,-99.000000,-1,1
68475,601750,6.310859,39087.919991,39088.034929,0, 0, 0, 0,-99.000000,-99.000000,-99.000000,-1,0
68475,601751,6.482191,39088.091323,39088.206261,1, 0, 0, 1,-2.627004,7.642132,-20.224466,-1,2
68475,601752,6.889870,39088.499002,39088.613940,1, 0, 0, 1,6.080267,-2.757358,3.823629,-1,2
68475,601753,7.027212,39088.636343,39088.751282,1, 0, 0, 1,7.807213,-0.744762,22.598890,-1,2
68475,601754,7.052947,39088.662078,39088.777017,1, 0, 0, 1,-1.537117,1.731381,11.170851,-1,2
68475,601755,7.059937,39088.669068,39088.784007,0, 0, 0, 0,-99.000000,-99.000000,-99.000000,-1,1
68475,601756,7.197210,39088.806341,39088.921280,1, 0, 0, 1,2.560404,4.040077,14.075704,-1,2
68475,601757,7.223662,39088.832792,39088.947731,1, 0, 0, 1,3.874090,3.397800,-17.575913,-1,2
68475,601758,7.235955,39088.845086,39088.960025,1, 0, 0, 1,-0.173067,2.536416,0.065447,-1,2
68475,601759,7.424424,39089.033554,39089.148494,0, 0, 0, 0,-99.000000,-99.000000,-99.000000,-1,0
68475,601760,7.607563,39089.216693,39089.331633,1, 0, 0, 1,3.755653,-0.729948,-0.125445,-1,2
68475,601761,7.608406,39089.217536,39089.332476,0, 0, 0, 0,-99.000000,-99.000000,-99.000000,-1,1
68475,601762,7.705183,39089.314313,39089.429253,0, 0, 0, 0,-99.000000,-99.000000,-99.000000,-1,1
68475,601763,7.829916,39089.439045,39089.553985,0, 0, 0, 0,-99.000000,-99.000000,-99.000000,-1,1
68475,601764,7.910159,39089.519288,39089.634229,1, 0, 0, 1,2.522893,-0.309356,17.119239,-1,2
68475,601765,8.023630,39089.632759,39089.747699,1, 0, 0, 1,-6.710475,-1.197209,4.621319,-1,2
68475,601766,8.025368,39089.634497,39089.749437,1, 0, 0, 1,-2.828440,-5.005842,8.589393,-1,2
68475,601767,8.109161,39089.718290,39089.833230,0, 0, 0, 0,-99.000000,-99.000000,-99.000000,-1,0
68475,601768,8.232163,39089.841292,39089.956233,1, 0, 0, 1,5.105771,3.568504,-1.574191,-1,2
68475,602489,0.028858,39167.030040,39167.145136,1, 0, 0, 1,-6.428166,6.866640,17.645674,-1,2
68475,602490,0.070138,39167.071320,39167.186416,1, 0, 0, 1,-1.540920,-9.337601,-13.739682,-1,2
68475,602491,0.202289,39167.203471,39167.318567,0, 0, 0, 0,-99.000000,-99.000000,-99.000000,-1,1
68475,602492,0.401864,39167.403046,39167.518143,1, 0, 0, 1,2.749368,4.072669,-14.028473,-1,2
68475,602493,0.482581,39167.483762,39167.598859,1, 0, 0, 1,-0.972591,-0.426540,-13.775753,-1,2
68475,602494,0.576110,39167.577291,39167.692388,1, 0, 0, 1,-7.994219,-3.460223,15.084515,-1,2
68475,602495,0.599456,39167.600637,39167.715734,1, 0, 0, 1,-2.810525,-3.694407,12.304098,-1,3
68475,602496,0.705134,39167.706315,39167.821412,1, 0, 0, 1,0.953544,2.833093,8.935229,-1,2
68475,602497,0.818536,39167.819717,39167.934814,1, 0, 0, 1,0.434401,-8.504783,-14.584223,-1,2
68475,602498,1.097919,39168.099099,39168.214197,0, 0, 0, 0,-99.000000,-99.000000,-99.000000,-1,0
68475,602499,1.115497,39168.116677,39168.231775,0, 0, 0, 0,-99.000000,-99.000000,-99.000000,-1,1
68475,602500,1.147333,39168.148512,39168.263611,1, 0, 0, 1,1.591651,3.199467,17.596856,-1,2
68475,602501,1.174473,39168.175653,39168.290752,0, 0, 0, 0,-99.000000,-99.000000,-99.000000,-1,0
68475,602502,1.334150,39168.335329,39168.450428,1, 0, 0, 1,2.925342,0.748831,-4.616437,-1,2
68475,602503,1.782429,39168.783608,39168.898708,0, 0, 0, 0,-99.000000,-99.000000,-99.000000,-1,1
68475,602504,1.888314,39168.889492,39169.004592,1, 0, 0, 1,4.054784,4.851444,10.260762,-1,2
68475,602505,2.071993,39169.073171,39169.188271,0, 0, 0, 0,-99.000000,-99.000000,-99.000000,-1,1
68475,602506,2.499788,39169.500965,39169.616066,1, 0, 0, 1,1.616294,-1.157864,-21.179691,-1,2
68475,602507,2.564415,39169.565592,39169.680693,0, 0, 0, 0,-99.000000,-99.000000,-99.000000,-1,0
68475,602508,2.625320,39169.626497,39169.741599,0, 0, 0, 0,-99.000000,-99.000000,-99.000000,-1,1
68475,602509,2.670870,39169.672047,39169.787149,1, 0, 0, 1,5.271659,-4.051923,19.188653,-1,2
68475,602510,2.844101,39169.845278,39169.960379,1, 0, 0, 1,-0.768663,-0.586993,-10.579044,-1,2
68475,602511,2.854126,39169.855303,39169.970404,1, 0, 0, 1,5.864411,-0.901683,14.506719,-1,2
68475,602512,2.998777,39169.999953,39170.115055,0, 0, 0, 0,-99.000000,-99.000000,-99.000000,-1,0
68475,602513,3.241476,39170.242651,39170.357754,1, 0, 0, 1,3.760416,-4.590739,8.443744,-1,2
68475,602514,3.315147,39170.316322,39170.431425,1, 0, 0, 1,6.977283,-4.066435,6.393797,-1,2
68475,602515,3.462970,39170.464145,39170.579248,1, 0, 0, 1,1.926015,-3.937821,13.458586,-1,2
68475,602516,3.583589,39170.584764,39170.699867,1, 0, 0, 1,-6.044932,-5.989089,16.932037,-1,2
68475,602517,3.699577,39170.700751,39170.815855,0, 0, 0, 0,-99.000000,-99.000000,-99.000000,-1,0
68475,602518,3.712028,39170.713202,39170.828306,0, 0, 0, 0,-99.000000,-99.000000,-99.000000,-1,1
68475,602519,3.793315,39170.794490,39170.909593,0, 0, 0, 0,-99.000000,-99.000000,-99.000000,-1,0
68475,602520,3.971820,39170.972994,39171.088098,0, 0, 0, 0,-99.000000,-99.000000,-99.000000,-1,1
68475,602521,4.346945,39171.348118,39171.463223,0, 0, 0, 0,-99.000000,-99.000000,-99.000000,-1,1
68475,602522,4.469675,39171.470849,39171.585954,1, 0, 0, 1,6.005830,0.930622,-12.470997,-1,2
68475,602523,5.072284,39172.073456,39172.188563,1, 0, 0, 1,-3.074872,-1.294842,0.400145,-1,2
68475,602524,5.079032,39172.080204,39172.195310,1, 0, 0, 1,3.264200,-0.582615,-8.432561,-1,2
68475,602525,5.246090,39172.247262,39172.362369,1, 0, 0, 1,9.748004,9.035136,-0.815591,-1,2
68475,602526,5.274604,39172.275776,39172.390882,0, 0, 0, 0,-99.000000,-99.000000,-99.000000,-1,1
68475,602527,5.446794,39172.447965,39172.563072,1, 0, 0, 1,-0.960182,-8.157797,-7.557679,-1,3
68475,602528,5.561078,39172.562249,39172.677356,1, 0, 0, 1,-5.970540,3.403572,16.704784,-1,2
68475,602529,5.799663,39172.800833,39172.915941,1, 0, 0, 1,-2.558043,-4.801479,-12.180768,-1,2
68475,602530,5.968171,39172.969341,39173.084449,1, 0, 0, 1,-4.409077,-5.952126,2.339633,-1,3
68475,602531,5.982829,39172.983999,39173.099107,0, 0, 0, 0,-99.000000,-99.000000,-99.000000,-1,0
68475,602532,6.052823,39173.053993,39173.169101,1, 0, 0, 1,9.672747,0.068630,-18.770660,-1,3
68475,602533,6.080644,39173.081814,39173.196922,1, 0, 0, 1,0.357891,-4.997022,6.446272,-1,2
68475,602534,6.122381,39173.123551,39173.238660,1, 0, 0, 1,5.265702,5.198125,-18.389632,-1,2
68475,602535,6.139390,39173.140560,39173.255668,1, 0, 0, 1,-0.214366,-0.232366,1.665853,-1,2
68475,602536,6.143476,39173.144646,39173.259755,1, 0, 0, 1,0.225315,3.918540,-0.151122,-1,2
68475,602537,6.247111,39173.248281,39173.363390,0, 0, 0, 0,-99.000000,-99.000000,-99.000000,-1,1
68475,602538,6.343464,39173.344634,39173.459742,0, 0, 0, 0,-99.000000,-99.000000,-99.000000,-1,1
68475,602539,6.585551,39173.586720,39173.701829,1, 0, 0, 1,0.046503,-0.164892,17.670161,-1,2
68475,602540,6.817487,39173.818655,39173.933765,0, 0, 0, 0,-99.000000,-99.000000,-99.000000,-1,0
68475,602541,6.852525,39173.853693,39173.968803,0, 0, 0, 0,-99.000000,-99.000000,-99.000000,-1,0
68475,602542,6.865703,39173.866871,39173.981981,1, 0, 0, 1,-5.344458,4.095272,18.516078,-1,2
68475,602543,7.655162,39174.656329,39174.771441,1, 0, 0, 1,-1.656855,-15.761827,-10.292151,-1,2
68475,602544,7.828602,39174.829768,39174.944880,1, 0, 0, 1,1.675612,-3.319764,16.333810,-1,2
68475,602545,7.893347,39174.894513,39175.009625,1, 0, 0, 1,4.106493,-3.923373,12.639652,-1,2
68475,602546,7.918690,39174.919856,39175.034968,0, 0, 0, 0,-99.000000,-99.000000,-99.000000,-1,1
68475,602547,8.199497,39175.200663,39175.315776,1, 0, 0, 1,-6.411834,-1.783855,-18.117270,-1,2
68475,603314,0.006057,39252.358430,39252.473698,0, 0, 0, 0,-99.000000,-99.000000,-99.000000,-1,0
68475,603315,0.028292,39252.380666,39252.495933,0, 0, 0, 0,-99.000000,-99.000000,-99.000000,-1,0
68475,603316,0.031943,39252.384316,39252.499584,0, 0, 0, 0,-99.000000,-99.000000,-99.000000,-1,0
68475,603317,0.041443,39252.393817,39252.509084,1, 0, 0, 1,-2.648502,-5.841415,-2.771943,-1,2
68475,603318,0.138619,39252.490992,39252.606260,0, 0, 0, 0,-99.000000,-99.000000,-99.000000,-1,1
68475,603319,0.159415,39252.511788,39252.627056,1, 0, 0, 1,0.745074,-2.461749,-17.563916,-1,3
68475,603320,0.164216,39252.516589,39252.631857,0, 0, 0, 0,-99.000000,-99.000000,-99.000000,-1,1
68475,603321,0.186028,39252.538401,39252.653669,0, 0, 0, 0,-99.000000,-99.000000,-99.000000,-1,1
68475,603322,0.293615,39252.645987,39252.761255,1, 0, 0, 1,-2.170110,-1.623094,17.000869,-1,2
68475,603323,0.401708,39252.754080,39252.869349,1, 0, 0, 1,5.300000,0.778123,16.956776,-1,2
68475,603324,0.428387,39252.780759,39252.896028,0, 0, 0, 0,-99.000000,-99.000000,-99.000000,-1,1
68475,603325,0.509841,39252.862214,39252.977482,1, 0, 0, 1,-4.830714,-7.998853,-18.186733,-1,5
68475,603326,0.667216,39253.019588,39253.134857,1, 0, 0, 1,7.909073,-19.142415,19.197777,-1,2
68475,603327,0.671506,39253.023878,39253.139147,1, 0, 0, 1,-2.830512,-3.745323,-1.087919,-1,2
68475,603328,0.733444,39253.085816,39253.201085,1, 0, 0, 1,0.189689,-9.922695,-17.656706,-1,5
68475,603329,0.902092,39253.254463,39253.369733,1, 0, 0, 1,2.210477,3.693235,3.336486,-1,2
68475,603330,0.909645,39253.262017,39253.377286,1, 0, 0, 1,2.079134,-3.131785,-12.466888,-1,2
68475,603331,0.961839,39253.314210,39253.429480,1, 0, 0, 1,-3.303174,0.865869,-15.244371,-1,2
68475,603332,1.127254,39253.479625,39253.594895,0, 0, 0, 0,-99.000000,-99.000000,-99.000000,-1,1
68475,603333,1.263345,39253.615716,39253.730986,1, 0, 0, 1,-0.189668,-1.549614,-18.312541,-1,2
68475,603334,1.286899,39253.639270,39253.754540,1, 0, 0, 1,3.707592,-1.931876,-12.660742,-1,2
68475,603335,1.326147,39253.678517,39253.793788,1, 0, 0, 1,2.222303,7.123318,3.628172,-1,4
68475,603336,1.422900,39253.775271,39253.890541,0, 0, 0, 0,-99.000000,-99.000000,-99.000000,-1,0
68475,603337,1.539850,39253.892220,39254.007491,1, 0, 0, 1,6.182408,0.967558,12.669706,-1,2
68475,603338,1.768535,39254.120905,39254.236176,0, 0, 0, 0,-99.000000,-99.000000,-99.000000,-1,1
68475,603339,1.772211,39254.124580,39254.239852,1, 0, 0, 1,6.215365,-2.610983,-13.507031,-1,2
68475,603340,1.796385,39254.148755,39254.264026,1, 0, 0, 1,8.390404,0.839814,-5.205319,-1,2
68475,603341,1.859248,39254.211618,39254.326889,0, 0, 0, 0,-99.000000,-99.000000,-99.000000,-1,1
68475,603342,1.993908,39254.346277,39254.461548,0, 0, 0, 0,-99.000000,-99.000000,-99.000000,-1,1
68475,603343,2.027418,39254.379787,39254.495059,0, 0, 0, 0,-99.000000,-99.000000,-99.000000,-1,1
68475,603344,2.039579,39254.391948,39254.507220,0, 0, 0, 0,-99.000000,-99.000000,-99.000000,-1,1
68475,603345,2.070334,39254.422703,39254.537975,1, 0, 0, 1,1.706283,-5.315995,-12.823384,-1,2
68475,603346,2.228584,39254.580953,39254.696225,1, 0, 0, 1,-6.144169,-3.660394,-13.295674,-1,2
68475,603347,2.241564,39254.593933,39254.709205,1, 0, 0, 1,0.363376,5.547890,19.810231,-1,2
68475,603348,2.264839,39254.617208,39254.732480,1, 0, 0, 1,-3.170190,8.308208,-19.205815,-1,2
68475,603349,2.269386,39254.621754,39254.737026,1, 0, 0, 1,-2.837822,-7.044853,7.849596,-1,2
68475,603350,2.289828,39254.642197,39254.757469,1, 0, 0, 1,2.341856,-7.048144,-9.759477,-1,2
68475,603351,2.340418,39254.692787,39254.808059,0, 0, 0, 0,-99.000000,-99.000000,-99.000000,-1,1
68475,603352,2.370599,39254.722968,39254.838240,1, 0, 0, 1,5.251338,6.573638,12.559497,-1,10
68475,603353,2.489149,39254.841517,39254.956789,1, 0, 0, 1,2.338493,4.965496,6.730179,-1,2
68475,603354,2.810948,39255.163315,39255.278589,0, 0, 0, 0,-99.000000,-99.000000,-99.000000,-1,0
68475,603355,2.876458,39255.228825,39255.344098,1, 0, 0, 1,-1.492974,-8.832391,-5.340764,-1,2
68475,603356,2.995710,39255.348077,39255.463350,1, 0, 0, 1,-6.457319,4.785573,-5.069077,-1,2
68475,603357,3.087556,39255.439923,39255.555197,1, 0, 0, 1,-1.060225,-7.600653,10.623240,-1,2
68475,603358,3.205400,39255.557767,39255.673041,1, 0, 0, 1,0.564436,0.538704,-8.028126,-1,2
68475,603359,3.351661,39255.704028,39255.819302,1, 0, 0, 1,-1.603178,8.626044,0.442903,-1,3
68475,603360,3.371167,39255.723534,39255.838808,0, 0, 0, 0,-99.000000,-99.000000,-99.000000,-1,0
68475,603361,3.819592,39256.171958,39256.287233,0, 0, 0, 0,-99.000000,-99.000000,-99.000000,-1,1
68475,603362,3.893698,39256.246063,39256.361339,1, 0, 0, 1,6.125379,1.206227,-10.039356,-1,2
68475,603363,4.436339,39256.788703,39256.903980,0, 0, 0, 0,-99.000000,-99.000000,-99.000000,-1,1
68475,603364,4.459841,39256.812205,39256.927482,1, 0, 0, 1,-0.122711,3.155672,7.338116,-1,2
68475,603365,4.591763,39256.944128,39257.059404,1, 1, 0, 1,-3.539768,-1.776606,13.850239,-1,4
68475,603366,4.906499,39257.258863,39257.374140,1, 0, 0, 1,9.367828,-5.168614,11.576649,-1,5
68475,603367,4.920686,39257.273049,39257.388326,1, 0, 0, 1,9.999981,5.988993,20.408744,-1,3
68475,603368,4.974375,39257.326738,39257.442016,1, 0, 0, 1,2.364515,-5.380729,-0.268288,-1,2
68475,603369,5.014286,39257.366649,39257.481927,1, 0, 0, 1,-1.402453,-6.350395,-8.830728,-1,2
68475,603370,5.373631,39257.725994,39257.841272,1, 0, 0, 1,-1.182985,3.500797,-2.779643,-1,2
68475,603371,5.480273,39257.832635,39257.947913,0, 0, 0, 0,-99.000000,-99.000000,-99.000000,-1,1
68475,603372,5.488063,39257.840425,39257.955704,0, 0, 0, 0,-99.000000,-99.000000,-99.000000,-1,1
68475,603373,5.633296,39257.985658,39258.100937,1, 0, 0, 1,6.114894,1.995735,6.902212,-1,2
68475,603374,5.635560,39257.987922,39258.103201,0, 0, 0, 0,-99.000000,-99.000000,-99.000000,-1,1
68475,603375,5.716996,39258.069357,39258.184636,0, 0, 0, 0,-99.000000,-99.000000,-99.000000,-1,1
68475,603376,5.747221,39258.099583,39258.214862,0, 0, 0, 0,-99.000000,-99.000000,-99.000000,-1,0
68475,603377,5.755563,39258.107924,39258.223203,1, 0, 0, 1,0.567922,-4.755159,-16.342950,-1,2
68475,603378,6.007162,39258.359523,39258.474803,1, 0, 0, 1,2.581603,-0.543172,11.316097,-1,2
68475,603379,6.035219,39258.387580,39258.502860,0, 0, 0, 0,-99.000000,-99.000000,-99.000000,-1,1
68475,603380,6.126855,39258.479216,39258.594496,1, 0, 0, 1,-3.430131,-1.023095,6.000917,-1,2
68475,603381,6.469342,39258.821703,39258.936983,1, 0, 0, 1,-1.856038,-1.287699,6.165193,-1,2
68475,603382,6.495422,39258.847782,39258.963062,1, 0, 0, 1,-5.367299,2.906010,-13.320294,-1,2
68475,603383,6.639992,39258.992352,39259.107633,0, 0, 0, 0,-99.000000,-99.000000,-99.000000,-1,1
68475,603384,6.865404,39259.217763,39259.333045,1, 0, 0, 1,-5.004534,4.160777,-2.558871,-1,2
68475,603385,7.160716,39259.513074,39259.628356,0, 0, 0, 0,-99.000000,-99.000000,-99.000000,-1,1
68475,603386,7.203582,39259.555941,39259.671223,1, 0, 0, 1,-0.857129,-0.669611,7.510840,-1,2
68475,603387,7.371292,39259.723651,39259.838933,1, 0, 0, 1,3.082503,-1.710252,-11.604645,-1,2
68475,603388,7.411872,39259.764230,39259.879513,1, 0, 0, 1,-9.195234,-10.856198,-15.040240,-1,2
68475,603389,7.437313,39259.789671,39259.904954,0, 0, 0, 0,-99.000000,-99.000000,-99.000000,-1,1
68475,603390,7.522195,39259.874554,39259.989836,1, 0, 0, 1,-7.384433,-2.314843,-10.359113,-1,2
68475,603391,7.689642,39260.042000,39260.157283,0, 0, 0, 0,-99.000000,-99.000000,-99.000000,-1,1
68475,603392,7.716833,39260.069190,39260.184473,1, 0, 0, 1,-1.754397,0.551013,16.365337,-1,2
68475,603393,7.781284,39260.133642,39260.248925,0, 0, 0, 0,-99.000000,-99.000000,-99.000000,-1,1
68475,603394,8.031774,39260.384132,39260.499415,1, 0, 0, 1,-7.946367,-2.959870,3.852926,-1,6
68475,603395,8.070114,39260.422471,39260.537755,1, 0, 0, 1,5.062691,-4.699613,15.417977,-1,2
68475,603396,8.094136,39260.446493,39260.561777,1, 0, 0, 1,-4.173364,0.327079,-0.905525,-1,2
68475,604125,0.030970,39337.771346,39337.886785,0, 0, 0, 0,-99.000000,-99.000000,-99.000000,-1,0
68475,604126,0.087367,39337.827743,39337.943182,0, 0, 0, 0,-99.000000,-99.000000,-99.000000,-1,0
68475,604127,0.276171,39338.016547,39338.131987,0, 0, 0, 0,-99.000000,-99.000000,-99.000000,-1,1
68475,604128,0.380215,39338.120590,39338.236030,0, 0, 0, 0,-99.000000,-99.000000,-99.000000,-1,1
68475,604129,0.425501,39338.165876,39338.281316,1, 0, 0, 1,1.897800,-4.115698,-2.664897,-1,2
68475,604130,0.486327,39338.226702,39338.342142,0, 0, 0, 0,-99.000000,-99.000000,-99.000000,-1,1
68475,604131,0.508633,39338.249009,39338.364449,0, 0, 0, 0,-99.000000,-99.000000,-99.000000,-1,0
68475,604132,0.564498,39338.304873,39338.420313,1, 0, 0, 1,2.196743,-3.128529,0.415376,-1,2
68475,604133,0.675538,39338.415913,39338.531354,1, 0, 0, 1,-6.406702,0.043660,-5.186169,-1,2
68475,604134,0.710684,39338.451058,39338.566499,1, 0, 0, 1,-6.457823,2.302891,9.038973,-1,2
68475,604135,0.793801,39338.534176,39338.649617,0, 0, 0, 0,-99.000000,-99.000000,-99.000000,-1,1
68475,604136,0.886786,39338.627161,39338.742602,1, 0, 0, 1,-1.709345,1.821995,-0.291141,-1,2
68475,604137,0.933977,39338.674351,39338.789792,0, 0, 0, 0,-99.000000,-99.000000,-99.000000,-1,0
68475,604138,1.006451,39338.746825,39338.862266,1, 0, 0, 1,2.811371,-5.558413,-19.038529,-1,2
68475,604139,1.236804,39338.977178,39339.092619,1, 0, 0, 1,7.673965,0.687991,19.695942,-1,2
68475,604140,1.240258,39338.980632,39339.096074,1, 0, 0, 1,6.597788,-2.786109,-11.434794,-1,2
68475,604141,1.251175,39338.991549,39339.106990,1, 0, 0, 1,0.261047,2.361521,-13.457656,-1,2
68475,604142,1.272032,39339.012406,39339.127848,0, 0, 0, 0,-99.000000,-99.000000,-99.000000,-1,1
68475,604143,1.460575,39339.200948,39339.316390,1, 0, 0, 1,6.504522,-4.622740,-10.218223,-1,2
68475,604144,1.749591,39339.489964,39339.605406,1, 0, 0, 1,-2.112108,4.706725,-6.563221,-1,2
68475,604145,1.885062,39339.625435,39339.740877,1, 0, 0, 1,-3.978869,-0.470100,-4.548762,-1,2
68475,604146,1.970621,39339.710993,39339.826436,1, 0, 0, 1,6.151255,1.697427,3.580463,-1,2
68475,604147,2.025538,39339.765910,39339.881353,1, 0, 0, 1,6.697930,-3.377789,2.043017,-1,2
68475,604148,2.131444,39339.871816,39339.987259,1, 0, 0, 1,-2.048208,-7.057311,-2.881311,-1,2
68475,604149,2.169945,39339.910317,39340.025760,1, 0, 0, 1,2.616015,0.282133,-8.398026,-1,2
68475,604150,2.187396,39339.927768,39340.043211,1, 0, 0, 1,-1.044994,-2.956882,15.296760,-1,2
68475,604151,2.192546,39339.932918,39340.048362,1, 0, 0, 1,-1.571738,6.654123,-6.075275,-1,2
68475,604152,2.211360,39339.951732,39340.067176,1, 0, 0, 1,-4.396582,3.743665,-9.027843,-1,2
68475,604153,2.444296,39340.184668,39340.300112,1, 0, 0, 1,-2.720742,-3.977141,3.153631,-1,2
68475,604154,2.579310,39340.319681,39340.435125,1, 0, 0, 1,5.751437,-5.861192,-1.634296,-1,2
68475,604155,2.726984,39340.467355,39340.582800,1, 0, 0, 1,-1.452195,7.346630,-18.616038,-1,2
68475,604156,2.835220,39340.575591,39340.691036,0, 0, 0, 0,-99.000000,-99.000000,-99.000000,-1,0
68475,604157,3.112186,39340.852556,39340.968002,0, 0, 0, 0,-99.000000,-99.000000,-99.000000,-1,1
68475,604158,3.274635,39341.015004,39341.130450,1, 0, 0, 1,-2.820117,-3.012564,6.276461,-1,2
68475,604159,3.383057,39341.123427,39341.238873,0, 0, 0, 0,-99.000000,-99.000000,-99.000000,-1,0
68475,604160,3.821406,39341.561775,39341.677222,0, 0, 0, 0,-99.000000,-99.000000,-99.000000,-1,0
68475,604161,3.865338,39341.605707,39341.721154,0, 0, 0, 0,-99.000000,-99.000000,-99.000000,-1,1
68475,604162,3.983276,39341.723645,39341.839092,0, 0, 0, 0,-99.000000,-99.000000,-99.000000,-1,1
68475,604163,4.155258,39341.895626,39342.011073,1, 0, 0, 1,5.574673,3.547502,0.921781,-1,3
68475,604164,4.264208,39342.004575,39342.120023,0, 0, 0, 0,-99.000000,-99.000000,-99.000000,-1,0
68475,604165,4.461113,39342.201481,39342.316929,1, 0, 0, 1,2.744829,10.000000,-18.752363,-1,5
68475,604166,4.561528,39342.301895,39342.417343,0, 0, 0, 0,-99.000000,-99.000000,-99.000000,-1,1
68475,604167,4.569068,39342.309435,39342.424884,1, 0, 0, 1,-4.281246,2.405578,-15.388083,-1,3
68475,604168,4.608023,39342.348390,39342.463838,1, 0, 0, 1,2.960666,8.810660,18.134943,-1,2
68475,604169,4.653791,39342.394158,39342.509606,0, 0, 0, 0,-99.000000,-99.000000,-99.000000,-1,1
68475,604170,4.675112,39342.415479,39342.530927,0, 0, 0, 0,-99.000000,-99.000000,-99.000000,-1,0
68475,604171,4.803451,39342.543818,39342.659266,0, 0, 0, 0,-99.000000,-99.000000,-99.000000,-1,1
68475,604172,4.815117,39342.555484,39342.670933,1, 0, 0, 1,-4.518005,3.598185,4.243676,-1,2
68475,604173,5.223599,39342.963965,39343.079414,1, 0, 0, 1,3.792166,5.933394,-2.162664,-1,2
68475,604174,5.225959,39342.966325,39343.081775,1, 0, 0, 1,-1.850772,-1.349267,-21.634843,-1,2
68475,604175,5.514909,39343.255274,39343.370724,0, 0, 0, 0,-99.000000,-99.000000,-99.000000,-1,1
68475,604176,5.595955,39343.336320,39343.451770,1, 0, 0, 1,-1.258677,-0.443284,-11.241639,-1,2
68475,604177,5.616107,39343.356472,39343.471922,0, 0, 0, 0,-99.000000,-99.000000,-99.000000,-1,0
68475,604178,5.665903,39343.406268,39343.521718,0, 0, 0, 0,-99.000000,-99.000000,-99.000000,-1,1
68475,604179,5.685542,39343.425907,39343.541357,1, 0, 0, 1,-1.942371,-6.140573,8.620119,-1,2
68475,604180,5.721705,39343.462070,39343.577520,1, 0, 0, 1,-7.603352,-0.740845,-7.550996,-1,2
68475,604181,5.828332,39343.568696,39343.684147,1, 0, 0, 1,-6.518012,3.370074,-6.630668,-1,2
68475,604182,5.923889,39343.664253,39343.779704,1, 0, 0, 1,-5.876364,2.783799,-16.313148,-1,2
68475,604183,6.002105,39343.742470,39343.857921,1, 0, 0, 1,5.733007,-5.834522,-13.120224,-1,2
68475,604184,6.146706,39343.887070,39344.002522,0, 0, 0, 0,-99.000000,-99.000000,-99.000000,-1,1
68475,604185,6.386049,39344.126413,39344.241865,1, 0, 0, 1,-0.393581,6.991898,-14.160529,-1,2
68475,604186,6.497855,39344.238218,39344.353670,1, 0, 0, 1,-0.527613,1.800765,13.165274,-1,2
68475,604187,6.754460,39344.494822,39344.610275,0, 0, 0, 0,-99.000000,-99.000000,-99.000000,-1,1
68475,604188,6.820938,39344.561301,39344.676754,0, 0, 0, 0,-99.000000,-99.000000,-99.000000,-1,0
68475,604189,6.852681,39344.593044,39344.708496,1, 0, 0, 1,0.775823,0.676217,-3.385513,-1,2
68475,604190,7.031191,39344.771553,39344.887006,1, 0, 0, 1,-7.395388,2.673876,12.826074,-1,2
68475,604191,7.114108,39344.854470,39344.969923,1, 0, 0, 1,-5.698781,0.883580,-9.029136,-1,2
68475,604192,7.243800,39344.984162,39345.099615,0, 0, 0, 0,-99.000000,-99.000000,-99.000000,-1,1
68475,604193,7.255761,39344.996123,39345.111576,1, 0, 0, 1,8.019638,3.609710,-2.039254,-1,5
68475,604194,7.381459,39345.121820,39345.237274,1, 0, 0, 1,5.285621,9.173521,-4.410837,-1,2
68475,604195,7.531213,39345.271575,39345.387029,1, 0, 0, 1,-2.863762,2.678504,-13.681676,-1,2
68475,604196,7.679009,39345.419370,39345.534825,1, 0, 0, 1,-3.346205,-3.092373,-4.663641,-1,2
68475,604197,7.727508,39345.467869,39345.583324,0, 0, 0, 0,-99.000000,-99.000000,-99.000000,-1,1
68475,604198,7.754598,39345.494958,39345.610413,1, 0, 0, 1,-4.713112,5.494109,-13.887144,-1,2
68475,604199,7.876597,39345.616958,39345.732413,0, 0, 0, 0,-99.000000,-99.000000,-99.000000,-1,1
68475,604200,7.932439,39345.672799,39345.788254,1, 0, 0, 1,5.139630,5.291949,-18.349051,-1,2
68475,604201,8.119589,39345.859949,39345.975405,1, 0, 0, 1,5.977031,-0.526548,11.929434,-1,2
68475,604202,8.135190,39345.875550,39345.991006,1, 0, 0, 1,-7.526840,5.294218,-17.210061,-1,2
68475,604929,0.008559,39423.080570,39423.196180,1, 0, 0, 1,3.886664,4.876571,-14.536695,-1,2
68475,604930,0.080391,39423.152402,39423.268012,1, 0, 0, 1,-2.076384,-1.646724,-1.440830,-1,2
68475,604931,0.091879,39423.163889,39423.279500,0, 0, 0, 0,-99.000000,-99.000000,-99.000000,-1,0
68475,604932,0.170044,39423.242054,39423.357665,0, 0, 0, 0,-99.000000,-99.000000,-99.000000,-1,1
68475,604933,0.306998,39423.379008,39423.494619,1, 0, 0, 1,2.355807,6.227572,9.017395,-1,2
68475,604934,0.324515,39423.396525,39423.512136,1, 0, 0, 1,-0.811211,0.276895,-8.359101,-1,2
68475,604935,0.403145,39423.475154,39423.590765,1, 0, 0, 1,1.962425,1.533289,-9.107896,-1,2
68475,604936,0.411719,39423.483728,39423.599339,1, 0, 0, 1,-5.744978,2.547308,8.230813,-1,2
68475,604937,0.634841,39423.706850,39423.822462,1, 0, 0, 1,4.691798,0.483651,-17.324990,-1,2
68475,604938,0.665591,39423.737600,39423.853212,1, 0, 0, 1,7.956666,0.309823,11.830451,-1,2
68475,604939,0.675473,39423.747482,39423.863093,0, 0, 0, 0,-99.000000,-99.000000,-99.000000,-1,1
68475,604940,0.792942,39423.864951,39423.980563,1, 0, 0, 1,3.151427,-6.182044,8.768883,-1,2
68475,604941,0.819581,39423.891590,39424.007202,1, 0, 0, 1,2.519431,-6.142578,-16.800373,-1,2
68475,604942,0.826035,39423.898043,39424.013655,1, 0, 0, 1,6.084078,-2.998048,-10.286329,-1,2
68475,604943,1.046182,39424.118191,39424.233803,1, 0, 0, 1,-3.975457,5.183774,14.614352,-1,2
68475,604944,1.447022,39424.519030,39424.634643,1, 0, 0, 1,-8.864620,2.147661,-16.595022,-1,7
68475,604945,1.464125,39424.536132,39424.651746,1, 0, 0, 1,-2.495811,-1.649812,-1.509218,-1,2
68475,604946,1.577273,39424.649281,39424.764894,1, 0, 0, 1,3.963097,-2.838599,12.153705,-1,2
68475,604947,1.610870,39424.682877,39424.798491,0, 0, 0, 0,-99.000000,-99.000000,-99.000000,-1,1
68475,604948,1.620570,39424.692577,39424.808191,1, 0, 0, 1,3.407047,-5.428407,-15.195594,-1,2
68475,604949,1.656049,39424.728056,39424.843670,1, 0, 0, 1,6.622326,-1.724353,-13.583531,-1,2
68475,604950,1.708589,39424.780596,39424.896209,1, 0, 0, 1,-3.009364,1.278634,17.255071,-1,2
68475,604951,1.924266,39424.996273,39425.111887,1, 0, 0, 1,-0.338052,-6.117948,-2.520240,-1,2
68475,604952,2.287627,39425.359633,39425.475248,1, 0, 0, 1,4.072460,-3.074913,10.406150,-1,2
68475,604953,2.567501,39425.639506,39425.755121,1, 0, 0, 1,-3.800769,8.561866,21.901069,-1,2
68475,604954,2.650725,39425.722730,39425.838345,1, 0, 0, 1,6.352376,-2.314345,-5.044007,-1,2
68475,604955,2.806610,39425.878614,39425.994230,0, 0, 0, 0,-99.000000,-99.000000,-99.000000,-1,1
68475,604956,2.949922,39426.021927,39426.137543,0, 0, 0, 0,-99.000000,-99.000000,-99.000000,-1,0
68475,604957,3.203656,39426.275660,39426.391276,1, 0, 0, 1,1.380556,4.463154,-20.931727,-1,2
68475,604958,3.411631,39426.483635,39426.599252,1, 0, 0, 1,2.299148,3.533439,-1.930951,-1,2
68475,604959,3.423121,39426.495125,39426.610742,0, 0, 0, 0,-99.000000,-99.000000,-99.000000,-1,1
68475,604960,3.525251,39426.597254,39426.712871,1, 0, 0, 1,3.637949,-3.272694,4.924634,-1,2
68475,604961,3.546666,39426.618669,39426.734287,1, 1, 0, 1,-2.644757,0.281781,7.812146,-1,5
68475,604962,3.589977,39426.661981,39426.777598,0, 0, 0, 0,-99.000000,-99.000000,-99.000000,-1,1
68475,604963,3.645759,39426.717762,39426.833379,1, 0, 0, 1,-8.757006,3.407325,12.479243,-1,2
68475,604964,4.159972,39427.231974,39427.347593,1, 0, 0, 1,5.122060,-2.401305,17.631259,-1,2
68475,604965,4.169403,39427.241405,39427.357023,1, 0, 0, 1,1.737415,-1.060444,-11.005591,-1,2
68475,604966,4.231129,39427.303131,39427.418750,1, 0, 0, 1,-7.887732,0.506935,-12.365220,-1,2
68475,604967,4.524394,39427.596395,39427.712014,1, 1, 0, 1,-3.211586,-0.889359,16.573006,-1,3
68475,604968,4.645891,39427.717892,39427.833512,1, 0, 0, 1,2.795193,-8.458354,8.411614,-1,2
68475,604969,4.813091,39427.885092,39428.000712,1, 0, 0, 1,-2.413152,7.382426,2.608664,-1,2
68475,604970,4.924364,39427.996364,39428.111984,1, 0, 0, 1,9.583957,-2.257016,-22.145725,-1,2
68475,604971,5.047523,39428.119524,39428.235144,0, 0, 0, 0,-99.000000,-99.000000,-99.000000,-1,0
68475,604972,5.193584,39428.265584,39428.381205,1, 0, 0, 1,4.239672,-3.262282,9.481046,-1,2
68475,604973,5.552160,39428.624159,39428.739781,0, 0, 0, 0,-99.000000,-99.000000,-99.000000,-1,1
68475,604974,5.755549,39428.827548,39428.943170,0, 0, 0, 0,-99.000000,-99.000000,-99.000000,-1,0
68475,604975,5.892516,39428.964515,39429.080137,1, 0, 0, 1,-1.241864,2.920690,-15.824558,-1,2
68475,604976,6.042253,39429.114252,39429.229874,0, 0, 0, 0,-99.000000,-99.000000,-99.000000,-1,0
68475,604977,6.050880,39429.122879,39429.238501,1, 0, 0, 1,-1.849765,-7.051688,4.484575,-1,2
68475,604978,6.120669,39429.192667,39429.308290,0, 0, 0, 0,-99.000000,-99.000000,-99.000000,-1,0
68475,604979,6.340237,39429.412234,39429.527857,0, 0, 0, 0,-99.000000,-99.000000,-99.000000,-1,0
68475,604980,6.382664,39429.454662,39429.570285,1, 0, 0, 1,-7.261091,3.712387,19.975974,-1,2
68475,604981,6.395288,39429.467285,39429.582908,0, 0, 0, 0,-99.000000,-99.000000,-99.000000,-1,0
68475,604982,6.483814,39429.555812,39429.671435,1, 0, 0, 1,-5.249999,0.889162,2.600566,-1,2
68475,604983,6.692046,39429.764043,39429.879667,1, 0, 0, 1,5.938857,-1.490473,16.561780,-1,4
68475,604984,6.826695,39429.898691,39430.014315,0, 0, 0, 0,-99.000000,-99.000000,-99.000000,-1,1
68475,604985,6.863042,39429.935038,39430.050662,0, 0, 0, 0,-99.000000,-99.000000,-99.000000,-1,1
68475,604986,6.868574,39429.940571,39430.056195,1, 0, 0, 1,3.113250,0.094751,11.276911,-1,2
68475,604987,7.032629,39430.104626,39430.220250,1, 0, 0, 1,-1.846421,5.988460,-5.754571,-1,2
68475,604988,7.034157,39430.106153,39430.221778,1, 0, 0, 1,-0.787561,7.919244,14.754509,-1,2
68475,604989,7.055086,39430.127082,39430.242707,1, 1, 1, 1,2.482018,0.180744,-1.798345,-1,4
68475,604990,7.085942,39430.157938,39430.273563,1, 0, 0, 1,1.482942,6.127877,18.443894,-1,2
68475,604991,7.198911,39430.270907,39430.386532,1, 0, 0, 1,-5.255114,0.631237,-7.504851,-1,2
68475,604992,7.278988,39430.350984,39430.466609,1, 0, 0, 1,2.507638,1.809042,-12.646042,-1,2
68475,604993,7.300756,39430.372752,39430.488376,1, 0, 0, 1,-2.429458,-5.607830,5.634472,-1,2
68475,604994,7.452562,39430.524558,39430.640183,1, 0, 0, 1,-4.339222,1.084817,17.749194,-1,3
68475,604995,7.470153,39430.542148,39430.657774,1, 0, 0, 1,-3.941350,5.196081,-22.130191,-1,2
68475,604996,7.504812,39430.576807,39430.692433,0, 0, 0, 0,-99.000000,-99.000000,-99.000000,-1,1
68475,604997,7.600588,39430.672583,39430.788208,1, 0, 0, 1,1.559292,-9.097349,5.026876,-1,2
68475,604998,7.664884,39430.736879,39430.852504,1, 0, 0, 1,-2.529782,1.596521,5.644439,-1,2
68475,604999,7.714511,39430.786506,39430.902132,0, 0, 0, 0,-99.000000,-99.000000,-99.000000,-1,1
68475,605000,7.799409,39430.871404,39430.987029,0, 0, 0, 0,-99.000000,-99.000000,-99.000000,-1,0
68475,605001,7.861786,39430.933781,39431.049407,0, 0, 0, 0,-99.000000,-99.000000,-99.000000,-1,1
68475,605002,7.958892,39431.030886,39431.146512,1, 0, 0, 1,-7.961666,3.797237,1.911460,-1,2
68475,605003,8.127854,39431.199848,39431.315475,1, 0, 0, 1,0.845713,7.753833,-13.241857,-1,2
68475,605004,8.229091,39431.301085,39431.416712,1, 0, 0, 1,-7.516064,2.704335,-17.429386,-1,2
68475,605734,0.000000,39508.442675,39508.558457,0, 0, 0, 0,-99.000000,-99.000000,-99.000000,-1,1
68475,605735,0.521232,39508.963907,39509.079689,1, 0, 0, 1,-2.862753,-18.524367,-8.482068,-1,2
68475,605736,0.544946,39508.987620,39509.103402,1, 0, 0, 1,-8.137504,-1.842757,-8.706308,-1,2
68475,605737,0.575722,39509.018396,39509.134178,1, 0, 0, 1,-6.610717,2.892545,3.109695,-1,2
68475,605738,0.671260,39509.113934,39509.229716,0, 0, 0, 0,-99.000000,-99.000000,-99.000000,-1,0
68475,605739,0.700413,39509.143087,39509.258869,0, 0, 0, 0,-99.000000,-99.000000,-99.000000,-1,0
68475,605740,0.897809,39509.340483,39509.456266,1, 0, 0, 1,3.829888,3.797789,-9.514387,-1,2
68475,605741,0.990941,39509.433615,39509.549398,0, 0, 0, 0,-99.000000,-99.000000,-99.000000,-1,1
68475,605742,1.308706,39509.751379,39509.867163,1, 0, 0, 1,-7.222037,4.576684,13.727509,-1,2
68475,605743,1.467522,39509.910194,39510.025978,0, 0, 0, 0,-99.000000,-99.000000,-99.000000,-1,1
68475,605744,1.468358,39509.911030,39510.026814,1, 0, 0, 1,9.390453,-1.697882,-19.146650,-1,2
68475,605745,1.496265,39509.938938,39510.054722,1, 0, 0, 1,2.438524,1.872256,-13.426309,-1,2
68475,605746,1.506390,39509.949063,39510.064847,1, 0, 0, 1,2.694917,-8.785061,-10.874859,-1,2
68475,605747,1.959639,39510.402311,39510.518096,1, 0, 0, 1,-5.685946,4.275991,10.826219,-1,2
68475,605748,2.002020,39510.444691,39510.560476,1, 0, 0, 1,-0.730159,-1.437422,-10.528213,-1,2
68475,605749,2.087471,39510.530142,39510.645927,0, 0, 0, 0,-99.000000,-99.000000,-99.000000,-1,1
68475,605750,2.115041,39510.557712,39510.673497,0, 0, 0, 0,-99.000000,-99.000000,-99.000000,-1,0
68475,605751,2.251646,39510.694317,39510.810103,0, 0, 0, 0,-99.000000,-99.000000,-99.000000,-1,1
68475,605752,2.345634,39510.788304,39510.904090,0, 0, 0, 0,-99.000000,-99.000000,-99.000000,-1,0
68475,605753,2.649427,39511.092097,39511.207884,1, 0, 0, 1,-4.658963,2.860631,-17.221773,-1,2
68475,605754,2.926730,39511.369399,39511.485186,0, 0, 0, 0,-99.000000,-99.000000,-99.000000,-1,1
68475,605755,3.017450,39511.460120,39511.575907,1, 0, 0, 1,-4.646179,1.878657,4.982780,-1,2
68475,605756,3.131322,39511.573991,39511.689778,1, 0, 0, 1,-6.109606,4.284024,-7.241333,-1,2
68475,605757,3.303820,39511.746489,39511.862277,0, 0, 0, 0,-99.000000,-99.000000,-99.000000,-1,1
68475,605758,3.453327,39511.895996,39512.011784,1, 0, 0, 1,2.328327,-0.270216,-2.822257,-1,2
68475,605759,3.549259,39511.991927,39512.107716,1, 0, 0, 1,8.619901,-2.174208,-18.912878,-1,2
68475,605760,3.867669,39512.310336,39512.426125,0, 0, 0, 0,-99.000000,-99.000000,-99.000000,-1,1
68475,605761,3.991970,39512.434637,39512.550426,1, 0, 0, 1,-6.717003,1.532150,6.010704,-1,2
68475,605762,4.166402,39512.609069,39512.724859,1, 0, 0, 1,-1.568176,2.105870,-0.631434,-1,2
68475,605763,4.206205,39512.648872,39512.764662,0, 0, 0, 0,-99.000000,-99.000000,-99.000000,-1,1
68475,605764,4.433787,39512.876453,39512.992243,1, 0, 0, 1,-6.245664,-8.925935,-21.249387,-1,2
68475,605765,4.478700,39512.921366,39513.037156,1, 0, 0, 1,-4.024907,1.135236,-11.495805,-1,2
68475,605766,4.525113,39512.967780,39513.083570,1, 0, 0, 1,3.952788,-10.438875,-12.918205,-1,2
68475,605767,4.558081,39513.000748,39513.116538,1, 0, 0, 1,-9.070696,-0.227094,-11.785451,-1,2
68475,605768,4.569913,39513.012579,39513.128369,0, 0, 0, 0,-99.000000,-99.000000,-99.000000,-1,1
68475,605769,4.572251,39513.014917,39513.130708,1, 0, 0, 1,6.499160,11.928682,13.813957,-1,2
68475,605770,4.613889,39513.056555,39513.172346,1, 0, 0, 1,1.255530,-3.099293,-1.031563,-1,2
68475,605771,4.731683,39513.174348,39513.290139,1, 1, 0, 1,-1.868979,-3.427598,14.307627,-1,7
68475,605772,4.829048,39513.271714,39513.387505,1, 0, 0, 1,-4.686070,-1.611489,-5.988006,-1,2
68475,605773,4.837539,39513.280204,39513.395995,1, 0, 0, 1,8.935045,1.681177,-18.239976,-1,2
68475,605774,4.896702,39513.339368,39513.455159,1, 0, 0, 1,-1.493112,-1.200902,3.107292,-1,2
68475,605775,4.946196,39513.388861,39513.504653,1, 0, 0, 1,3.314510,-2.847253,21.433179,-1,2
68475,605776,5.001574,39513.444240,39513.560031,1, 0, 0, 1,4.725382,-3.916125,-8.703791,-1,2
68475,605777,5.058807,39513.501473,39513.617264,0, 0, 0, 0,-99.000000,-99.000000,-99.000000,-1,0
68475,605778,5.115622,39513.558287,39513.674079,1, 0, 0, 1,-5.371029,0.440789,18.191119,-1,2
68475,605779,5.121917,39513.564582,39513.680374,1, 0, 0, 1,-5.404788,-0.921478,-11.030920,-1,2
68475,605780,5.160582,39513.603247,39513.719039,1, 0, 0, 1,6.069117,-3.910334,-8.554610,-1,2
68475,605781,5.245399,39513.688064,39513.803856,1, 0, 0, 1,-7.653355,-2.036554,4.730596,-1,3
68475,605782,5.340629,39513.783293,39513.899085,1, 0, 0, 1,-5.681354,2.989331,15.832151,-1,2
68475,605783,5.507137,39513.949801,39514.065593,0, 0, 0, 0,-99.000000,-99.000000,-99.000000,-1,0
68475,605784,5.556984,39513.999648,39514.115441,1, 0, 0, 1,-1.974398,8.544110,16.861224,-1,2
68475,605785,5.697954,39514.140618,39514.256411,1, 0, 0, 1,0.557460,-5.549187,16.836310,-1,2
68475,605786,5.941220,39514.383884,39514.499677,1, 0, 0, 1,7.767203,2.332859,3.269488,-1,2
68475,605787,6.000367,39514.443031,39514.558824,0, 0, 0, 0,-99.000000,-99.000000,-99.000000,-1,1
68475,605788,6.035962,39514.478625,39514.594419,0, 0, 0, 0,-99.000000,-99.000000,-99.000000,-1,1
68475,605789,6.196316,39514.638979,39514.754773,0, 0, 0, 0,-99.000000,-99.000000,-99.000000,-1,1
68475,605790,6.543808,39514.986470,39515.102264,1, 0, 0, 1,-7.094037,-1.770327,6.628755,-1,2
68475,605791,6.670558,39515.113220,39515.229015,1, 0, 0, 1,0.253591,5.362390,-10.334792,-1,2
68475,605792,6.959715,39515.402376,39515.518171,1, 0, 0, 1,6.685020,0.836984,0.404178,-1,2
68475,605793,6.987976,39515.430637,39515.546432,1, 0, 0, 1,10.696175,-5.040102,1.006839,-1,2
68475,605794,7.004190,39515.446852,39515.562647,0, 0, 0, 0,-99.000000,-99.000000,-99.000000,-1,1
68475,605795,7.022003,39515.464664,39515.580460,0, 0, 0, 0,-99.000000,-99.000000,-99.000000,-1,1
68475,605796,7.159158,39515.601819,39515.717615,1, 0, 0, 1,-0.171080,4.205198,-16.631004,-1,2
68475,605797,7.277189,39515.719850,39515.835646,0, 0, 0, 0,-99.000000,-99.000000,-99.000000,-1,1
68475,605798,7.297315,39515.739975,39515.855771,0, 0, 0, 0,-99.000000,-99.000000,-99.000000,-1,1
68475,605799,7.374766,39515.817426,39515.933222,1, 0, 0, 1,3.401154,7.104508,18.777005,-1,2
68475,605800,7.442982,39515.885643,39516.001439,1, 0, 0, 1,3.719993,-3.726612,-15.463676,-1,2
68475,605801,7.510928,39515.953588,39516.069385,1, 0, 0, 1,1.684646,3.728774,13.170438,-1,2
68475,605802,7.571563,39516.014223,39516.130019,1, 0, 0, 1,4.372962,-8.316833,15.116216,-1,2
68475,605803,7.613552,39516.056212,39516.172008,0, 0, 0, 0,-99.000000,-99.000000,-99.000000,-1,1
68475,605804,7.672905,39516.115565,39516.231362,1, 0, 0, 1,-1.016041,3.147226,-18.834360,-1,2
68475,605805,7.701855,39516.144515,39516.260312,0, 0, 0, 0,-99.000000,-99.000000,-99.000000,-1,1
68475,605806,7.717166,39516.159826,39516.275622,1, 0, 0, 1,-3.602280,10.059929,11.126245,-1,2
68475,605807,7.734918,39516.177578,39516.293375,0, 0, 0, 0,-99.000000,-99.000000,-99.000000,-1,1
68475,605808,7.805734,39516.248394,39516.364191,1, 0, 0, 1,-0.630412,6.414926,6.051107,-1,2
68475,605809,7.846603,39516.289263,39516.405060,1, 0, 0, 1,0.286391,3.698298,9.707618,-1,2
68475,605810,8.060852,39516.503511,39516.619308,1, 0, 0, 1,-0.831390,12.557210,-4.170717,-1,2
68475,605811,8.116064,39516.558723,39516.674521,1, 0, 0, 1,-2.659434,-0.615402,-13.810709,-1,2
68475,605812,8.195952,39516.638611,39516.754408,1, 0, 0, 1,4.798964,-5.801019,15.777305,-1,2
68475,605813,8.208456,39516.651115,39516.766913,1, 0, 0, 1,6.065993,-6.819424,19.390533,-1,2
68475,605814,8.225085,39516.667744,39516.783542,0, 0, 0, 0,-99.000000,-99.000000,-99.000000,-1,1
68475,606549,0.059467,39593.855902,39593.971854,0, 0, 0, 0,-99.000000,-99.000000,-99.000000,-1,0
68475,606550,0.100621,39593.897056,39594.013009,0, 0, 0, 0,-99.000000,-99.000000,-99.000000,-1,1
68475,606551,0.328183,39594.124618,39594.240571,1, 0, 0, 1,7.155261,0.291390,-3.932032,-1,2
68475,606552,0.329246,39594.125681,39594.241634,0, 0, 0, 0,-99.000000,-99.000000,-99.000000,-1,1
68475,606553,0.372041,39594.168476,39594.284429,1, 0, 0, 1,-2.239142,9.314670,2.009224,-1,2
68475,606554,0.406850,39594.203285,39594.319238,1, 0, 0, 1,7.814761,3.253884,-15.049346,-1,2
68475,606555,0.411151,39594.207586,39594.323539,0, 0, 0, 0,-99.000000,-99.000000,-99.000000,-1,1
68475,606556,0.487790,39594.284224,39594.400177,0, 0, 0, 0,-99.000000,-99.000000,-99.000000,-1,1
68475,606557,0.546839,39594.343274,39594.459227,1, 0, 0, 1,5.350486,-3.889233,0.878880,-1,5
68475,606558,0.613731,39594.410165,39594.526119,1, 0, 0, 1,2.531896,2.302461,21.291518,-1,2
68475,606559,0.636077,39594.432511,39594.548464,1, 0, 0, 1,-5.367895,-9.589224,5.025090,-1,2
68475,606560,0.694137,39594.490571,39594.606524,1, 0, 0, 1,-2.793508,6.543392,16.230989,-1,2
68475,606561,0.740154,39594.536588,39594.652541,1, 0, 0, 1,-3.617928,5.403824,-9.914677,-1,2
68475,606562,0.812311,39594.608744,39594.724698,0, 0, 0, 0,-99.000000,-99.000000,-99.000000,-1,0
68475,606563,0.996530,39594.792964,39594.908918,1, 0, 0, 1,-1.531009,3.733988,14.750692,-1,2
68475,606564,1.167382,39594.963815,39595.079770,1, 0, 0, 1,3.500105,-1.414477,-4.143418,-1,2
68475,606565,1.315886,39595.112319,39595.228274,0, 0, 0, 0,-99.000000,-99.000000,-99.000000,-1,1
68475,606566,1.416656,39595.213089,39595.329044,0, 0, 0, 0,-99.000000,-99.000000,-99.000000,-1,0
68475,606567,1.435244,39595.231677,39595.347632,0, 0, 0, 0,-99.000000,-99.000000,-99.000000,-1,1
68475,606568,1.444805,39595.241237,39595.357192,0, 0, 0, 0,-99.000000,-99.000000,-99.000000,-1,0
68475,606569,1.482757,39595.279190,39595.395145,0, 0, 0, 0,-99.000000,-99.000000,-99.000000,-1,1
68475,606570,1.743311,39595.539743,39595.655699,1, 0, 0, 1,-5.376086,-5.596607,-6.556739,-1,2
68475,606571,1.818295,39595.614727,39595.730682,0, 0, 0, 0,-99.000000,-99.000000,-99.000000,-1,0
68475,606572,1.885442,39595.681874,39595.797830,0, 0, 0, 0,-99.000000,-99.000000,-99.000000,-1,1
68475,606573,2.116065,39595.912497,39596.028453,1, 0, 0, 1,-4.947439,3.285609,2.236654,-1,2
68475,606574,2.135262,39595.931693,39596.047650,0, 0, 0, 0,-99.000000,-99.000000,-99.000000,-1,1
68475,606575,2.301007,39596.097438,39596.213395,1, 0, 0, 1,0.268952,-2.425840,17.327110,-1,2
68475,606576,2.388713,39596.185144,39596.301101,0, 0, 0, 0,-99.000000,-99.000000,-99.000000,-1,1
68475,606577,2.459006,39596.255437,39596.371394,0, 0, 0, 0,-99.000000,-99.000000,-99.000000,-1,1
68475,606578,2.678226,39596.474657,39596.590614,0, 0, 0, 0,-99.000000,-99.000000,-99.000000,-1,0
68475,606579,2.699431,39596.495861,39596.611819,0, 0, 0, 0,-99.000000,-99.000000,-99.000000,-1,1
68475,606580,2.774784,39596.571214,39596.687172,1, 0, 0, 1,4.601333,-4.351646,13.163353,-1,2
68475,606581,2.923291,39596.719721,39596.835679,1, 0, 0, 1,5.956684,-3.968043,3.176506,-1,2
68475,606582,2.936214,39596.732644,39596.848602,0, 0, 0, 0,-99.000000,-99.000000,-99.000000,-1,1
68475,606583,3.377028,39597.173457,39597.289415,0, 0, 0, 0,-99.000000,-99.000000,-99.000000,-1,0
68475,606584,3.526010,39597.322438,39597.438397,1, 0, 0, 1,5.657757,-0.153506,-4.620972,-1,2
68475,606585,3.787239,39597.583667,39597.699626,1, 0, 0, 1,-6.429368,-1.894124,20.443778,-1,2
68475,606586,3.954355,39597.750782,39597.866742,1, 0, 0, 1,2.041077,-3.200708,-10.377569,-1,2
68475,606587,4.016021,39597.812448,39597.928409,0, 0, 0, 0,-99.000000,-99.000000,-99.000000,-1,1
68475,606588,4.119591,39597.916018,39598.031979,0, 0, 0, 0,-99.000000,-99.000000,-99.000000,-1,0
68475,606589,4.213571,39598.009998,39598.125958,1, 0, 0, 1,0.388206,-8.587946,19.314205,-1,2
68475,606590,4.460980,39598.257407,39598.373368,1, 0, 0, 1,-3.625608,-3.668179,7.756374,-1,2
68475,606591,4.495327,39598.291753,39598.407714,1, 0, 0, 1,2.293351,-1.643875,1.341736,-1,2
68475,606592,4.547618,39598.344044,39598.460006,1, 0, 0, 1,-4.389578,7.324822,9.544589,-1,2
68475,606593,4.638286,39598.434712,39598.550673,1, 0, 0, 1,72.615229,52.234558,77.355108,-1,2
68475,606594,4.663048,39598.459475,39598.575436,1, 0, 0, 1,-0.107606,1.507481,-10.986988,-1,2
68475,606595,4.745506,39598.541932,39598.657894,0, 0, 0, 0,-99.000000,-99.000000,-99.000000,-1,1
68475,606596,4.799059,39598.595485,39598.711447,1, 0, 0, 1,-6.917579,-2.927730,11.776910,-1,2
68475,606597,4.870234,39598.666660,39598.782622,1, 0, 0, 1,-4.374054,8.361670,-17.783729,-1,2
68475,606598,4.965226,39598.761652,39598.877614,1, 0, 0, 1,6.789377,4.452897,11.488543,-1,2
68475,606599,5.023319,39598.819745,39598.935707,0, 0, 0, 0,-99.000000,-99.000000,-99.000000,-1,0
68475,606600,5.093627,39598.890053,39599.006015,1, 0, 0, 1,-6.145244,0.760506,-12.055106,-1,2
68475,606601,5.163409,39598.959834,39599.075797,0, 0, 0, 0,-99.000000,-99.000000,-99.000000,-1,1
68475,606602,5.164449,39598.960874,39599.076837,0, 0, 0, 0,-99.000000,-99.000000,-99.000000,-1,1
68475,606603,5.346808,39599.143233,39599.259196,0, 0, 0, 0,-99.000000,-99.000000,-99.000000,-1,1
68475,606604,5.457957,39599.254382,39599.370345,0, 0, 0, 0,-99.000000,-99.000000,-99.000000,-1,1
68475,606605,5.529260,39599.325684,39599.441647,0, 0, 0, 0,-99.000000,-99.000000,-99.000000,-1,1
68475,606606,5.754939,39599.551363,39599.667327,1, 0, 0, 1,2.559871,9.698961,-20.586041,-1,3
68475,606607,5.776081,39599.572505,39599.688469,0, 0, 0, 0,-99.000000,-99.000000,-99.000000,-1,0
68475,606608,5.788406,39599.584830,39599.700794,0, 0, 0, 0,-99.000000,-99.000000,-99.000000,-1,1
68475,606609,5.845860,39599.642283,39599.758247,1, 0, 0, 1,1.471795,-1.016072,-3.467511,-1,2
68475,606610,5.876154,39599.672578,39599.788542,1, 0, 0, 1,-1.087212,-3.226184,-13.598470,-1,2
68475,606611,5.894134,39599.690558,39599.806522,1, 0, 0, 1,6.499906,-1.622391,4.324870,-1,2
68475,606612,6.079849,39599.876272,39599.992236,1, 0, 0, 1,5.686402,-0.854690,0.568018,-1,2
68475,606613,6.510089,39600.306512,39600.422477,1, 0, 0, 1,1.540398,5.202771,-3.033873,-1,2
68475,606614,6.528119,39600.324541,39600.440506,1, 0, 0, 1,3.453362,-4.270002,2.449885,-1,2
68475,606615,6.678107,39600.474529,39600.590494,0, 0, 0, 0,-99.000000,-99.000000,-99.000000,-1,0
68475,606616,6.688957,39600.485379,39600.601345,0, 0, 0, 0,-99.000000,-99.000000,-99.000000,-1,0
68475,606617,6.721696,39600.518118,39600.634084,1, 0, 0, 1,-2.685307,6.756336,11.498671,-1,2
68475,606618,6.873526,39600.669948,39600.785914,1, 0, 0, 1,-2.782185,9.332012,11.240224,-1,2
68475,606619,6.948437,39600.744859,39600.860825,0, 0, 0, 0,-99.000000,-99.000000,-99.000000,-1,1
68475,606620,7.041673,39600.838095,39600.954061,0, 0, 0, 0,-99.000000,-99.000000,-99.000000,-1,1
68475,606621,7.121142,39600.917563,39601.033530,1, 0, 0, 1,-3.254882,7.526006,-10.114204,-1,2
68475,606622,7.257279,39601.053700,39601.169666,1, 0, 0, 1,3.284887,-5.021467,10.979489,-1,2
68475,606623,7.301209,39601.097630,39601.213597,1, 0, 0, 1,5.995544,-1.165037,-1.501687,-1,2
68475,606624,7.384408,39601.180828,39601.296795,1, 0, 0, 1,1.798022,-4.914769,-20.482858,-1,2
68475,606625,7.438215,39601.234636,39601.350603,0, 0, 0, 0,-99.000000,-99.000000,-99.000000,-1,1
68475,606626,7.549919,39601.346339,39601.462307,1, 0, 0, 1,-1.712774,-6.162792,15.069011,-1,2
68475,606627,7.772189,39601.568609,39601.684577,0, 0, 0, 0,-99.000000,-99.000000,-99.000000,-1,1
68475,606628,7.832986,39601.629406,39601.745374,1, 0, 0, 1,-0.796767,0.680245,5.384352,-1,2
68475,606629,7.849707,39601.646127,39601.762095,1, 0, 0, 1,-6.199318,-1.616969,13.097903,-1,2
68475,606630,7.925162,39601.721581,39601.837549,1, 0, 0, 1,5.287310,3.461479,-12.636684,-1,2
68475,606631,7.990506,39601.786926,39601.902894,1, 0, 0, 1,0.452586,-0.922758,-6.936920,-1,2
68475,606632,8.171353,39601.967773,39602.083741,0, 0, 0, 0,-99.000000,-99.000000,-99.000000,-1,1
68475,607396,0.129010,39679.283211,39679.399334,1, 0, 0, 1,-0.109823,0.102317,-10.474647,-1,2
68475,607397,0.137905,39679.292107,39679.408230,1, 0, 0, 1,-3.088102,7.216263,20.821775,-1,2
68475,607398,0.138124,39679.292325,39679.408449,1, 0, 0, 1,4.942312,-2.837716,14.146273,-1,2
68475,607399,0.257872,39679.412073,39679.528196,0, 0, 0, 0,-99.000000,-99.000000,-99.000000,-1,0
68475,607400,0.280170,39679.434371,39679.550494,1, 0, 0, 1,2.236218,-8.044667,16.636724,-1,2
68475,607401,0.317082,39679.471282,39679.587406,1, 0, 0, 1,5.043792,5.789055,16.913968,-1,2
68475,607402,0.502165,39679.656366,39679.772490,1, 0, 0, 1,7.007505,2.794305,-21.130205,-1,2
68475,607403,0.682886,39679.837086,39679.953210,0, 0, 0, 0,-99.000000,-99.000000,-99.000000,-1,0
68475,607404,0.897035,39680.051234,39680.167359,1, 0, 0, 1,-3.929266,6.730061,-12.126943,-1,2
68475,607405,1.023144,39680.177344,39680.293469,0, 0, 0, 0,-99.000000,-99.000000,-99.000000,-1,1
68475,607406,1.189936,39680.344135,39680.460260,1, 0, 0, 1,-5.719508,4.230089,8.739072,-1,2
68475,607407,1.235696,39680.389895,39680.506020,0, 0, 0, 0,-99.000000,-99.000000,-99.000000,-1,1
68475,607408,1.360757,39680.514955,39680.631081,0, 0, 0, 0,-99.000000,-99.000000,-99.000000,-1,1
68475,607409,1.460973,39680.615171,39680.731297,1, 0, 0, 1,-2.577339,4.373313,7.152268,-1,2
68475,607410,1.537282,39680.691480,39680.807606,0, 0, 0, 0,-99.000000,-99.000000,-99.000000,-1,1
68475,607411,1.559198,39680.713396,39680.829522,0, 0, 0, 0,-99.000000,-99.000000,-99.000000,-1,1
68475,607412,1.604231,39680.758429,39680.874555,0, 0, 0, 0,-99.000000,-99.000000,-99.000000,-1,1
68475,607413,1.652616,39680.806814,39680.922941,0, 0, 0, 0,-99.000000,-99.000000,-99.000000,-1,0
68475,607414,1.701192,39680.855390,39680.971516,1, 0, 0, 1,-3.494641,6.469589,14.992956,-1,2
68475,607415,1.746689,39680.900887,39681.017013,0, 0, 0, 0,-99.000000,-99.000000,-99.000000,-1,1
68475,607416,1.763434,39680.917632,39681.033759,0, 0, 0, 0,-99.000000,-99.000000,-99.000000,-1,0
68475,607417,1.783357,39680.937554,39681.053681,1, 0, 0, 1,7.513018,-7.364143,5.594456,-1,2
68475,607418,2.336409,39681.490606,39681.606734,1, 0, 0, 1,-4.957376,-1.260277,2.393334,-1,2
68475,607419,2.350351,39681.504548,39681.620675,1, 0, 0, 1,3.027775,-6.671163,-12.224277,-1,2
68475,607420,2.634930,39681.789126,39681.905254,0, 0, 0, 0,-99.000000,-99.000000,-99.000000,-1,0
68475,607421,2.847523,39682.001718,39682.117847,1, 0, 0, 1,-7.822340,2.443153,21.847500,-1,2
68475,607422,2.894516,39682.048712,39682.164840,0, 0, 0, 0,-99.000000,-99.000000,-99.000000,-1,0
68475,607423,2.895890,39682.050086,39682.166215,1, 0, 0, 1,-6.495328,0.222135,3.592315,-1,2
68475,607424,3.126728,39682.280923,39682.397053,0, 0, 0, 0,-99.000000,-99.000000,-99.000000,-1,0
68475,607425,3.147653,39682.301848,39682.417977,1, 0, 0, 1,-6.201659,-0.075824,-1.145501,-1,2
68475,607426,3.188153,39682.342348,39682.458478,1, 0, 0, 1,-2.942772,-3.105729,-5.231700,-1,2
68475,607427,3.397356,39682.551551,39682.667680,1, 0, 0, 1,-0.177335,0.701272,3.574207,-1,2
68475,607428,3.495840,39682.650035,39682.766165,0, 0, 0, 0,-99.000000,-99.000000,-99.000000,-1,1
68475,607429,3.636534,39682.790728,39682.906858,1, 0, 0, 1,0.990017,-8.670975,-14.610470,-1,2
68475,607430,3.694780,39682.848974,39682.965104,0, 0, 0, 0,-99.000000,-99.000000,-99.000000,-1,0
68475,607431,3.742474,39682.896668,39683.012799,1, 0, 0, 1,1.035822,-4.030216,7.980832,-1,2
68475,607432,3.750995,39682.905189,39683.021319,1, 0, 0, 1,0.084430,2.013957,-10.492457,-1,2
68475,607433,3.928806,39683.082999,39683.199130,0, 0, 0, 0,-99.000000,-99.000000,-99.000000,-1,0
68475,607434,3.984318,39683.138511,39683.254643,0, 0, 0, 0,-99.000000,-99.000000,-99.000000,-1,1
68475,607435,4.215073,39683.369266,39683.485398,0, 0, 0, 0,-99.000000,-99.000000,-99.000000,-1,1
68475,607436,4.215496,39683.369689,39683.485821,0, 0, 0, 0,-99.000000,-99.000000,-99.000000,-1,1
68475,607437,4.356101,39683.510293,39683.626425,1, 0, 0, 1,2.131418,-1.506570,6.608780,-1,2
68475,607438,4.662163,39683.816355,39683.932487,1, 0, 0, 1,3.577495,2.002923,-6.096584,-1,2
68475,607439,4.814270,39683.968462,39684.084595,1, 0, 0, 1,8.689159,0.823121,10.868890,-1,2
68475,607440,4.858920,39684.013112,39684.129245,1, 0, 0, 1,-5.137467,1.502075,-3.514565,-1,2
68475,607441,5.091055,39684.245246,39684.361379,1, 0, 0, 1,-4.613909,0.221878,17.955260,-1,2
68475,607442,5.134127,39684.288319,39684.404452,0, 0, 0, 0,-99.000000,-99.000000,-99.000000,-1,1
68475,607443,5.221145,39684.375336,39684.491470,1, 0, 0, 1,-2.826373,-8.675062,-1.612852,-1,2
68475,607444,5.754452,39684.908642,39685.024776,0, 0, 0, 0,-99.000000,-99.000000,-99.000000,-1,1
68475,607445,5.859086,39685.013276,39685.129411,1, 0, 0, 1,0.379444,5.433055,7.411750,-1,2
68475,607446,5.876814,39685.031004,39685.147139,0, 0, 0, 0,-99.000000,-99.000000,-99.000000,-1,1
68475,607447,6.072876,39685.227065,39685.343200,1, 0, 0, 1,-3.935622,9.999981,7.399576,-1,3
68475,607448,6.124598,39685.278787,39685.394922,0, 0, 0, 0,-99.000000,-99.000000,-99.000000,-1,0
68475,607449,6.141552,39685.295741,39685.411877,1, 0, 0, 1,2.251479,-4.812002,-8.283492,-1,2
68475,607450,6.143723,39685.297912,39685.414047,0, 0, 0, 0,-99.000000,-99.000000,-99.000000,-1,0
68475,607451,6.165169,39685.319358,39685.435493,0, 0, 0, 0,-99.000000,-99.000000,-99.000000,-1,1
68475,607452,6.225768,39685.379957,39685.496092,0, 0, 0, 0,-99.000000,-99.000000,-99.000000,-1,1
68475,607453,6.234524,39685.388713,39685.504848,0, 0, 0, 0,-99.000000,-99.000000,-99.000000,-1,1
68475,607454,6.288601,39685.442790,39685.558925,1, 0, 0, 1,-3.920591,-5.515758,17.230750,-1,2
68475,607455,6.437748,39685.591937,39685.708073,0, 0, 0, 0,-99.000000,-99.000000,-99.000000,-1,1
68475,607456,6.677815,39685.832003,39685.948140,0, 0, 0, 0,-99.000000,-99.000000,-99.000000,-1,1
68475,607457,6.763964,39685.918152,39686.034288,0, 0, 0, 0,-99.000000,-99.000000,-99.000000,-1,1
68475,607458,6.808025,39685.962212,39686.078349,0, 0, 0, 0,-99.000000,-99.000000,-99.000000,-1,0
68475,607459,7.086840,39686.241027,39686.357165,1, 0, 0, 1,-5.528149,0.397137,11.077152,-1,2
68475,607460,7.377607,39686.531794,39686.647932,1, 0, 0, 1,4.679351,6.136590,5.510318,-1,2
68475,607461,7.460736,39686.614923,39686.731061,1, 0, 0, 1,6.860736,3.934029,11.922245,-1,2
68475,607462,7.563655,39686.717841,39686.833979,1, 0, 0, 1,-7.701729,0.718634,6.553215,-1,2
68475,607463,7.609956,39686.764142,39686.880280,0, 0, 0, 0,-99.000000,-99.000000,-99.000000,-1,1
68475,607464,7.627122,39686.781308,39686.897446,1, 1, 0, 1,-1.794602,-2.777123,23.117813,-1,2
68475,607465,7.659763,39686.813949,39686.930087,1, 0, 0, 1,-6.978297,4.153444,9.063478,-1,2
68475,607466,7.885761,39687.039947,39687.156086,0, 0, 0, 0,-99.000000,-99.000000,-99.000000,-1,1
68475,607467,7.906955,39687.061140,39687.177279,0, 0, 0, 0,-99.000000,-99.000000,-99.000000,-1,0
68475,607468,7.978553,39687.132738,39687.248877,1, 0, 0, 1,4.265950,-2.964432,3.344791,-1,2
68475,607469,8.093343,39687.247528,39687.363667,1, 0, 0, 1,-2.521236,5.572331,-0.061899,-1,2
68475,607470,8.100131,39687.254316,39687.370456,0, 0, 0, 0,-99.000000,-99.000000,-99.000000,-1,1
68475,607471,8.169219,39687.323404,39687.439544,0, 0, 0, 0,-99.000000,-99.000000,-99.000000,-1,0
68475,607472,8.182342,39687.336527,39687.452666,1, 0, 0, 1,1.014299,3.999901,-21.707230,-1,2
68475,607473,8.183761,39687.337946,39687.454085,1, 0, 0, 1,-7.378545,-0.561469,-8.111606,-1,2
68475,607474,8.307267,39687.461452,39687.577591,1, 0, 0, 1,6.497083,2.883828,-9.252768,-1,2
68475,607475,8.381010,39687.535194,39687.651334,0, 0, 0, 0,-99.000000,-99.000000,-99.000000,-1,1
68475,607476,8.531301,39687.685485,39687.801625,1, 0, 0, 1,1.388408,0.723702,-0.483394,-1,2
68475,607477,8.594016,39687.748200,39687.864340,1, 0, 0, 1,4.548075,-3.463298,10.595251,-1,2
68475,607478,8.621496,39687.775680,39687.891820,0, 0, 0, 0,-99.000000,-99.000000,-99.000000,-1,0
68475,607479,8.632107,39687.786291,39687.902431,0, 0, 0, 0,-99.000000,-99.000000,-99.000000,-1,1
68475,607480,8.645320,39687.799504,39687.915644,1, 0, 0, 1,0.933103,1.429012,-1.996065,-1,3
68475,607481,8.712686,39687.866869,39687.983010,1, 0, 0, 1,4.108652,0.520680,5.758012,-1,2
68475,607482,8.880802,39688.034986,39688.151127,1, 0, 0, 1,-4.755608,4.136890,-7.052212,-1,2
68475,607483,8.962045,39688.116229,39688.232370,1, 0, 0, 1,8.030985,1.925616,-19.080754,-1,2
68475,607484,9.079530,39688.233713,39688.349854,0, 0, 0, 0,-99.000000,-99.000000,-99.000000,-1,1
68475,607485,9.350938,39688.505120,39688.621262,1, 0, 0, 1,0.386289,1.734648,12.699123,-1,2
68475,607486,9.357902,39688.512084,39688.628226,0, 0, 0, 0,-99.000000,-99.000000,-99.000000,-1,1
68475,607487,9.476239,39688.630421,39688.746563,0, 0, 0, 0,-99.000000,-99.000000,-99.000000,-1,1
68475,607488,9.662967,39688.817149,39688.933291,1, 0, 0, 1,4.910772,2.351333,-12.979181,-1,2
68475,607489,9.778037,39688.932219,39689.048362,1, 0, 0, 1,-1.097772,5.309143,-5.815494,-1,2
68475,607490,9.881935,39689.036117,39689.152259,1, 0, 0, 1,3.010139,-0.232841,4.920531,-1,2
68475,607491,10.303481,39689.457661,39689.573805,0, 0, 0, 0,-99.000000,-99.000000,-99.000000,-1,1
68475,607492,10.315571,39689.469751,39689.585895,0, 0, 0, 0,-99.000000,-99.000000,-99.000000,-1,1
68475,607493,10.484158,39689.638339,39689.754483,1, 0, 0, 1,0.380115,8.902663,16.723826,-1,3
68475,607494,10.546179,39689.700359,39689.816503,1, 0, 0, 1,-2.632248,-0.660031,12.662037,-1,2
68475,607495,10.657816,39689.811996,39689.928141,1, 0, 0, 1,2.107330,5.471882,-4.447790,-1,2
68475,607496,10.709800,39689.863980,39689.980124,0, 0, 0, 0,-99.000000,-99.000000,-99.000000,-1,1
68475,607497,10.851643,39690.005823,39690.121968,0, 0, 0, 0,-99.000000,-99.000000,-99.000000,-1,1
68475,607498,10.904260,39690.058439,39690.174584,0, 0, 0, 0,-99.000000,-99.000000,-99.000000,-1,1
68475,607499,10.930719,39690.084899,39690.201043,0, 0, 0, 0,-99.000000,-99.000000,-99.000000,-1,0
68475,607500,11.033260,39690.187440,39690.303585,1, 0, 0, 1,-4.341393,4.668133,-12.637228,-1,7
68475,607501,11.148579,39690.302758,39690.418903,0, 0, 0, 0,-99.000000,-99.000000,-99.000000,-1,1
68475,607502,11.312310,39690.466489,39690.582634,0, 0, 0, 0,-99.000000,-99.000000,-99.000000,-1,1
68475,607503,11.420938,39690.575116,39690.691262,0, 0, 0, 0,-99.000000,-99.000000,-99.000000,-1,1
68475,607504,11.538765,39690.692943,39690.809089,0, 0, 0, 0,-99.000000,-99.000000,-99.000000,-1,1
68475,607505,11.630891,39690.785069,39690.901215,1, 0, 0, 1,4.110564,0.730238,-5.035773,-1,2
68475,607506,11.830468,39690.984646,39691.100793,1, 0, 0, 1,0.738920,-3.762706,9.675812,-1,2
68475,607507,12.032584,39691.186762,39691.302909,1, 0, 0, 1,2.388828,4.740450,-11.329168,-1,2
68475,607508,12.072682,39691.226859,39691.343006,0, 0, 0, 0,-99.000000,-99.000000,-99.000000,-1,0
68475,607509,12.156435,39691.310612,39691.426760,0, 0, 0, 0,-99.000000,-99.000000,-99.000000,-1,1
68475,607510,12.291662,39691.445839,39691.561986,0, 0, 0, 0,-99.000000,-99.000000,-99.000000,-1,1
68475,607511,12.402133,39691.556310,39691.672458,1, 0, 0, 1,-9.193002,6.345394,-16.876886,-1,2
68475,607512,12.407636,39691.561813,39691.677961,1, 0, 0, 1,2.352508,5.350527,-10.841499,-1,2
68475,607513,12.700822,39691.854998,39691.971146,0, 0, 0, 0,-99.000000,-99.000000,-99.000000,-1,1
68475,607514,12.709338,39691.863514,39691.979663,0, 0, 0, 0,-99.000000,-99.000000,-99.000000,-1,1
68475,607515,12.792062,39691.946237,39692.062386,0, 0, 0, 0,-99.000000,-99.000000,-99.000000,-1,1
68475,607516,12.830463,39691.984639,39692.100788,0, 0, 0, 0,-99.000000,-99.000000,-99.000000,-1,0
68475,607517,12.858241,39692.012417,39692.128565,0, 0, 0, 0,-99.000000,-99.000000,-99.000000,-1,1
68475,607518,13.114121,39692.268296,39692.384446,1, 0, 0, 1,-7.968002,-0.292244,-15.622725,-1,2
68475,607519,13.179440,39692.333615,39692.449765,0, 0, 0, 0,-99.000000,-99.000000,-99.000000,-1,0
68475,607520,13.216966,39692.371141,39692.487290,1, 0, 0, 1,-3.238666,-5.243075,-15.586652,-1,2
68475,607521,13.311185,39692.465360,39692.581510,0, 0, 0, 0,-99.000000,-99.000000,-99.000000,-1,1
68475,607522,13.410044,39692.564218,39692.680368,0, 0, 0, 0,-99.000000,-99.000000,-99.000000,-1,1
68475,607523,13.478855,39692.633030,39692.749180,0, 0, 0, 0,-99.000000,-99.000000,-99.000000,-1,1
68475,607524,13.509085,39692.663259,39692.779409,1, 0, 0, 1,3.378066,-2.241891,-1.321251,-1,2
68475,607525,13.514295,39692.668469,39692.784619,0, 0, 0, 0,-99.000000,-99.000000,-99.000000,-1,1
68475,607526,13.727269,39692.881443,39692.997593,1, 0, 0, 1,-6.532060,2.169546,7.683475,-1,2
68475,607527,13.816950,39692.971123,39693.087274,0, 0, 0, 0,-99.000000,-99.000000,-99.000000,-1,1
68475,607528,13.834904,39692.989078,39693.105229,1, 0, 0, 1,-0.399888,0.005338,-12.594929,-1,2
68475,607529,13.856378,39693.010552,39693.126703,0, 0, 0, 0,-99.000000,-99.000000,-99.000000,-1,0
68475,607530,13.982355,39693.136528,39693.252679,0, 0, 0, 0,-99.000000,-99.000000,-99.000000,-1,0
68475,607531,13.993037,39693.147210,39693.263361,1, 0, 0, 1,3.448174,0.176625,15.601063,-1,2
68475,607532,14.015861,39693.170034,39693.286185,1, 0, 0, 1,1.348218,7.998624,-9.667820,-1,2
68475,607533,14.106490,39693.260663,39693.376814,1, 0, 0, 1,-0.749968,1.421228,9.639619,-1,2
68475,607534,14.122079,39693.276252,39693.392403,1, 0, 0, 1,8.561594,1.728038,10.939993,-1,2
68475,607535,14.133955,39693.288128,39693.404280,1, 0, 0, 1,-2.377525,4.512679,-14.156095,-1,2
68475,607536,14.155641,39693.309814,39693.425966,1, 0, 0, 1,5.605365,1.711959,2.023272,-1,2
68475,607537,14.226590,39693.380763,39693.496915,1, 0, 0, 1,-3.337785,-7.296371,4.340842,-1,2
68475,607538,14.316090,39693.470263,39693.586415,1, 0, 0, 1,7.225832,2.665719,-17.096402,-1,2
68475,607539,14.327855,39693.482028,39693.598180,0, 0, 0, 0,-99.000000,-99.000000,-99.000000,-1,1
68475,607540,14.334701,39693.488874,39693.605026,0, 0, 0, 0,-99.000000,-99.000000,-99.000000,-1,1
68475,607541,14.365497,39693.519669,39693.635821,0, 0, 0, 0,-99.000000,-99.000000,-99.000000,-1,1
68475,607542,14.449791,39693.603964,39693.720116,0, 0, 0, 0,-99.000000,-99.000000,-99.000000,-1,1
68475,607543,14.664803,39693.818975,39693.935127,1, 0, 0, 1,-5.487992,2.046624,-8.251269,-1,2
68475,607544,14.935983,39694.090154,39694.206307,0, 0, 0, 0,-99.000000,-99.000000,-99.000000,-1,1
68475,607545,15.011148,39694.165319,39694.281473,0, 0, 0, 0,-99.000000,-99.000000,-99.000000,-1,0
68475,607546,15.103456,39694.257628,39694.373781,1, 0, 0, 1,-11.095373,-2.913677,4.215854,-1,2
68475,607547,15.216888,39694.371059,39694.487212,0, 0, 0, 0,-99.000000,-99.000000,-99.000000,-1,0
68475,607548,15.276163,39694.430334,39694.546487,0, 0, 0, 0,-99.000000,-99.000000,-99.000000,-1,1
68475,607549,15.283229,39694.437400,39694.553554,0, 0, 0, 0,-99.000000,-99.000000,-99.000000,-1,0
68475,607550,15.327274,39694.481444,39694.597598,1, 0, 0, 1,8.632783,9.286152,-0.580691,-1,2
68475,607551,15.785365,39694.939534,39695.055689,0, 0, 0, 0,-99.000000,-99.000000,-99.000000,-1,1
68475,607552,15.793463,39694.947632,39695.063787,1, 0, 0, 1,-4.249242,-7.099865,-14.179764,-1,2
68475,607553,15.894211,39695.048381,39695.164535,1, 0, 0, 1,2.344745,0.378030,-8.501903,-1,2
68475,607554,15.906120,39695.060289,39695.176444,1, 0, 0, 1,5.367571,2.230160,9.565965,-1,2
68475,607555,16.032478,39695.186647,39695.302803,1, 0, 0, 1,0.405368,1.677049,5.667141,-1,2
68475,607556,16.154663,39695.308832,39695.424987,1, 0, 0, 1,6.596592,-4.237322,18.441488,-1,2
68475,607557,16.375889,39695.530057,39695.646213,1, 0, 0, 1,8.804736,4.291724,13.877496,-1,2
68475,607558,16.458606,39695.612774,39695.728930,1, 0, 0, 1,5.674112,3.135449,15.703993,-1,3
68475,607559,16.582244,39695.736412,39695.852568,0, 0, 0, 0,-99.000000,-99.000000,-99.000000,-1,0
68475,607560,16.681458,39695.835626,39695.951782,1, 0, 0, 1,2.017732,1.728597,11.970108,-1,2
68475,607561,16.706556,39695.860724,39695.976880,0, 0, 0, 0,-99.000000,-99.000000,-99.000000,-1,0
68475,607562,16.766687,39695.920855,39696.037012,0, 0, 0, 0,-99.000000,-99.000000,-99.000000,-1,1
68475,607563,16.843354,39695.997522,39696.113678,1, 0, 0, 1,-2.273284,7.129430,-18.657613,-1,2
68475,607564,16.856431,39696.010598,39696.126755,1, 0, 0, 1,-0.301062,0.907090,-11.663214,-1,2
68475,607565,16.866474,39696.020641,39696.136798,1, 0, 0, 1,-5.161185,-0.541736,-11.306968,-1,2
68475,607566,16.995190,39696.149357,39696.265514,1, 0, 0, 1,-2.135207,-8.569355,18.441418,-1,2
68475,607567,16.996724,39696.150891,39696.267049,1, 0, 0, 1,0.140422,-4.947496,18.846243,-1,2
68475,607568,17.059023,39696.213190,39696.329347,1, 0, 0, 1,4.387923,-8.373327,18.746482,-1,2
68475,607569,17.118102,39696.272269,39696.388426,0, 0, 0, 0,-99.000000,-99.000000,-99.000000,-1,0
68475,607570,17.175419,39696.329586,39696.445743,1, 1, 0, 1,0.076766,-0.832449,-2.399625,-1,3
68475,607571,17.406008,39696.560175,39696.676333,1, 0, 0, 1,7.187994,0.621797,13.576212,-1,2
68475,607572,17.411996,39696.566163,39696.682321,1, 0, 0, 1,3.839875,-0.373355,-18.421627,-1,2
68475,607573,17.688925,39696.843091,39696.959249,1, 0, 0, 1,2.418541,-3.273869,9.566567,-1,2
68475,607574,18.077685,39697.231850,39697.348010,1, 0, 0, 1,-1.285493,3.007940,2.022541,-1,2
68475,607575,18.242564,39697.396729,39697.512888,1, 0, 0, 1,0.605129,-2.463600,13.573650,-1,2
68475,607576,18.340486,39697.494651,39697.610811,1, 0, 0, 1,-6.074022,1.219961,-20.555067,-1,3
68475,607577,18.526933,39697.681097,39697.797257,1, 0, 0, 1,-2.201674,-6.444432,5.930387,-1,3
68475,607578,18.731944,39697.886108,39698.002269,1, 0, 0, 1,-5.638036,2.943570,-9.644600,-1,2
68475,607579,18.876538,39698.030701,39698.146862,1, 0, 0, 1,-1.312324,1.766849,8.905990,-1,2
68475,607580,19.077572,39698.231735,39698.347896,1, 0, 0, 1,-4.480420,5.575842,16.123524,-1,2
68475,607581,19.094121,39698.248284,39698.364445,0, 0, 0, 0,-99.000000,-99.000000,-99.000000,-1,0
68475,607582,19.119815,39698.273978,39698.390139,1, 0, 0, 1,-2.893992,5.881994,-8.685911,-1,2
68475,607583,19.193453,39698.347616,39698.463778,0, 0, 0, 0,-99.000000,-99.000000,-99.000000,-1,1
68475,607584,19.296392,39698.450555,39698.566717,1, 0, 0, 1,-6.285777,-5.530704,7.575336,-1,2
68475,607585,19.341932,39698.496095,39698.612256,1, 0, 0, 1,2.254850,3.681145,1.028724,-1,2
68475,607586,19.370465,39698.524628,39698.640790,1, 0, 0, 1,-7.773276,-2.146206,6.193052,-1,2
68475,607587,19.403812,39698.557975,39698.674137,1, 0, 0, 1,6.498664,8.903391,6.182957,-1,2
68475,607588,19.852154,39699.006316,39699.122478,1, 0, 0, 1,-1.668734,1.551431,-7.084564,-1,2
68475,607589,19.988361,39699.142523,39699.258686,0, 0, 0, 0,-99.000000,-99.000000,-99.000000,-1,1
68475,607590,20.213546,39699.367707,39699.483870,1, 0, 0, 1,-6.221472,2.593461,-17.531543,-1,2
68475,607591,20.305466,39699.459627,39699.575791,1, 0, 0, 1,5.720718,5.194005,13.950977,-1,2
68475,607592,20.311054,39699.465214,39699.581378,1, 0, 0, 1,1.079238,-6.751985,-21.933404,-1,2
68475,607593,20.613896,39699.768056,39699.884220,0, 0, 0, 0,-99.000000,-99.000000,-99.000000,-1,1
68475,607594,20.797190,39699.951350,39700.067514,1, 0, 0, 1,-4.030964,-8.703971,-0.679484,-1,2
68475,607595,20.926683,39700.080842,39700.197007,1, 0, 0, 1,3.215142,1.737064,6.624872,-1,2
68475,607596,20.928357,39700.082516,39700.198681,0, 0, 0, 0,-99.000000,-99.000000,-99.000000,-1,1
68475,607597,20.937645,39700.091804,39700.207969,1, 0, 0, 1,2.513317,-0.137437,-5.236830,-1,2
68475,607598,20.940285,39700.094445,39700.210610,1, 0, 0, 1,-2.974588,4.324416,-14.845924,-1,2
68475,607599,20.943497,39700.097656,39700.213821,1, 0, 0, 1,-1.636285,1.201530,2.009424,-1,2
68475,607600,21.317236,39700.471394,39700.587560,1, 0, 0, 1,0.208181,-0.406655,-3.357564,-1,2
68475,607601,21.332309,39700.486467,39700.602633,1, 0, 0, 1,8.662600,-3.929443,-3.316453,-1,2
68475,607602,21.362859,39700.517017,39700.633183,0, 0, 0, 0,-99.000000,-99.000000,-99.000000,-1,1
68475,607603,21.515381,39700.669539,39700.785705,1, 0, 0, 1,-0.012465,-0.446943,3.638381,-1,2
68475,607604,21.521500,39700.675658,39700.791824,1, 0, 0, 1,7.612760,1.938582,2.281640,-1,2
68475,607605,21.576306,39700.730464,39700.846630,1, 0, 0, 1,-1.906952,5.606452,-10.242476,-1,2
68475,607606,21.658143,39700.812301,39700.928467,0, 0, 0, 0,-99.000000,-99.000000,-99.000000,-1,1
68475,607607,21.853199,39701.007356,39701.123523,1, 0, 0, 1,-4.097094,4.812404,12.738406,-1,2
68475,607608,21.886149,39701.040307,39701.156474,1, 0, 0, 1,-2.555694,-0.077546,-1.565649,-1,2
68475,607609,22.033106,39701.187264,39701.303431,1, 0, 0, 1,3.252718,-5.455687,7.285498,-1,2
68475,607610,22.292715,39701.446871,39701.563039,1, 0, 0, 1,-6.120713,1.942757,-19.419289,-1,2
68475,607611,22.313666,39701.467823,39701.583990,1, 0, 0, 1,-3.475181,7.804324,-4.861824,-1,2
68475,607612,22.819661,39701.973817,39702.089986,0, 0, 0, 0,-99.000000,-99.000000,-99.000000,-1,1
68475,607613,22.913702,39702.067858,39702.184027,1, 0, 0, 1,-3.344430,2.779298,-11.067967,-1,2
68475,607614,22.950544,39702.104699,39702.220868,1, 0, 0, 1,7.748829,4.048411,-15.065055,-1,2
68475,607615,23.013548,39702.167703,39702.283872,1, 0, 0, 1,6.800918,0.955213,-10.371974,-1,2
68475,607616,23.077966,39702.232122,39702.348291,1, 0, 0, 1,-5.262020,-10.668018,8.266798,-1,2
68475,607617,23.131869,39702.286024,39702.402193,1, 0, 0, 1,7.781323,2.701043,-8.023992,-1,2
68475,607618,23.220697,39702.374852,39702.491021,0, 0, 0, 0,-99.000000,-99.000000,-99.000000,-1,1
68475,607619,23.412034,39702.566189,39702.682359,1, 0, 0, 1,0.502619,6.152510,-2.094161,-1,2
68475,607620,23.434507,39702.588662,39702.704832,1, 0, 0, 1,7.647082,-1.422436,6.710359,-1,2
68475,607621,23.555890,39702.710044,39702.826215,0, 0, 0, 0,-99.000000,-99.000000,-99.000000,-1,1
68475,607622,23.614694,39702.768848,39702.885018,0, 0, 0, 0,-99.000000,-99.000000,-99.000000,-1,1
68475,607623,23.647922,39702.802076,39702.918247,0, 0, 0, 0,-99.000000,-99.000000,-99.000000,-1,1
68475,607624,23.669954,39702.824108,39702.940278,1, 0, 0, 1,1.809702,2.851253,2.055264,-1,2
68475,607625,23.692167,39702.846321,39702.962491,0, 0, 0, 0,-99.000000,-99.000000,-99.000000,-1,0
68475,607626,23.827981,39702.982134,39703.098305,0, 0, 0, 0,-99.000000,-99.000000,-99.000000,-1,1
68475,607627,23.836265,39702.990418,39703.106589,0, 0, 0, 0,-99.000000,-99.000000,-99.000000,-1,1
68475,607628,23.886848,39703.041001,39703.157172,1, 0, 0, 1,0.644726,-2.376922,-13.108323,-1,2
68475,607629,23.936761,39703.090914,39703.207085,0, 0, 0, 0,-99.000000,-99.000000,-99.000000,-1,0
68475,607630,24.045058,39703.199211,39703.315382,1, 0, 0, 1,-0.158077,0.788503,14.885201,-1,2
68475,607631,24.179553,39703.333706,39703.449877,0, 0, 0, 0,-99.000000,-99.000000,-99.000000,-1,1
68475,607632,24.183425,39703.337577,39703.453749,1, 0, 0, 1,-2.436643,3.565631,-13.621091,-1,2
68475,607633,24.186612,39703.340765,39703.456936,0, 0, 0, 0,-99.000000,-99.000000,-99.000000,-1,1
68475,607634,24.211046,39703.365198,39703.481370,0, 0, 0, 0,-99.000000,-99.000000,-99.000000,-1,1
68475,607635,24.237774,39703.391927,39703.508098,1, 0, 0, 1,3.092276,2.064778,-13.190844,-1,2
68475,607636,24.364920,39703.519072,39703.635244,1, 0, 0, 1,-2.380643,1.039388,-1.677225,-1,2
68475,607637,24.377554,39703.531707,39703.647879,1, 0, 0, 1,1.308614,3.696574,-0.976812,-1,2
68475,607638,24.571522,39703.725674,39703.841846,1, 1, 0, 1,-2.330477,0.179785,15.250274,-1,2
68475,607639,24.728858,39703.883010,39703.999182,1, 0, 0, 1,6.706630,3.522469,19.673922,-1,2
68475,607640,24.751074,39703.905226,39704.021399,0, 0, 0, 0,-99.000000,-99.000000,-99.000000,-1,1
68475,607641,25.002068,39704.156219,39704.272392,0, 0, 0, 0,-99.000000,-99.000000,-99.000000,-1,1
68475,607642,25.070329,39704.224480,39704.340654,0, 0, 0, 0,-99.000000,-99.000000,-99.000000,-1,1
68475,607643,25.100580,39704.254731,39704.370905,1, 0, 0, 1,-3.308590,3.737229,-15.269780,-1,2
68475,607644,25.213369,39704.367520,39704.483693,1, 0, 0, 1,9.590436,-3.597306,18.803389,-1,3
68475,607645,25.563444,39704.717594,39704.833768,1, 0, 0, 1,-0.007278,7.275163,1.110107,-1,2
68475,607646,25.571601,39704.725751,39704.841926,1, 0, 0, 1,-2.016908,-8.223625,10.535352,-1,2
68475,607647,25.586037,39704.740187,39704.856362,0, 0, 0, 0,-99.000000,-99.000000,-99.000000,-1,1
68475,607648,25.645998,39704.800148,39704.916322,1, 0, 0, 1,-4.844268,2.186959,-8.491570,-1,2
68475,607649,25.825579,39704.979729,39705.095904,0, 0, 0, 0,-99.000000,-99.000000,-99.000000,-1,1
68475,607650,25.832467,39704.986617,39705.102791,0, 0, 0, 0,-99.000000,-99.000000,-99.000000,-1,1
68475,607651,25.928967,39705.083117,39705.199292,0, 0, 0, 0,-99.000000,-99.000000,-99.000000,-1,0
68475,607652,26.044798,39705.198947,39705.315122,1, 0, 0, 1,-4.885878,0.421357,-11.576024,-1,2
68475,607653,26.575146,39705.729295,39705.845471,0, 0, 0, 0,-99.000000,-99.000000,-99.000000,-1,1
68475,607654,26.590439,39705.744587,39705.860763,0, 0, 0, 0,-99.000000,-99.000000,-99.000000,-1,1
68475,607655,26.722135,39705.876283,39705.992460,0, 0, 0, 0,-99.000000,-99.000000,-99.000000,-1,1
68475,607656,26.725368,39705.879516,39705.995693,0, 0, 0, 0,-99.000000,-99.000000,-99.000000,-1,0
68475,607657,26.990755,39706.144903,39706.261080,1, 0, 0, 1,-3.199282,-1.601538,-21.184976,-1,2
68475,607658,27.174669,39706.328816,39706.444994,0, 0, 0, 0,-99.000000,-99.000000,-99.000000,-1,1
68475,607659,27.225944,39706.380091,39706.496268,0, 0, 0, 0,-99.000000,-99.000000,-99.000000,-1,0
68475,607660,27.238321,39706.392468,39706.508646,1, 0, 0, 1,0.176391,-2.593130,-14.768061,-1,2
68475,607661,27.585064,39706.739210,39706.855389,1, 0, 0, 1,1.289992,-4.110872,5.529406,-1,2
68475,607662,27.820375,39706.974521,39707.090699,0, 0, 0, 0,-99.000000,-99.000000,-99.000000,-1,1
68475,607663,27.836965,39706.991110,39707.107289,0, 0, 0, 0,-99.000000,-99.000000,-99.000000,-1,1
68475,607664,28.178977,39707.333122,39707.449301,0, 0, 0, 0,-99.000000,-99.000000,-99.000000,-1,1
68475,607665,28.199717,39707.353861,39707.470041,1, 0, 0, 1,-5.704462,3.851938,3.645561,-1,2
68475,607666,28.293566,39707.447711,39707.563890,1, 0, 0, 1,-2.847609,-1.168856,2.118434,-1,2
68475,607667,28.306057,39707.460202,39707.576382,1, 0, 0, 1,-3.397812,-2.100471,7.127442,-1,2
68475,607668,28.329402,39707.483547,39707.599727,1, 0, 0, 1,1.484819,1.903726,-15.649401,-1,2
68475,607669,28.423344,39707.577489,39707.693669,0, 0, 0, 0,-99.000000,-99.000000,-99.000000,-1,1
68475,607670,28.445670,39707.599815,39707.715995,0, 0, 0, 0,-99.000000,-99.000000,-99.000000,-1,1
68475,607671,28.453795,39707.607940,39707.724120,1, 0, 0, 1,5.304894,1.911786,-16.929205,-1,2
68475,607672,28.461632,39707.615776,39707.731957,1, 0, 0, 1,0.970318,-7.153177,3.860350,-1,2
68475,607673,29.196084,39708.350227,39708.466409,0, 0, 0, 0,-99.000000,-99.000000,-99.000000,-1,1
68475,607674,29.207007,39708.361150,39708.477332,1, 0, 0, 1,-0.726789,-5.723359,18.288091,-1,2
68475,607675,29.268985,39708.423128,39708.539310,0, 0, 0, 0,-99.000000,-99.000000,-99.000000,-1,1
68475,607676,29.284186,39708.438328,39708.554510,0, 0, 0, 0,-99.000000,-99.000000,-99.000000,-1,0
68475,607677,29.321873,39708.476016,39708.592198,0, 0, 0, 0,-99.000000,-99.000000,-99.000000,-1,0
68475,607678,29.519048,39708.673190,39708.789372,1, 0, 0, 1,-0.873374,-4.148113,11.555355,-1,2
68475,607679,29.655127,39708.809268,39708.925451,1, 0, 0, 1,6.526318,1.485637,9.190735,-1,3
68475,607680,29.878101,39709.032242,39709.148425,1, 0, 0, 1,2.753108,1.069364,-13.239260,-1,2
68475,607681,30.079899,39709.234041,39709.350224,1, 0, 0, 1,1.481299,-1.993019,11.298758,-1,2
68475,607682,30.235948,39709.390088,39709.506272,1, 0, 0, 1,3.289810,4.657234,-0.308329,-1,2
68475,607683,30.377745,39709.531886,39709.648070,1, 0, 0, 1,8.207531,-3.702169,-7.707816,-1,2
68475,607684,30.521121,39709.675261,39709.791445,1, 0, 0, 1,-0.374174,-0.390165,-20.684412,-1,2
68475,607685,30.739501,39709.893641,39710.009826,1, 0, 0, 1,3.434412,2.677621,5.817942,-1,2
68475,607686,30.971956,39710.126095,39710.242281,1, 0, 0, 1,-3.489498,7.960176,15.633062,-1,2
68475,607687,31.161840,39710.315979,39710.432165,0, 0, 0, 0,-99.000000,-99.000000,-99.000000,-1,1
68475,607688,31.178940,39710.333079,39710.449265,1, 0, 0, 1,4.468864,2.015703,14.019141,-1,2
68475,607689,31.202996,39710.357135,39710.473320,1, 0, 0, 1,6.609049,-1.776167,14.638190,-1,2
68475,607690,31.211836,39710.365974,39710.482160,0, 0, 0, 0,-99.000000,-99.000000,-99.000000,-1,1
68475,607691,31.254068,39710.408207,39710.524393,1, 0, 0, 1,-9.138614,5.565237,18.770013,-1,2
68475,607692,31.257300,39710.411438,39710.527624,1, 0, 0, 1,-5.025400,-2.854576,-10.237534,-1,2
68475,607693,31.264605,39710.418743,39710.534929,0, 0, 0, 0,-99.000000,-99.000000,-99.000000,-1,0
68475,607694,31.278477,39710.432616,39710.548802,1, 0, 0, 1,-2.776132,0.139759,4.182955,-1,2
68475,607695,31.413549,39710.567687,39710.683873,0, 0, 0, 0,-99.000000,-99.000000,-99.000000,-1,0
68475,607696,31.436607,39710.590745,39710.706931,0, 0, 0, 0,-99.000000,-99.000000,-99.000000,-1,1
68475,607697,31.541733,39710.695872,39710.812058,1, 0, 0, 1,2.633101,-6.152695,-13.886850,-1,2
68475,607698,31.634997,39710.789135,39710.905321,1, 0, 0, 1,-12.369745,1.970290,9.227291,-1,2
68475,607699,31.953352,39711.107489,39711.223676,1, 0, 0, 1,-4.913495,-3.717447,-21.286821,-1,4
68475,607700,31.997273,39711.151411,39711.267598,1, 0, 0, 1,-0.121679,0.478681,7.067514,-1,2
68475,607701,32.300556,39711.454693,39711.570880,1, 0, 0, 1,6.859215,-3.103048,-17.687281,-1,2
68475,607702,32.502188,39711.656324,39711.772512,0, 0, 0, 0,-99.000000,-99.000000,-99.000000,-1,1
68475,607703,32.508984,39711.663120,39711.779308,1, 0, 0, 1,-3.350898,0.920129,-9.983178,-1,2
68475,607704,32.603202,39711.757338,39711.873526,0, 0, 0, 0,-99.000000,-99.000000,-99.000000,-1,0
68475,607705,32.792469,39711.946604,39712.062793,1, 0, 0, 1,3.522506,-4.662305,-3.076797,-1,2
68475,607706,32.837755,39711.991890,39712.108079,1, 0, 0, 1,-0.565171,-3.434175,-11.667759,-1,2
68475,607707,32.946312,39712.100447,39712.216637,1, 0, 0, 1,-1.114658,-10.154333,-8.281648,-1,2
68475,607708,33.045984,39712.200119,39712.316308,0, 0, 0, 0,-99.000000,-99.000000,-99.000000,-1,1
68475,607709,33.183208,39712.337343,39712.453533,0, 0, 0, 0,-99.000000,-99.000000,-99.000000,-1,1
68475,607710,33.292126,39712.446261,39712.562450,1, 0, 0, 1,7.875982,0.528893,-20.573665,-1,2
68475,607711,33.312156,39712.466291,39712.582481,0, 0, 0, 0,-99.000000,-99.000000,-99.000000,-1,1
68475,607712,33.420367,39712.574501,39712.690691,0, 0, 0, 0,-99.000000,-99.000000,-99.000000,-1,0
68475,607713,33.750347,39712.904481,39713.020672,1, 0, 0, 1,0.508016,2.779585,-15.756473,-1,2
68475,607714,33.765407,39712.919541,39713.035732,1, 0, 0, 1,4.755292,-0.047465,-13.997604,-1,2
68475,607715,33.965230,39713.119364,39713.235555,0, 0, 0, 0,-99.000000,-99.000000,-99.000000,-1,1
68475,607716,34.021742,39713.175875,39713.292066,1, 0, 0, 1,-3.212737,-2.461374,-2.137526,-1,2
68475,607717,34.137183,39713.291316,39713.407507,1, 0, 0, 1,-6.632924,-0.136628,-2.303157,-1,2
68475,607718,34.187259,39713.341392,39713.457584,0, 0, 0, 0,-99.000000,-99.000000,-99.000000,-1,0
68475,607719,34.285587,39713.439720,39713.555912,0, 0, 0, 0,-99.000000,-99.000000,-99.000000,-1,1
68475,607720,34.459168,39713.613300,39713.729492,1, 0, 0, 1,-4.753073,4.871276,-11.070455,-1,2
68475,607721,34.588993,39713.743125,39713.859317,1, 0, 0, 1,-6.267482,5.618554,18.968188,-1,2
68475,607722,34.589999,39713.744131,39713.860323,1, 0, 0, 1,4.015539,6.747490,17.706218,-1,2
68475,607723,34.625920,39713.780052,39713.896244,1, 0, 0, 1,-0.518988,-2.966190,8.558557,-1,2
68475,607724,35.046459,39714.200590,39714.316783,1, 0, 0, 1,4.096143,2.300929,-4.397257,-1,2
68475,607725,35.274905,39714.429035,39714.545229,0, 0, 0, 0,-99.000000,-99.000000,-99.000000,-1,1
68475,607726,35.304997,39714.459128,39714.575321,0, 0, 0, 0,-99.000000,-99.000000,-99.000000,-1,1
68475,607727,35.377290,39714.531420,39714.647614,1, 0, 0, 1,-7.277133,-3.628075,9.531845,-1,2
68475,607728,35.445271,39714.599401,39714.715595,1, 0, 0, 1,-1.605211,-5.229635,12.320623,-1,2
68475,607729,35.607004,39714.761134,39714.877328,1, 0, 0, 1,-3.909883,6.040469,7.437180,-1,2
68475,607730,35.679367,39714.833497,39714.949692,0, 0, 0, 0,-99.000000,-99.000000,-99.000000,-1,1
68475,607731,35.794681,39714.948811,39715.065006,1, 0, 0, 1,3.174391,-5.625341,15.323288,-1,2
68475,607732,36.075821,39715.229950,39715.346146,1, 0, 0, 1,4.949727,4.871060,3.086962,-1,2
68475,607733,36.079143,39715.233272,39715.349467,0, 0, 0, 0,-99.000000,-99.000000,-99.000000,-1,0
68475,607734,36.079253,39715.233382,39715.349578,0, 0, 0, 0,-99.000000,-99.000000,-99.000000,-1,0
68475,607735,36.081040,39715.235169,39715.351364,0, 0, 0, 0,-99.000000,-99.000000,-99.000000,-1,0
68475,607736,36.083704,39715.237833,39715.354028,0, 0, 0, 0,-99.000000,-99.000000,-99.000000,-1,0
68475,607737,36.351040,39715.505168,39715.621364,0, 0, 0, 0,-99.000000,-99.000000,-99.000000,-1,1
68475,607738,36.641338,39715.795466,39715.911663,0, 0, 0, 0,-99.000000,-99.000000,-99.000000,-1,1
68475,607739,36.786131,39715.940259,39716.056455,0, 0, 0, 0,-99.000000,-99.000000,-99.000000,-1,0
68475,607740,36.842397,39715.996524,39716.112721,1, 0, 0, 1,-4.739420,-3.283434,1.819784,-1,2
68475,607741,36.914069,39716.068196,39716.184393,0, 0, 0, 0,-99.000000,-99.000000,-99.000000,-1,1
68475,607742,36.931644,39716.085771,39716.201969,0, 0, 0, 0,-99.000000,-99.000000,-99.000000,-1,1
68475,607743,37.014273,39716.168400,39716.284598,1, 0, 0, 1,7.722265,-1.613404,-16.519235,-1,2
68475,607744,37.042279,39716.196406,39716.312604,0, 0, 0, 0,-99.000000,-99.000000,-99.000000,-1,0
68475,607745,37.157618,39716.311745,39716.427943,1, 0, 0, 1,1.992043,-8.753373,-2.833263,-1,2
68475,607746,37.215107,39716.369234,39716.485432,1, 0, 0, 1,7.556704,-3.388494,18.349450,-1,2
68475,607747,37.284337,39716.438464,39716.554662,1, 0, 0, 1,6.963953,-3.978245,-5.347879,-1,2
68475,607748,37.357044,39716.511171,39716.627369,0, 0, 0, 0,-99.000000,-99.000000,-99.000000,-1,1
68475,607749,37.471758,39716.625884,39716.742082,1, 0, 0, 1,4.623764,-3.122880,13.026084,-1,2
68475,607750,37.719834,39716.873960,39716.990159,0, 0, 0, 0,-99.000000,-99.000000,-99.000000,-1,1
68475,607751,37.783875,39716.938001,39717.054199,1, 0, 0, 1,3.841846,-2.505577,3.002367,-1,2
68475,607752,37.799793,39716.953919,39717.070117,1, 0, 0, 1,2.114391,-3.286743,-5.605160,-1,2
68475,607753,37.824812,39716.978938,39717.095137,0, 0, 0, 0,-99.000000,-99.000000,-99.000000,-1,1
68475,607754,37.860922,39717.015047,39717.131246,1, 0, 0, 1,-0.617507,1.241506,2.477255,-1,2
68475,607755,37.864045,39717.018171,39717.134369,0, 0, 0, 0,-99.000000,-99.000000,-99.000000,-1,1
68475,607756,37.892124,39717.046250,39717.162449,1, 0, 0, 1,5.981808,0.981469,5.535306,-1,2
68475,607757,37.983976,39717.138101,39717.254300,0, 0, 0, 0,-99.000000,-99.000000,-99.000000,-1,0
68475,607758,38.021829,39717.175954,39717.292154,1, 0, 0, 1,-2.084095,3.072090,-16.874976,-1,2
68475,607759,38.073013,39717.227138,39717.343337,0, 0, 0, 0,-99.000000,-99.000000,-99.000000,-1,1
68475,607760,38.225531,39717.379656,39717.495856,1, 0, 0, 1,2.750453,6.486710,-2.785547,-1,2
68475,607761,38.419715,39717.573840,39717.690040,1, 0, 0, 1,6.167362,0.745717,3.470067,-1,2
68475,607762,38.479883,39717.634007,39717.750207,0, 0, 0, 0,-99.000000,-99.000000,-99.000000,-1,1
68475,607763,38.486664,39717.640789,39717.756989,1, 0, 0, 1,3.354533,4.545136,4.831722,-1,2
68475,607764,38.505424,39717.659548,39717.775748,1, 0, 0, 1,-1.223513,-0.172601,5.051284,-1,2
68475,607765,38.530832,39717.684956,39717.801157,1, 0, 0, 1,1.873289,6.942135,-7.875988,-1,2
68475,607766,38.599001,39717.753125,39717.869326,1, 0, 0, 1,7.163685,-3.520124,12.726003,-1,2
68475,607767,38.684004,39717.838127,39717.954328,1, 0, 0, 1,2.050965,-8.650872,-1.299372,-1,2
68475,607768,38.999354,39718.153477,39718.269679,1, 0, 0, 1,-3.527160,6.825552,-17.342939,-1,2
68475,607769,39.052007,39718.206130,39718.322331,1, 0, 0, 1,-0.861258,0.959842,16.206916,-1,2
68475,607770,39.092478,39718.246601,39718.362802,0, 0, 0, 0,-99.000000,-99.000000,-99.000000,-1,0
68475,607771,39.127666,39718.281789,39718.397991,1, 0, 0, 1,-0.356588,2.710976,-10.015284,-1,2
68475,607772,39.181300,39718.335423,39718.451624,1, 0, 0, 1,3.703572,4.442426,0.096915,-1,2
68475,607773,39.183170,39718.337293,39718.453494,1, 0, 0, 1,-4.906130,-3.951146,12.866944,-1,2
68475,607774,39.223128,39718.377251,39718.493452,1, 0, 0, 1,-3.826142,-8.445311,17.839666,-1,2
68475,607775,39.253301,39718.407424,39718.523626,1, 0, 0, 1,-2.999320,-0.098305,11.501685,-1,2
68475,607776,39.267495,39718.421617,39718.537819,1, 0, 0, 1,14.884347,23.423467,12.296901,-1,2
68475,607777,39.292653,39718.446776,39718.562978,1, 0, 0, 1,0.639892,-1.702598,7.225907,-1,2
68475,607778,39.351836,39718.505959,39718.622161,1, 0, 0, 1,-3.418537,12.334976,13.525352,-1,2
68475,607779,39.382213,39718.536335,39718.652537,1, 0, 0, 1,0.350753,2.066893,-6.695004,-1,2
68475,607780,39.393748,39718.547871,39718.664073,1, 0, 0, 1,-7.226975,-3.039610,-12.798965,-1,2
68475,607781,39.434624,39718.588747,39718.704949,1, 0, 0, 1,3.912577,7.494516,15.296020,-1,2
68475,607782,39.506192,39718.660315,39718.776517,1, 0, 0, 1,-4.717049,-2.487236,-6.284321,-1,2
68475,607783,39.538840,39718.692962,39718.809164,1, 0, 0, 1,8.618452,-4.772630,-15.530262,-1,2
68475,607784,39.583006,39718.737128,39718.853330,1, 0, 0, 1,-2.241160,3.535677,-6.877341,-1,2
68475,607785,39.597977,39718.752099,39718.868301,1, 0, 0, 1,2.436285,3.306293,-13.819772,-1,2
68475,607786,39.610512,39718.764634,39718.880837,1, 0, 0, 1,1.828857,-8.665225,-8.876513,-1,2
68475,607787,39.697036,39718.851157,39718.967360,0, 0, 0, 0,-99.000000,-99.000000,-99.000000,-1,1
68475,607788,39.730222,39718.884344,39719.000546,0, 0, 0, 0,-99.000000,-99.000000,-99.000000,-1,1
68475,607789,39.802568,39718.956689,39719.072892,1, 0, 0, 1,-0.000270,-0.286136,-9.210638,-1,2
68475,607790,39.846706,39719.000828,39719.117031,0, 0, 0, 0,-99.000000,-99.000000,-99.000000,-1,1
68475,607791,39.853556,39719.007678,39719.123881,1, 0, 0, 1,-5.655215,1.440577,-12.618048,-1,2
68475,607792,39.905784,39719.059905,39719.176108,1, 0, 0, 1,-5.780325,-2.942559,-4.870200,-1,2
68475,607793,40.000810,39719.154931,39719.271134,1, 0, 0, 1,2.639463,-6.274596,3.967955,-1,2
68475,607794,40.074233,39719.228354,39719.344558,0, 0, 0, 0,-99.000000,-99.000000,-99.000000,-1,1
68475,607795,40.107823,39719.261944,39719.378148,1, 0, 0, 1,-0.302131,9.055436,-21.399529,-1,2
68475,607796,40.179420,39719.333541,39719.449744,0, 0, 0, 0,-99.000000,-99.000000,-99.000000,-1,0
68475,607797,40.207081,39719.361202,39719.477406,1, 0, 0, 1,-5.921385,-1.135688,-15.792630,-1,2
68475,607798,40.363588,39719.517709,39719.633913,0, 0, 0, 0,-99.000000,-99.000000,-99.000000,-1,1
68475,607799,40.398109,39719.552230,39719.668434,1, 0, 0, 1,-5.959826,-0.374230,-5.229487,-1,2
68475,607800,40.408014,39719.562134,39719.678338,1, 0, 0, 1,-0.564035,-3.875975,18.095398,-1,2
68475,607801,40.459866,39719.613986,39719.730190,1, 0, 0, 1,-7.333152,-0.530912,-9.931590,-1,2
68475,607802,40.497147,39719.651267,39719.767471,1, 0, 0, 1,7.347330,-2.206052,-1.012056,-1,2
68475,607803,40.522314,39719.676434,39719.792638,1, 0, 0, 1,6.786448,-1.345381,-16.657054,-1,2
68475,607804,40.760011,39719.914131,39720.030336,1, 0, 0, 1,0.066796,0.616902,-8.323143,-1,2
68475,607805,41.134902,39720.289021,39720.405227,1, 0, 0, 1,-5.050861,-4.159842,5.648221,-1,2
68475,607806,41.336632,39720.490750,39720.606956,0, 0, 0, 0,-99.000000,-99.000000,-99.000000,-1,0
68475,607807,41.563220,39720.717338,39720.833545,0, 0, 0, 0,-99.000000,-99.000000,-99.000000,-1,0
68475,607808,41.637864,39720.791982,39720.908188,1, 0, 0, 1,-3.187682,-1.675272,3.244822,-1,2
68475,607809,41.644066,39720.798184,39720.914390,1, 0, 0, 1,1.649379,-4.580357,14.329527,-1,2
68475,607810,41.677056,39720.831174,39720.947381,0, 0, 0, 0,-99.000000,-99.000000,-99.000000,-1,1
68475,607811,41.871631,39721.025748,39721.141955,1, 0, 0, 1,3.281579,-4.053771,-0.249314,-1,2
68475,607812,41.874347,39721.028464,39721.144671,1, 0, 0, 1,4.352585,5.827867,11.016299,-1,2
68475,607813,41.908041,39721.062158,39721.178365,1, 0, 0, 1,-4.175872,8.271438,-2.907477,-1,3
68475,607814,42.035855,39721.189972,39721.306179,1, 0, 0, 1,0.697973,-1.758685,-12.024895,-1,2
68475,607815,42.115648,39721.269765,39721.385972,1, 0, 0, 1,-5.918261,-0.495594,-9.681817,-1,2
68475,607816,42.340442,39721.494558,39721.610766,1, 0, 0, 1,-6.980251,6.523125,-4.928732,-1,2
68475,607817,42.348963,39721.503079,39721.619287,1, 0, 0, 1,-3.225029,-3.171640,-13.706041,-1,2
68475,607818,42.378918,39721.533035,39721.649243,0, 0, 0, 0,-99.000000,-99.000000,-99.000000,-1,1
68475,607819,42.439629,39721.593745,39721.709953,0, 0, 0, 0,-99.000000,-99.000000,-99.000000,-1,1
68475,607820,42.624912,39721.779028,39721.895237,1, 0, 0, 1,4.556314,-2.885785,-16.058054,-1,2
68475,607821,42.902335,39722.056450,39722.172659,0, 0, 0, 0,-99.000000,-99.000000,-99.000000,-1,0
68475,607822,43.012563,39722.166678,39722.282887,1, 0, 0, 1,1.031849,-5.061841,4.738643,-1,2
68475,607823,43.117081,39722.271196,39722.387405,1, 0, 0, 1,-3.102548,5.659913,-9.324882,-1,2
68475,607824,43.141650,39722.295764,39722.411974,1, 0, 0, 1,3.257971,-2.800681,-0.311369,-1,2
68475,607825,43.172525,39722.326640,39722.442850,0, 0, 0, 0,-99.000000,-99.000000,-99.000000,-1,1
68475,607826,43.192534,39722.346648,39722.462858,1, 0, 0, 1,2.226977,-3.635285,17.011120,-1,2
68475,607827,43.193586,39722.347701,39722.463910,0, 0, 0, 0,-99.000000,-99.000000,-99.000000,-1,0
68475,607828,43.463329,39722.617443,39722.733653,0, 0, 0, 0,-99.000000,-99.000000,-99.000000,-1,1
68475,607829,43.644681,39722.798794,39722.915005,0, 0, 0, 0,-99.000000,-99.000000,-99.000000,-1,0
68475,607830,43.691201,39722.845314,39722.961525,1, 0, 0, 1,17.045375,4.397284,-12.801285,-1,2
68475,607831,43.783733,39722.937846,39723.054057,1, 0, 0, 1,-0.079548,0.518686,0.871915,-1,2
68475,607832,43.808747,39722.962860,39723.079071,0, 0, 0, 0,-99.000000,-99.000000,-99.000000,-1,1
68475,607833,43.928969,39723.083082,39723.199293,1, 0, 0, 1,-1.664429,3.006681,-16.141903,-1,2
68475,607834,44.016260,39723.170373,39723.286585,1, 0, 0, 1,-4.748111,-2.520666,-7.387347,-1,2
68475,607835,44.170712,39723.324825,39723.441037,0, 0, 0, 0,-99.000000,-99.000000,-99.000000,-1,1
68475,607836,44.181708,39723.335821,39723.452032,1, 0, 0, 1,-2.401317,-6.526385,2.488255,-1,2
68475,607837,44.235940,39723.390052,39723.506264,0, 0, 0, 0,-99.000000,-99.000000,-99.000000,-1,1
68475,607838,44.270258,39723.424371,39723.540583,1, 0, 0, 1,4.722397,-6.860115,-8.438038,-1,2
68475,607839,44.357293,39723.511405,39723.627617,1, 0, 0, 1,0.020136,3.226868,9.823652,-1,2
68475,607840,44.518265,39723.672377,39723.788590,1, 0, 0, 1,0.841986,-1.669098,-13.721219,-1,2
68475,607841,44.522199,39723.676311,39723.792523,0, 0, 0, 0,-99.000000,-99.000000,-99.000000,-1,1
68475,607842,44.583634,39723.737746,39723.853959,1, 0, 0, 1,0.255087,-4.328402,-16.658449,-1,2
68475,607843,44.631534,39723.785646,39723.901859,1, 0, 0, 1,-5.651986,3.959660,-9.926756,-1,2
68475,607844,44.636882,39723.790994,39723.907206,0, 0, 0, 0,-99.000000,-99.000000,-99.000000,-1,1
68475,607845,44.690454,39723.844566,39723.960778,0, 0, 0, 0,-99.000000,-99.000000,-99.000000,-1,1
68475,607846,44.891454,39724.045566,39724.161779,1, 0, 0, 1,5.996717,5.943762,15.630758,-1,2
68475,607847,44.897897,39724.052009,39724.168222,0, 0, 0, 0,-99.000000,-99.000000,-99.000000,-1,0
68475,607848,44.975587,39724.129698,39724.245911,1, 0, 0, 1,0.821449,-2.218068,-18.916830,-1,2
68475,607849,45.062146,39724.216257,39724.332471,1, 0, 0, 1,-3.817023,2.360222,-8.102718,-1,2
68475,607850,45.098350,39724.252461,39724.368675,0, 0, 0, 0,-99.000000,-99.000000,-99.000000,-1,1
68475,607851,45.122841,39724.276951,39724.393165,1, 0, 0, 1,-4.495184,4.387870,-17.269948,-1,2
68475,607852,45.179375,39724.333486,39724.449700,0, 0, 0, 0,-99.000000,-99.000000,-99.000000,-1,1
68475,607853,45.243672,39724.397783,39724.513997,1, 0, 0, 1,-5.447802,3.952713,9.391925,-1,2
68475,607854,45.337434,39724.491544,39724.607758,1, 0, 0, 1,3.201437,-3.977014,-13.517390,-1,2
68475,607855,45.361015,39724.515125,39724.631339,0, 0, 0, 0,-99.000000,-99.000000,-99.000000,-1,1
68475,607856,45.513538,39724.667648,39724.783862,1, 0, 0, 1,7.217922,0.459339,3.164691,-1,2
68475,607857,45.607896,39724.762006,39724.878221,0, 0, 0, 0,-99.000000,-99.000000,-99.000000,-1,1
68475,607858,45.609103,39724.763213,39724.879428,1, 0, 0, 1,-0.181810,-1.109374,3.151858,-1,2
68475,607859,45.691551,39724.845661,39724.961875,0, 0, 0, 0,-99.000000,-99.000000,-99.000000,-1,0
68475,607860,45.980425,39725.134534,39725.250749,0, 0, 0, 0,-99.000000,-99.000000,-99.000000,-1,1
68475,607861,46.065650,39725.219759,39725.335974,1, 0, 0, 1,2.809339,-2.038628,-8.062216,-1,2
68475,607862,46.208583,39725.362692,39725.478908,0, 0, 0, 0,-99.000000,-99.000000,-99.000000,-1,0
68475,607863,46.292440,39725.446549,39725.562765,0, 0, 0, 0,-99.000000,-99.000000,-99.000000,-1,1
68475,607864,46.336886,39725.490994,39725.607210,1, 0, 0, 1,3.773669,-3.712511,-7.845342,-1,2
68475,607865,46.348436,39725.502544,39725.618760,0, 0, 0, 0,-99.000000,-99.000000,-99.000000,-1,1
68475,607866,46.375804,39725.529913,39725.646129,0, 0, 0, 0,-99.000000,-99.000000,-99.000000,-1,1
68475,607867,46.630505,39725.784613,39725.900830,0, 0, 0, 0,-99.000000,-99.000000,-99.000000,-1,1
68475,607868,46.814293,39725.968401,39726.084618,1, 0, 0, 1,-1.255192,9.907320,16.353629,-1,2
68475,607869,46.931384,39726.085492,39726.201709,1, 0, 0, 1,-5.329108,0.996621,-6.941773,-1,2
68475,607870,47.237513,39726.391620,39726.507838,1, 0, 0, 1,0.609799,-4.547723,15.133599,-1,2
68475,607871,47.421608,39726.575714,39726.691932,0, 0, 0, 0,-99.000000,-99.000000,-99.000000,-1,1
68475,607872,47.525494,39726.679600,39726.795819,1, 0, 0, 1,1.397489,-1.098683,-11.100848,-1,2
68475,607873,47.596038,39726.750144,39726.866363,0, 0, 0, 0,-99.000000,-99.000000,-99.000000,-1,1
68475,607874,47.713147,39726.867253,39726.983472,1, 0, 0, 1,-7.099953,-1.646043,3.525407,-1,2
68475,607875,47.742826,39726.896931,39727.013150,0, 0, 0, 0,-99.000000,-99.000000,-99.000000,-1,1
68475,607876,47.749760,39726.903865,39727.020084,0, 0, 0, 0,-99.000000,-99.000000,-99.000000,-1,1
68475,607877,47.859770,39727.013875,39727.130094,1, 0, 0, 1,6.107470,9.999985,19.951725,-1,5
68475,607878,48.042538,39727.196643,39727.312862,0, 0, 0, 0,-99.000000,-99.000000,-99.000000,-1,0
68475,607879,48.369319,39727.523423,39727.639643,1, 0, 0, 1,-8.264792,5.269218,16.702579,-1,2
68475,607880,48.404086,39727.558190,39727.674410,1, 0, 0, 1,-1.591550,-10.332486,-10.498925,-1,2
68475,607881,48.416895,39727.571000,39727.687220,0, 0, 0, 0,-99.000000,-99.000000,-99.000000,-1,1
68475,607882,48.480279,39727.634383,39727.750603,1, 0, 0, 1,2.428431,-4.645605,9.922342,-1,2
68475,607883,48.580086,39727.734190,39727.850410,1, 0, 0, 1,-8.962065,8.430853,2.453730,-1,2
68475,607884,49.001528,39728.155631,39728.271853,0, 0, 0, 0,-99.000000,-99.000000,-99.000000,-1,1
68475,607885,49.064150,39728.218253,39728.334475,1, 0, 0, 1,1.144312,0.131849,-17.678509,-1,2
68475,607886,49.150791,39728.304894,39728.421116,0, 0, 0, 0,-99.000000,-99.000000,-99.000000,-1,0
68475,607887,49.221223,39728.375326,39728.491547,0, 0, 0, 0,-99.000000,-99.000000,-99.000000,-1,1
68475,607888,49.250092,39728.404194,39728.520416,1, 0, 0, 1,-3.164809,8.462824,-6.688631,-1,2
68475,607889,49.310700,39728.464802,39728.581024,1, 0, 0, 1,-3.523093,-8.085763,18.998532,-1,2
68475,607890,49.377906,39728.532008,39728.648230,0, 0, 0, 0,-99.000000,-99.000000,-99.000000,-1,1
68475,607891,49.697686,39728.851788,39728.968011,1, 0, 0, 1,0.681474,-9.120920,7.090614,-1,4
68475,607892,49.733428,39728.887530,39729.003753,1, 0, 0, 1,11.190212,-13.654070,-6.895353,-1,2
68475,607893,49.959590,39729.113691,39729.229914,1, 0, 0, 1,-5.592795,6.333918,10.559871,-1,2
68475,607894,50.080475,39729.234576,39729.350800,0, 0, 0, 0,-99.000000,-99.000000,-99.000000,-1,1
68475,607895,50.167484,39729.321585,39729.437809,1, 0, 0, 1,3.022629,7.083909,7.153264,-1,2
68475,607896,50.307277,39729.461378,39729.577602,1, 0, 0, 1,-5.425486,4.875189,-11.303627,-1,2
68475,607897,50.680216,39729.834316,39729.950540,0, 0, 0, 0,-99.000000,-99.000000,-99.000000,-1,0
68475,607898,50.696612,39729.850712,39729.966936,1, 0, 0, 1,4.667741,-4.473768,14.307977,-1,2
68475,607899,50.728599,39729.882699,39729.998924,1, 0, 0, 1,-6.473403,-1.694998,-14.935871,-1,2
68475,607900,50.774706,39729.928805,39730.045030,1, 0, 0, 1,-1.750585,7.216444,-9.680801,-1,2
68475,607901,50.787397,39729.941496,39730.057721,0, 0, 0, 0,-99.000000,-99.000000,-99.000000,-1,1
68475,607902,50.796799,39729.950899,39730.067124,1, 0, 0, 1,6.048434,2.410123,-16.562285,-1,2
68475,607903,50.858912,39730.013011,39730.129236,1, 0, 0, 1,4.349998,11.820811,4.943511,-1,2
68475,607904,50.870696,39730.024796,39730.141021,0, 0, 0, 0,-99.000000,-99.000000,-99.000000,-1,1
68475,607905,51.288710,39730.442808,39730.559034,1, 0, 0, 1,3.247762,-3.876446,-8.904241,-1,2
68475,607906,51.369919,39730.524017,39730.640243,0, 0, 0, 0,-99.000000,-99.000000,-99.000000,-1,1
68475,607907,51.377543,39730.531641,39730.647867,0, 0, 0, 0,-99.000000,-99.000000,-99.000000,-1,0
68475,607908,51.380125,39730.534223,39730.650449,1, 0, 0, 1,-1.390474,0.222638,-17.822834,-1,2
68475,607909,51.475769,39730.629867,39730.746093,0, 0, 0, 0,-99.000000,-99.000000,-99.000000,-1,1
68475,607910,51.531834,39730.685932,39730.802158,0, 0, 0, 0,-99.000000,-99.000000,-99.000000,-1,1
68475,607911,51.597515,39730.751613,39730.867840,1, 0, 0, 1,7.992355,-5.855742,-16.284589,-1,2
68475,607912,51.599378,39730.753476,39730.869703,1, 0, 0, 1,-5.487591,-7.027508,13.789201,-1,2
68475,607913,51.675509,39730.829607,39730.945833,0, 0, 0, 0,-99.000000,-99.000000,-99.000000,-1,0
68475,607914,51.760729,39730.914827,39731.031054,1, 0, 0, 1,-3.410195,-6.098515,15.305833,-1,3
68475,607915,51.830673,39730.984770,39731.100997,1, 1, 0, 1,2.552036,1.362807,-11.318845,-1,10
68475,607916,51.872860,39731.026957,39731.143184,0, 0, 0, 0,-99.000000,-99.000000,-99.000000,-1,1
68475,607917,51.900574,39731.054671,39731.170898,1, 0, 0, 1,-0.406702,-0.406045,12.980615,-1,2
68475,607918,51.972020,39731.126117,39731.242345,0, 0, 0, 0,-99.000000,-99.000000,-99.000000,-1,1
68475,607919,51.989903,39731.144000,39731.260227,1, 0, 0, 1,8.048848,4.871466,-13.662178,-1,2
68475,607920,52.008517,39731.162614,39731.278842,1, 0, 0, 1,9.232955,-1.070341,9.282764,-1,2
68475,607921,52.260584,39731.414681,39731.530908,1, 0, 0, 1,-1.948807,-5.726416,15.991745,-1,2
68475,607922,52.327179,39731.481275,39731.597503,0, 0, 0, 0,-99.000000,-99.000000,-99.000000,-1,1
68475,607923,52.399427,39731.553523,39731.669751,0, 0, 0, 0,-99.000000,-99.000000,-99.000000,-1,0
68475,607924,52.418177,39731.572274,39731.688502,0, 0, 0, 0,-99.000000,-99.000000,-99.000000,-1,1
68475,607925,52.518852,39731.672948,39731.789176,1, 0, 0, 1,7.612421,1.670149,2.113085,-1,2
68475,607926,52.711503,39731.865599,39731.981828,0, 0, 0, 0,-99.000000,-99.000000,-99.000000,-1,1
68475,607927,52.863139,39732.017235,39732.133464,1, 0, 0, 1,2.966309,-0.930061,-0.561762,-1,2
68475,607928,52.950021,39732.104116,39732.220345,1, 0, 0, 1,-9.295209,-0.248608,5.992120,-1,2
68475,607929,53.110752,39732.264847,39732.381076,0, 0, 0, 0,-99.000000,-99.000000,-99.000000,-1,1
68475,607930,53.298289,39732.452383,39732.568613,0, 0, 0, 0,-99.000000,-99.000000,-99.000000,-1,1
68475,607931,53.365032,39732.519127,39732.635357,1, 0, 0, 1,-6.837150,-2.228151,-6.780206,-1,2
68475,607932,53.390409,39732.544504,39732.660734,0, 0, 0, 0,-99.000000,-99.000000,-99.000000,-1,0
68475,607933,53.500771,39732.654865,39732.771096,1, 0, 0, 1,3.863859,5.784782,-12.432836,-1,2
68475,607934,53.581416,39732.735509,39732.851740,0, 0, 0, 0,-99.000000,-99.000000,-99.000000,-1,1
68475,607935,53.582469,39732.736563,39732.852793,1, 0, 0, 1,-0.153371,10.326960,-8.376258,-1,2
68475,607936,53.649509,39732.803603,39732.919834,1, 0, 0, 1,2.399628,3.406615,-11.827566,-1,2
68475,607937,53.683495,39732.837589,39732.953820,1, 0, 0, 1,7.402089,3.602595,-16.987290,-1,2
68475,607938,53.820049,39732.974142,39733.090373,0, 0, 0, 0,-99.000000,-99.000000,-99.000000,-1,1
68475,607939,53.859407,39733.013501,39733.129732,0, 0, 0, 0,-99.000000,-99.000000,-99.000000,-1,0
68475,607940,54.029399,39733.183492,39733.299723,1, 0, 0, 1,-3.186555,-6.130162,0.745541,-1,3
68475,607941,54.101734,39733.255827,39733.372059,0, 0, 0, 0,-99.000000,-99.000000,-99.000000,-1,1
68475,607942,54.116343,39733.270435,39733.386667,1, 0, 0, 1,4.599940,1.801605,-19.109799,-1,2
68475,607943,54.225173,39733.379265,39733.495497,1, 0, 0, 1,-1.599321,-3.465044,4.421074,-1,2
68475,607944,54.353450,39733.507542,39733.623775,0, 0, 0, 0,-99.000000,-99.000000,-99.000000,-1,0
68475,607945,54.500722,39733.654814,39733.771047,0, 0, 0, 0,-99.000000,-99.000000,-99.000000,-1,0
68475,607946,54.590826,39733.744917,39733.861150,1, 0, 0, 1,2.325532,7.443628,-16.985028,-1,2
68475,607947,54.599565,39733.753657,39733.869890,0, 0, 0, 0,-99.000000,-99.000000,-99.000000,-1,1
68475,607948,54.776389,39733.930480,39734.046713,1, 0, 0, 1,3.905586,-4.000318,4.739272,-1,2
68475,607949,54.866679,39734.020770,39734.137003,1, 0, 0, 1,-3.872214,3.960945,-6.578840,-1,2
68475,607950,55.197912,39734.352003,39734.468236,1, 0, 0, 1,-2.368933,4.355793,-1.655434,-1,2
68475,607951,55.268746,39734.422836,39734.539070,1, 0, 0, 1,5.656394,-0.546210,4.102170,-1,2
68475,607952,55.281736,39734.435827,39734.552061,1, 0, 0, 1,-8.033017,-0.262199,-16.091288,-1,2
68475,607953,55.287265,39734.441355,39734.557589,1, 0, 0, 1,-7.561505,3.552425,-1.843649,-1,2
68475,607954,55.483825,39734.637915,39734.754150,1, 0, 0, 1,-0.001812,2.453588,13.259669,-1,2
68475,607955,55.637121,39734.791211,39734.907445,1, 0, 0, 1,-5.104944,-2.656720,-11.981840,-1,2
68475,607956,55.644337,39734.798427,39734.914662,1, 0, 0, 1,8.649469,-3.494623,20.756856,-1,2
68475,607957,55.689440,39734.843529,39734.959764,1, 0, 0, 1,-4.070580,8.280596,13.100782,-1,3
68475,607958,55.865961,39735.020050,39735.136285,1, 0, 0, 1,7.759973,-1.615644,18.446503,-1,2
68475,607959,56.347065,39735.501154,39735.617390,1, 0, 0, 1,5.576460,-4.412531,-21.854881,-1,2
68475,607960,56.428373,39735.582461,39735.698698,1, 0, 0, 1,-8.218904,6.035882,2.654839,-1,2
68475,607961,56.587105,39735.741193,39735.857430,1, 0, 0, 1,-0.725296,-0.167373,9.859625,-1,2
68475,607962,56.642839,39735.796926,39735.913163,1, 0, 0, 1,-6.446988,5.267776,14.138695,-1,2
68475,607963,56.821791,39735.975879,39736.092116,0, 0, 0, 0,-99.000000,-99.000000,-99.000000,-1,1
68475,607964,57.317345,39736.471432,39736.587670,1, 0, 0, 1,-1.808176,3.790331,15.296663,-1,2
68475,607965,57.359462,39736.513548,39736.629787,1, 0, 0, 1,4.887167,0.951036,-1.190708,-1,2
68475,607966,57.394304,39736.548390,39736.664628,1, 0, 0, 1,4.726628,-1.886482,9.028289,-1,2
68475,607967,57.419850,39736.573936,39736.690174,1, 0, 0, 1,-5.082284,2.090288,-0.557177,-1,2
68475,607968,57.673123,39736.827209,39736.943448,0, 0, 0, 0,-99.000000,-99.000000,-99.000000,-1,1
68475,607969,57.756707,39736.910793,39737.027032,0, 0, 0, 0,-99.000000,-99.000000,-99.000000,-1,1
68475,607970,58.014536,39737.168621,39737.284861,1, 0, 0, 1,-3.848145,6.196976,-15.580786,-1,2
68475,607971,58.030474,39737.184559,39737.300798,0, 0, 0, 0,-99.000000,-99.000000,-99.000000,-1,1
68475,607972,58.037782,39737.191867,39737.308107,1, 0, 0, 1,0.688706,-8.849827,-0.280181,-1,2
68475,607973,58.194873,39737.348958,39737.465198,1, 0, 0, 1,-7.213080,3.860471,-19.884187,-1,2
68475,607974,58.315288,39737.469372,39737.585612,1, 0, 0, 1,6.347448,4.076301,-20.516008,-1,2
68475,607975,58.343480,39737.497564,39737.613804,0, 0, 0, 0,-99.000000,-99.000000,-99.000000,-1,1
68475,607976,58.369483,39737.523567,39737.639807,1, 0, 0, 1,-7.416795,-0.494816,6.331796,-1,2
68475,607977,58.507290,39737.661374,39737.777615,1, 0, 0, 1,3.233518,-3.613093,15.028397,-1,2
68475,607978,58.777265,39737.931349,39738.047590,1, 0, 0, 1,-5.059236,-1.845932,-9.235005,-1,2
68475,607979,59.069169,39738.223252,39738.339494,1, 1, 0, 1,3.196792,1.065232,7.436821,-1,4
68475,607980,59.139794,39738.293877,39738.410119,0, 0, 0, 0,-99.000000,-99.000000,-99.000000,-1,1
68475,607981,59.176044,39738.330126,39738.446368,1, 0, 0, 1,-5.810319,8.370488,-4.792647,-1,2
68475,607982,59.297283,39738.451365,39738.567607,0, 0, 0, 0,-99.000000,-99.000000,-99.000000,-1,1
68475,607983,59.374547,39738.528629,39738.644871,1, 0, 0, 1,9.999981,6.911848,14.420148,-1,3
68475,607984,59.382697,39738.536779,39738.653021,1, 1, 1, 1,1.767382,0.604727,10.048640,-1,5
68475,607985,59.596057,39738.750138,39738.866381,1, 0, 0, 1,-7.457246,2.824672,-11.059130,-1,2
68475,607986,59.614827,39738.768909,39738.885151,1, 0, 0, 1,9.146211,-0.164074,17.902271,-1,2
68475,607987,59.705648,39738.859729,39738.975972,1, 0, 0, 1,-0.383392,7.953075,-5.963872,-1,2
68475,607988,59.746390,39738.900471,39739.016714,0, 0, 0, 0,-99.000000,-99.000000,-99.000000,-1,1
68475,607989,59.765903,39738.919984,39739.036227,1, 0, 0, 1,1.695199,4.499924,-2.301247,-1,2
68475,607990,59.783752,39738.937834,39739.054077,1, 0, 0, 1,-3.616435,1.835679,-5.981970,-1,2
68475,607991,59.807633,39738.961714,39739.077957,0, 0, 0, 0,-99.000000,-99.000000,-99.000000,-1,1
68475,607992,59.837799,39738.991880,39739.108123,0, 0, 0, 0,-99.000000,-99.000000,-99.000000,-1,1
68475,607993,59.970708,39739.124789,39739.241033,1, 0, 0, 1,-1.090897,5.145469,-14.359424,-1,2
68475,607994,60.025380,39739.179461,39739.295704,1, 0, 0, 1,-7.605465,1.540206,-0.891401,-1,6
68475,607995,60.110618,39739.264698,39739.380942,0, 0, 0, 0,-99.000000,-99.000000,-99.000000,-1,1
68475,607996,60.618779,39739.772859,39739.889103,0, 0, 0, 0,-99.000000,-99.000000,-99.000000,-1,1
68475,607997,60.675332,39739.829412,39739.945656,1, 0, 0, 1,0.444446,-0.863651,-21.321537,-1,2
68475,607998,60.739187,39739.893267,39740.009512,1, 0, 0, 1,-1.690510,-1.169374,-4.365591,-1,2
68475,607999,60.957902,39740.111981,39740.228226,1, 0, 0, 1,-4.988066,-0.759162,1.300817,-1,2
68475,608000,60.985934,39740.140013,39740.256259,1, 0, 0, 1,0.653161,3.901079,11.274746,-1,2
68475,608001,60.986202,39740.140281,39740.256527,0, 0, 0, 0,-99.000000,-99.000000,-99.000000,-1,1
68475,608002,61.167104,39740.321183,39740.437429,0, 0, 0, 0,-99.000000,-99.000000,-99.000000,-1,1
68475,608003,61.369142,39740.523220,39740.639466,1, 0, 0, 1,-2.842968,5.320968,0.524053,-1,2
68475,608004,61.590440,39740.744518,39740.860764,1, 0, 0, 1,0.224504,-2.609579,0.156714,-1,2
68475,608005,61.714068,39740.868145,39740.984392,0, 0, 0, 0,-99.000000,-99.000000,-99.000000,-1,1
68475,608006,61.714896,39740.868973,39740.985220,0, 0, 0, 0,-99.000000,-99.000000,-99.000000,-1,1
68475,608007,61.771246,39740.925324,39741.041571,1, 0, 0, 1,-1.592985,-3.347043,-15.591423,-1,2
68475,608008,61.809707,39740.963785,39741.080032,1, 0, 0, 1,3.761783,1.653614,-20.067131,-1,2
68475,608009,62.049651,39741.203728,39741.319975,1, 0, 0, 1,2.371214,-8.221959,9.175523,-1,2
68475,608010,62.174974,39741.329050,39741.445298,0, 0, 0, 0,-99.000000,-99.000000,-99.000000,-1,1
68475,608011,62.183823,39741.337900,39741.454147,1, 0, 0, 1,4.410027,-1.635075,4.867685,-1,2
68475,608012,62.346452,39741.500529,39741.616777,1, 0, 0, 1,2.815983,-4.044084,18.044572,-1,2
68475,608013,62.365156,39741.519233,39741.635481,0, 0, 0, 0,-99.000000,-99.000000,-99.000000,-1,1
68475,608014,62.471669,39741.625745,39741.741994,1, 0, 0, 1,6.473183,1.592709,-9.280006,-1,2
68475,608015,62.584542,39741.738617,39741.854866,0, 0, 0, 0,-99.000000,-99.000000,-99.000000,-1,1
68475,608016,62.651827,39741.805903,39741.922152,1, 0, 0, 1,-2.485481,3.241472,19.184216,-1,2
68475,608017,62.853076,39742.007152,39742.123401,1, 0, 0, 1,4.883852,-1.832211,12.689135,-1,2
68475,608018,62.881909,39742.035985,39742.152234,1, 0, 0, 1,0.081479,-1.904414,-18.169856,-1,2
68475,608019,63.021116,39742.175190,39742.291440,1, 0, 0, 1,3.555459,-6.236656,16.628935,-1,2
68475,608020,63.072518,39742.226592,39742.342842,1, 0, 0, 1,-6.514419,-2.525687,14.889985,-1,2
68475,608021,63.133469,39742.287544,39742.403793,0, 0, 0, 0,-99.000000,-99.000000,-99.000000,-1,1
68475,608022,63.179363,39742.333437,39742.449687,1, 0, 0, 1,8.934785,-3.566456,-1.960413,-1,2
68475,608023,63.222353,39742.376427,39742.492677,0, 0, 0, 0,-99.000000,-99.000000,-99.000000,-1,1
68475,608024,63.580584,39742.734658,39742.850909,1, 0, 0, 1,-2.031918,-4.272105,10.793768,-1,2
68475,608025,63.602138,39742.756211,39742.872462,0, 0, 0, 0,-99.000000,-99.000000,-99.000000,-1,1
68475,608026,63.708874,39742.862947,39742.979198,0, 0, 0, 0,-99.000000,-99.000000,-99.000000,-1,1
68475,608027,63.777003,39742.931077,39743.047328,0, 0, 0, 0,-99.000000,-99.000000,-99.000000,-1,1
68475,608028,63.815900,39742.969973,39743.086224,1, 0, 0, 1,0.572706,-6.671720,8.879063,-1,2
68475,608029,64.065109,39743.219182,39743.335433,1, 0, 0, 1,-1.204729,14.837991,-4.095155,-1,2
68475,608030,64.108581,39743.262654,39743.378906,1, 0, 0, 1,7.871746,0.549540,-19.722487,-1,2
68475,608031,64.371179,39743.525251,39743.641503,0, 0, 0, 0,-99.000000,-99.000000,-99.000000,-1,1
68475,608032,64.422620,39743.576692,39743.692945,1, 0, 0, 1,0.877807,-4.369361,5.611090,-1,2
68475,608033,64.497474,39743.651546,39743.767799,1, 0, 0, 1,-3.570528,-6.783075,17.556334,-1,2
68475,608034,64.663217,39743.817288,39743.933541,1, 0, 0, 1,6.943558,-2.782187,-13.591337,-1,2
68475,608035,64.835526,39743.989597,39744.105850,1, 0, 0, 1,1.488673,3.865247,2.287542,-1,2
68475,608036,64.893450,39744.047521,39744.163774,1, 0, 0, 1,-4.004931,4.896565,8.863309,-1,2
68475,608037,64.963032,39744.117103,39744.233356,1, 0, 0, 1,7.642765,5.137500,15.565905,-1,2
68475,608038,65.166726,39744.320797,39744.437050,0, 0, 0, 0,-99.000000,-99.000000,-99.000000,-1,0
68475,608039,65.304530,39744.458600,39744.574854,0, 0, 0, 0,-99.000000,-99.000000,-99.000000,-1,1
68475,608040,65.458137,39744.612207,39744.728461,1, 0, 0, 1,-2.152550,11.909678,0.831344,-1,2
68475,608041,65.471726,39744.625796,39744.742050,1, 0, 0, 1,8.530793,1.802037,-2.169300,-1,2
68475,608042,65.544284,39744.698354,39744.814608,1, 0, 0, 1,-1.560740,-6.809901,11.624895,-1,2
68475,608043,65.578683,39744.732752,39744.849007,0, 0, 0, 0,-99.000000,-99.000000,-99.000000,-1,1
68475,608044,65.655574,39744.809643,39744.925898,1, 0, 0, 1,4.279349,-4.445177,-11.686512,-1,2
68475,608045,65.912281,39745.066350,39745.182605,1, 0, 0, 1,-0.330300,5.237384,-17.593925,-1,2
68475,608046,66.007115,39745.161184,39745.277439,0, 0, 0, 0,-99.000000,-99.000000,-99.000000,-1,0
68475,608047,66.024400,39745.178469,39745.294724,0, 0, 0, 0,-99.000000,-99.000000,-99.000000,-1,0
68475,608048,66.253879,39745.407948,39745.524204,0, 0, 0, 0,-99.000000,-99.000000,-99.000000,-1,1
68475,608049,66.286796,39745.440865,39745.557121,1, 0, 0, 1,8.901863,0.119589,-8.822395,-1,2
68475,608050,66.321255,39745.475323,39745.591579,0, 0, 0, 0,-99.000000,-99.000000,-99.000000,-1,1
68475,608051,66.595505,39745.749573,39745.865830,1, 0, 0, 1,0.569412,-5.982696,-0.105294,-1,2
68475,608052,66.654564,39745.808632,39745.924889,1, 0, 0, 1,-7.765433,0.455649,-16.562241,-1,2
68475,608053,66.656983,39745.811051,39745.927308,1, 0, 0, 1,-0.674384,-2.817853,-9.660209,-1,2
68475,608054,66.711816,39745.865884,39745.982140,0, 0, 0, 0,-99.000000,-99.000000,-99.000000,-1,1
68475,608055,66.833484,39745.987551,39746.103808,0, 0, 0, 0,-99.000000,-99.000000,-99.000000,-1,1
68475,608056,67.011788,39746.165855,39746.282113,0, 0, 0, 0,-99.000000,-99.000000,-99.000000,-1,1
68475,608057,67.017738,39746.171804,39746.288062,1, 0, 0, 1,-1.918050,-2.843047,-8.605245,-1,2
68475,608058,67.022341,39746.176408,39746.292666,1, 0, 0, 1,5.236723,-6.838002,10.698669,-1,3
68475,608059,67.079632,39746.233699,39746.349956,0, 0, 0, 0,-99.000000,-99.000000,-99.000000,-1,1
68475,608060,67.204746,39746.358813,39746.475071,1, 0, 0, 1,5.911662,-3.334742,13.884078,-1,2
68475,608061,67.239579,39746.393646,39746.509904,0, 0, 0, 0,-99.000000,-99.000000,-99.000000,-1,0
68475,608062,67.250404,39746.404471,39746.520729,0, 0, 0, 0,-99.000000,-99.000000,-99.000000,-1,1
68475,608063,67.292866,39746.446932,39746.563191,0, 0, 0, 0,-99.000000,-99.000000,-99.000000,-1,1
68475,608064,67.295501,39746.449568,39746.565826,1, 0, 0, 1,0.116893,2.974364,-2.264733,-1,2
68475,608065,67.305334,39746.459400,39746.575658,1, 0, 0, 1,6.704248,-2.337053,4.373455,-1,2
68475,608066,67.490846,39746.644912,39746.761170,1, 0, 0, 1,-3.618108,-3.220684,-7.458699,-1,2
68475,608067,67.508593,39746.662659,39746.778918,1, 0, 0, 1,8.284026,2.466862,-13.355764,-1,2
68475,608068,67.512443,39746.666509,39746.782767,0, 0, 0, 0,-99.000000,-99.000000,-99.000000,-1,1
68475,608069,68.177340,39747.331405,39747.447664,1, 0, 0, 1,-2.066850,2.546813,12.600257,-1,2
68475,608070,68.189896,39747.343961,39747.460221,1, 0, 0, 1,-6.491734,4.291349,-17.936876,-1,2
68475,608071,68.401540,39747.555604,39747.671865,1, 0, 0, 1,8.465723,-1.218451,-11.823937,-1,2
68475,608072,68.623615,39747.777679,39747.893940,1, 1, 0, 1,1.922413,0.607395,17.224566,-1,5
68475,608073,68.655333,39747.809396,39747.925657,0, 0, 0, 0,-99.000000,-99.000000,-99.000000,-1,1
68475,608074,68.917227,39748.071291,39748.187552,1, 0, 0, 1,-5.580968,-0.051745,3.052690,-1,2
68475,608075,69.202929,39748.356992,39748.473254,1, 0, 0, 1,-4.847908,-0.028355,-1.926688,-1,2
68475,608076,69.227804,39748.381867,39748.498129,1, 0, 0, 1,-1.707562,1.718310,-0.161708,-1,2
68475,608077,69.252480,39748.406542,39748.522804,1, 0, 0, 1,1.028653,2.114694,11.556278,-1,2
68475,608078,69.301166,39748.455229,39748.571491,1, 0, 0, 1,-1.408243,0.310799,-4.200165,-1,2
68475,608079,69.394358,39748.548420,39748.664683,0, 0, 0, 0,-99.000000,-99.000000,-99.000000,-1,1
68475,608080,69.451806,39748.605868,39748.722130,1, 0, 0, 1,-8.057551,7.538079,16.182396,-1,2
68475,608081,69.495314,39748.649376,39748.765638,0, 0, 0, 0,-99.000000,-99.000000,-99.000000,-1,1
68475,608082,69.526116,39748.680178,39748.796440,1, 0, 0, 1,-2.832061,2.666164,-4.149305,-1,2
68475,608083,69.569098,39748.723160,39748.839423,0, 0, 0, 0,-99.000000,-99.000000,-99.000000,-1,1
68475,608084,69.603694,39748.757755,39748.874018,0, 0, 0, 0,-99.000000,-99.000000,-99.000000,-1,1
68475,608085,69.888056,39749.042117,39749.158380,0, 0, 0, 0,-99.000000,-99.000000,-99.000000,-1,0
68475,608086,69.900679,39749.054741,39749.171004,1, 0, 0, 1,-6.868063,-3.452186,-8.632785,-1,2
68475,608087,69.970396,39749.124457,39749.240721,1, 0, 0, 1,-1.592953,2.707074,-12.358847,-1,2
68475,608088,70.125446,39749.279506,39749.395770,0, 0, 0, 0,-99.000000,-99.000000,-99.000000,-1,1
68475,608089,70.213230,39749.367291,39749.483555,1, 0, 0, 1,-2.487735,4.022906,-4.167720,-1,2
68475,608090,70.228734,39749.382795,39749.499059,1, 0, 0, 1,-1.789382,-8.439435,8.962892,-1,3
68475,608091,70.363573,39749.517633,39749.633897,1, 0, 0, 1,2.937235,-4.785177,5.181115,-1,2
68475,608092,70.659005,39749.813064,39749.929329,0, 0, 0, 0,-99.000000,-99.000000,-99.000000,-1,1
68475,608093,70.703619,39749.857678,39749.973943,0, 0, 0, 0,-99.000000,-99.000000,-99.000000,-1,1
68475,608094,70.749418,39749.903478,39750.019743,0, 0, 0, 0,-99.000000,-99.000000,-99.000000,-1,1
68475,608095,70.881302,39750.035362,39750.151627,0, 0, 0, 0,-99.000000,-99.000000,-99.000000,-1,1
68475,608096,71.058245,39750.212304,39750.328570,1, 0, 0, 1,10.394976,-5.866226,-8.351981,-1,2
68475,608097,71.139184,39750.293242,39750.409508,1, 0, 0, 1,1.136473,-3.157313,-8.412952,-1,2
68475,608098,71.162038,39750.316096,39750.432362,1, 0, 0, 1,-1.918428,8.548956,-20.680490,-1,2
68475,608099,71.308918,39750.462976,39750.579242,1, 0, 0, 1,-2.863289,-8.451351,10.488126,-1,2
68475,608100,71.410527,39750.564585,39750.680851,1, 0, 0, 1,-6.597784,-1.442566,4.920511,-1,2
68475,608101,71.488716,39750.642774,39750.759041,1, 0, 0, 1,5.708981,2.147747,-8.256363,-1,2
68475,608102,71.562700,39750.716758,39750.833024,0, 0, 0, 0,-99.000000,-99.000000,-99.000000,-1,1
68475,608103,71.571241,39750.725298,39750.841565,1, 0, 0, 1,-3.383383,4.848595,-13.243532,-1,2
68475,608104,71.618000,39750.772058,39750.888325,0, 0, 0, 0,-99.000000,-99.000000,-99.000000,-1,1
68475,608105,71.720880,39750.874937,39750.991204,1, 0, 0, 1,1.181804,2.368672,-4.663256,-1,2
68475,608106,71.881120,39751.035178,39751.151445,0, 0, 0, 0,-99.000000,-99.000000,-99.000000,-1,1
68475,608107,72.101246,39751.255303,39751.371571,1, 0, 0, 1,-0.692884,3.122070,-5.517764,-1,2
68475,608108,72.304085,39751.458141,39751.574409,0, 0, 0, 0,-99.000000,-99.000000,-99.000000,-1,0
68475,608109,72.377680,39751.531736,39751.648005,1, 0, 0, 1,-6.220063,3.317587,-12.774996,-1,2
68475,608110,72.392153,39751.546209,39751.662477,1, 0, 0, 1,-2.733985,-1.694776,9.339367,-1,2
68475,608111,72.632878,39751.786934,39751.903202,1, 0, 0, 1,2.139709,8.480011,12.383251,-1,2
68475,608112,72.670271,39751.824327,39751.940596,0, 0, 0, 0,-99.000000,-99.000000,-99.000000,-1,1
68475,608113,72.707995,39751.862051,39751.978320,0, 0, 0, 0,-99.000000,-99.000000,-99.000000,-1,1
68475,608114,72.797515,39751.951570,39752.067839,0, 0, 0, 0,-99.000000,-99.000000,-99.000000,-1,1
68475,608115,72.850665,39752.004720,39752.120990,1, 0, 0, 1,-3.216795,-1.257166,-5.291517,-1,2
68475,608116,73.041757,39752.195812,39752.312082,1, 0, 0, 1,3.765679,0.397817,7.124615,-1,2
68475,608117,73.046436,39752.200491,39752.316760,1, 0, 0, 1,0.442199,-1.096102,20.956842,-1,2
68475,608118,73.255692,39752.409746,39752.526016,1, 0, 0, 1,8.550215,4.488349,9.315585,-1,2
68475,608119,73.416258,39752.570312,39752.686582,0, 0, 0, 0,-99.000000,-99.000000,-99.000000,-1,0
68475,608120,73.466088,39752.620142,39752.736413,1, 0, 0, 1,-5.139736,-0.559842,-17.105451,-1,2
68475,608121,73.537419,39752.691472,39752.807743,1, 0, 0, 1,4.228094,-6.283930,-1.343513,-1,2
68475,608122,73.626474,39752.780528,39752.896799,1, 0, 0, 1,8.896715,6.849756,-15.725301,-1,2
68475,608123,73.663945,39752.817999,39752.934270,1, 0, 0, 1,2.530403,-8.109141,-21.473386,-1,2
68475,608124,73.794137,39752.948191,39753.064462,1, 0, 0, 1,-1.569283,4.395992,-16.257018,-1,2
68475,608125,73.878955,39753.033008,39753.149279,1, 0, 0, 1,-0.826632,7.046899,15.271690,-1,2
68475,608126,74.026799,39753.180851,39753.297123,1, 0, 0, 1,-3.416084,3.596666,-18.356641,-1,2
68475,608127,74.117867,39753.271920,39753.388191,0, 0, 0, 0,-99.000000,-99.000000,-99.000000,-1,0
68475,608128,74.215769,39753.369822,39753.486094,0, 0, 0, 0,-99.000000,-99.000000,-99.000000,-1,1
68475,608129,74.257918,39753.411970,39753.528242,1, 0, 0, 1,1.216844,-7.892612,-0.984444,-1,2
68475,608130,74.425649,39753.579701,39753.695974,0, 0, 0, 0,-99.000000,-99.000000,-99.000000,-1,1
68475,608131,74.630954,39753.785006,39753.901278,1, 0, 0, 1,-3.789592,13.276255,0.874418,-1,2
68475,608132,74.826458,39753.980509,39754.096782,1, 0, 0, 1,0.434835,2.743253,17.371770,-1,2
68475,608133,75.046415,39754.200465,39754.316739,0, 0, 0, 0,-99.000000,-99.000000,-99.000000,-1,1
68475,608134,75.165950,39754.320001,39754.436275,1, 0, 0, 1,4.980840,2.160400,-20.377138,-1,2
68475,608135,75.173569,39754.327619,39754.443893,0, 0, 0, 0,-99.000000,-99.000000,-99.000000,-1,1
68475,608136,75.406088,39754.560138,39754.676412,0, 0, 0, 0,-99.000000,-99.000000,-99.000000,-1,0
68475,608137,75.563298,39754.717348,39754.833623,0, 0, 0, 0,-99.000000,-99.000000,-99.000000,-1,1
68475,608138,75.889070,39755.043119,39755.159394,1, 0, 0, 1,1.250847,-5.172518,-6.129219,-1,4
68475,608139,75.899183,39755.053232,39755.169507,0, 0, 0, 0,-99.000000,-99.000000,-99.000000,-1,1
68475,608140,75.945235,39755.099284,39755.215560,0, 0, 0, 0,-99.000000,-99.000000,-99.000000,-1,0
68475,608141,75.949878,39755.103927,39755.220203,1, 0, 0, 1,4.410001,-5.481283,-2.069727,-1,2
68475,608142,76.227797,39755.381845,39755.498121,1, 0, 0, 1,-1.242087,-1.940878,-18.203472,-1,2
68475,608143,76.230218,39755.384266,39755.500542,0, 0, 0, 0,-99.000000,-99.000000,-99.000000,-1,0
68475,608144,76.235845,39755.389893,39755.506169,1, 0, 0, 1,3.562091,0.096926,-17.641281,-1,2
68475,608145,76.280753,39755.434801,39755.551078,1, 0, 0, 1,-3.335591,2.489366,-10.729637,-1,2
68475,608146,76.594309,39755.748357,39755.864634,0, 0, 0, 0,-99.000000,-99.000000,-99.000000,-1,1
68475,608147,76.600828,39755.754876,39755.871152,1, 0, 0, 1,1.325398,-1.195982,16.939392,-1,2
68475,608148,76.601966,39755.756014,39755.872291,1, 0, 0, 1,5.824190,1.334637,14.527365,-1,2
68475,608149,76.626406,39755.780454,39755.896731,1, 0, 0, 1,4.300340,-2.515256,-19.275809,-1,2
68475,608150,76.661471,39755.815519,39755.931796,0, 0, 0, 0,-99.000000,-99.000000,-99.000000,-1,0
68475,608151,76.717418,39755.871465,39755.987742,1, 0, 0, 1,-2.741616,7.758851,17.862081,-1,2
68475,608152,76.919347,39756.073394,39756.189671,0, 0, 0, 0,-99.000000,-99.000000,-99.000000,-1,1
68475,608153,76.979174,39756.133221,39756.249498,0, 0, 0, 0,-99.000000,-99.000000,-99.000000,-1,1
68475,608154,77.227663,39756.381710,39756.497988,0, 0, 0, 0,-99.000000,-99.000000,-99.000000,-1,1
68475,608155,77.247887,39756.401933,39756.518211,1, 0, 0, 1,-4.726594,2.415664,5.006494,-1,2
68475,608156,77.286149,39756.440195,39756.556473,0, 0, 0, 0,-99.000000,-99.000000,-99.000000,-1,0
68475,608157,77.367677,39756.521723,39756.638001,0, 0, 0, 0,-99.000000,-99.000000,-99.000000,-1,1
68475,608158,77.383675,39756.537721,39756.653999,1, 0, 0, 1,-2.026956,4.197116,17.961213,-1,2
68475,608159,77.476221,39756.630267,39756.746546,1, 0, 0, 1,0.817323,-1.884405,4.982696,-1,2
68475,608160,77.505918,39756.659964,39756.776242,0, 0, 0, 0,-99.000000,-99.000000,-99.000000,-1,1
68475,608161,77.762852,39756.916898,39757.033177,1, 0, 0, 1,5.684653,-3.634970,17.311982,-1,2
68475,608162,77.767743,39756.921789,39757.038068,0, 0, 0, 0,-99.000000,-99.000000,-99.000000,-1,0
68475,608163,77.864587,39757.018633,39757.134912,1, 0, 0, 1,-1.829695,0.081220,9.306320,-1,2
68475,608164,78.204994,39757.359038,39757.475318,0, 0, 0, 0,-99.000000,-99.000000,-99.000000,-1,1
68475,608165,78.455435,39757.609479,39757.725759,1, 0, 0, 1,3.611102,6.671476,-17.854772,-1,2
68475,608166,78.574007,39757.728050,39757.844331,0, 0, 0, 0,-99.000000,-99.000000,-99.000000,-1,1
68475,608167,78.637522,39757.791565,39757.907846,1, 0, 0, 1,-5.614676,1.293942,-13.813329,-1,2
68475,608168,78.679758,39757.833801,39757.950082,1, 0, 0, 1,-10.424909,-1.171836,-17.832098,-1,2
68475,608169,78.754003,39757.908046,39758.024327,1, 0, 0, 1,-1.200281,3.674731,10.102602,-1,2
68475,608170,79.003459,39758.157502,39758.273784,1, 0, 0, 1,-2.436680,-0.872381,-11.024285,-1,2
68475,608171,79.242173,39758.396216,39758.512498,0, 0, 0, 0,-99.000000,-99.000000,-99.000000,-1,1
68475,608172,79.270921,39758.424963,39758.541245,0, 0, 0, 0,-99.000000,-99.000000,-99.000000,-1,0
68475,608173,79.285673,39758.439715,39758.555997,1, 0, 0, 1,-2.119371,-6.779631,-13.033630,-1,2
68475,608174,79.364692,39758.518735,39758.635017,0, 0, 0, 0,-99.000000,-99.000000,-99.000000,-1,1
68475,608175,79.376582,39758.530624,39758.646906,0, 0, 0, 0,-99.000000,-99.000000,-99.000000,-1,1
68475,608176,79.394600,39758.548642,39758.664924,0, 0, 0, 0,-99.000000,-99.000000,-99.000000,-1,1
68475,608177,79.451921,39758.605962,39758.722245,1, 0, 0, 1,1.763075,-4.751129,0.249520,-1,2
68475,608178,79.582005,39758.736047,39758.852330,0, 0, 0, 0,-99.000000,-99.000000,-99.000000,-1,1
68475,608179,79.912110,39759.066151,39759.182434,1, 0, 0, 1,-6.456783,-0.581362,12.602811,-1,2
68475,608180,80.106893,39759.260934,39759.377217,1, 0, 0, 1,-4.908121,1.845189,-10.076426,-1,2
68475,608181,80.246289,39759.400329,39759.516613,1, 0, 0, 1,-5.597280,-1.329912,5.238058,-1,2
68475,608182,80.256888,39759.410929,39759.527213,1, 0, 0, 1,4.107293,0.100015,-8.360894,-1,2
68475,608183,80.313488,39759.467528,39759.583812,1, 0, 0, 1,-3.376535,-2.537979,-17.669174,-1,2
68475,608184,80.345122,39759.499162,39759.615446,1, 0, 0, 1,-2.270199,0.836344,-6.566738,-1,2
68475,608185,80.406717,39759.560757,39759.677041,1, 0, 0, 1,12.426674,-3.585012,1.814389,-1,2
68475,608186,80.528009,39759.682049,39759.798334,1, 0, 0, 1,-5.706640,5.572453,-3.265194,-1,2
68475,608187,80.666824,39759.820864,39759.937149,1, 0, 0, 1,-1.721491,5.054213,-0.012333,-1,2
68475,608188,80.736521,39759.890560,39760.006845,1, 0, 0, 1,0.855190,0.366952,-13.487150,-1,2
68475,608189,81.304766,39760.458804,39760.575090,1, 0, 0, 1,8.009067,-0.792373,16.606561,-1,2
68475,608190,81.543665,39760.697702,39760.813989,0, 0, 0, 0,-99.000000,-99.000000,-99.000000,-1,0
68475,608191,81.583349,39760.737386,39760.853673,0, 0, 0, 0,-99.000000,-99.000000,-99.000000,-1,1
68475,608192,81.795309,39760.949346,39761.065633,1, 0, 0, 1,3.827885,-5.294679,1.175143,-1,2
68475,608193,81.828785,39760.982822,39761.099109,1, 0, 0, 1,3.144436,-5.032801,-10.237351,-1,2
68475,608194,81.877446,39761.031483,39761.147770,1, 0, 0, 1,4.594202,6.396299,-8.240600,-1,2
68475,608195,81.880104,39761.034141,39761.150428,0, 0, 0, 0,-99.000000,-99.000000,-99.000000,-1,1
68475,608196,81.915925,39761.069962,39761.186249,1, 0, 0, 1,-0.217752,-3.770886,-16.818129,-1,2
68475,608197,81.962384,39761.116421,39761.232708,1, 0, 0, 1,3.821241,-0.747135,-9.607540,-1,2
68475,608198,82.002863,39761.156900,39761.273188,1, 0, 0, 1,0.653828,-2.141715,1.715070,-1,2
68475,608199,82.213245,39761.367282,39761.483570,0, 0, 0, 0,-99.000000,-99.000000,-99.000000,-1,1
68475,608200,82.678236,39761.832271,39761.948560,1, 0, 0, 1,0.835279,0.768445,5.356756,-1,2
68475,608201,82.815577,39761.969612,39762.085902,1, 0, 0, 1,1.232556,0.422936,4.258226,-1,2
68475,608202,82.865318,39762.019353,39762.135643,1, 0, 0, 1,-7.094659,0.699708,-17.303361,-1,2
68475,608203,82.953774,39762.107809,39762.224098,0, 0, 0, 0,-99.000000,-99.000000,-99.000000,-1,1
68475,608204,83.245588,39762.399622,39762.515912,1, 0, 0, 1,-4.797857,-5.921442,7.354754,-1,2
68475,608205,83.645971,39762.800004,39762.916295,0, 0, 0, 0,-99.000000,-99.000000,-99.000000,-1,1
68475,608206,83.693311,39762.847344,39762.963635,1, 0, 0, 1,1.190192,-7.168378,-22.292007,-1,2
68475,608207,83.757356,39762.911389,39763.027680,1, 0, 0, 1,4.091843,2.866616,6.690668,-1,2
68475,608208,83.824618,39762.978651,39763.094943,1, 0, 0, 1,-3.453632,-7.301186,-5.328683,-1,2
68475,608209,83.952216,39763.106249,39763.222541,0, 0, 0, 0,-99.000000,-99.000000,-99.000000,-1,0
68475,608210,84.014374,39763.168407,39763.284699,0, 0, 0, 0,-99.000000,-99.000000,-99.000000,-1,1
68475,608211,84.129824,39763.283857,39763.400149,1, 0, 0, 1,3.946339,-5.782547,-13.075284,-1,2
68475,608212,84.287487,39763.441519,39763.557811,1, 0, 0, 1,8.182610,-0.894510,10.122450,-1,2
68475,608213,84.308381,39763.462413,39763.578705,0, 0, 0, 0,-99.000000,-99.000000,-99.000000,-1,1
68475,608214,84.434432,39763.588464,39763.704756,1, 0, 0, 1,4.142309,-5.557763,-17.654130,-1,2
68475,608215,84.455110,39763.609142,39763.725434,0, 0, 0, 0,-99.000000,-99.000000,-99.000000,-1,0
68475,608216,84.461373,39763.615404,39763.731697,1, 0, 0, 1,6.075409,1.012056,14.137108,-1,2
68475,608217,84.663786,39763.817817,39763.934110,0, 0, 0, 0,-99.000000,-99.000000,-99.000000,-1,1
68475,608218,84.699533,39763.853564,39763.969857,1, 0, 0, 1,5.026021,3.194526,-14.423138,-1,2
68475,608219,84.783511,39763.937542,39764.053835,1, 0, 0, 1,6.107726,0.580234,19.451546,-1,2
68475,608220,84.948887,39764.102918,39764.219211,1, 0, 0, 1,4.670758,-2.457263,-0.380125,-1,2
68475,608221,84.983802,39764.137833,39764.254127,0, 0, 0, 0,-99.000000,-99.000000,-99.000000,-1,0
68475,608222,85.033007,39764.187038,39764.303331,0, 0, 0, 0,-99.000000,-99.000000,-99.000000,-1,1
68475,608223,85.307729,39764.461759,39764.578053,1, 0, 0, 1,-4.721365,9.138765,-13.355333,-1,2
68475,608224,85.343263,39764.497293,39764.613587,0, 0, 0, 0,-99.000000,-99.000000,-99.000000,-1,1
68475,608225,85.363454,39764.517484,39764.633779,0, 0, 0, 0,-99.000000,-99.000000,-99.000000,-1,0
68475,608226,85.581114,39764.735144,39764.851439,1, 0, 0, 1,-2.850235,-6.804914,3.753615,-1,2
68475,608227,85.620057,39764.774086,39764.890381,1, 0, 0, 1,2.681304,-2.788752,13.476114,-1,2
68475,608228,85.853650,39765.007679,39765.123974,0, 0, 0, 0,-99.000000,-99.000000,-99.000000,-1,1
68475,608229,86.139054,39765.293083,39765.409379,0, 0, 0, 0,-99.000000,-99.000000,-99.000000,-1,0
68475,608230,86.223617,39765.377645,39765.493942,1, 0, 0, 1,1.293577,4.032726,-1.194670,-1,2
68475,608231,86.347013,39765.501041,39765.617337,1, 0, 0, 1,0.617645,1.526286,19.047439,-1,4
68475,608232,86.406002,39765.560030,39765.676326,0, 0, 0, 0,-99.000000,-99.000000,-99.000000,-1,0
68475,608233,86.447730,39765.601758,39765.718055,0, 0, 0, 0,-99.000000,-99.000000,-99.000000,-1,1
68475,608234,86.493305,39765.647333,39765.763629,1, 0, 0, 1,3.344212,1.962417,-3.463254,-1,2
68475,608235,86.530246,39765.684274,39765.800570,0, 0, 0, 0,-99.000000,-99.000000,-99.000000,-1,1
68475,608236,86.558476,39765.712503,39765.828800,1, 0, 0, 1,-6.042055,-0.880649,2.899636,-1,5
68475,608237,86.638031,39765.792058,39765.908355,1, 0, 0, 1,-5.520084,-0.185689,2.606221,-1,2
68475,608238,86.755705,39765.909732,39766.026029,0, 0, 0, 0,-99.000000,-99.000000,-99.000000,-1,0
68475,608239,86.940101,39766.094128,39766.210425,1, 0, 0, 1,-0.269417,-1.760517,11.865878,-1,2
68475,608240,87.157103,39766.311130,39766.427428,0, 0, 0, 0,-99.000000,-99.000000,-99.000000,-1,1
68475,608241,87.192273,39766.346299,39766.462597,1, 0, 0, 1,1.783293,-1.012018,8.796832,-1,2
68475,608242,87.525568,39766.679594,39766.795892,1, 0, 0, 1,0.024201,4.773501,-6.546552,-1,2
68475,608243,87.694747,39766.848772,39766.965071,0, 0, 0, 0,-99.000000,-99.000000,-99.000000,-1,0
68475,608244,87.781692,39766.935717,39767.052017,1, 0, 0, 1,-1.551991,7.879321,-21.790037,-1,2
68475,608245,87.944808,39767.098833,39767.215132,1, 0, 0, 1,2.634253,0.998700,-9.412276,-1,2
68475,608246,87.960619,39767.114644,39767.230943,1, 0, 0, 1,1.021852,-4.314359,-3.989726,-1,2
68475,608247,88.096727,39767.250752,39767.367051,0, 0, 0, 0,-99.000000,-99.000000,-99.000000,-1,1
68475,608248,88.239800,39767.393824,39767.510124,1, 0, 0, 1,6.348154,-0.211840,-3.139006,-1,2
68475,608249,88.287852,39767.441876,39767.558177,1, 0, 0, 1,4.884324,-0.531387,0.047668,-1,2
68475,608250,88.436294,39767.590318,39767.706619,1, 0, 0, 1,5.771633,-6.481531,-6.684660,-1,8
68475,608251,88.452222,39767.606245,39767.722546,0, 0, 0, 0,-99.000000,-99.000000,-99.000000,-1,1
68475,608252,88.469713,39767.623737,39767.740038,1, 0, 0, 1,9.924093,-1.489353,-16.051852,-1,2
68475,608253,88.475942,39767.629966,39767.746267,1, 0, 0, 1,1.371434,2.764507,1.937241,-1,2
68475,608254,88.506724,39767.660748,39767.777049,0, 0, 0, 0,-99.000000,-99.000000,-99.000000,-1,1
68475,608255,88.517225,39767.671249,39767.787550,1, 0, 0, 1,5.603892,1.513338,-9.276388,-1,2
68475,608256,88.524614,39767.678638,39767.794939,0, 0, 0, 0,-99.000000,-99.000000,-99.000000,-1,0
68475,608257,88.653568,39767.807591,39767.923892,1, 0, 0, 1,-5.463810,1.220353,9.596904,-1,2
68475,608258,88.778620,39767.932643,39768.048944,0, 0, 0, 0,-99.000000,-99.000000,-99.000000,-1,1
68475,608259,88.983243,39768.137265,39768.253567,0, 0, 0, 0,-99.000000,-99.000000,-99.000000,-1,0
68475,608260,89.219424,39768.373446,39768.489748,1, 0, 0, 1,-3.595940,-0.184225,7.981201,-1,3
68475,608261,89.440353,39768.594375,39768.710678,0, 0, 0, 0,-99.000000,-99.000000,-99.000000,-1,1
68475,608262,89.668162,39768.822183,39768.938486,1, 0, 0, 1,4.444161,-3.648870,1.289973,-1,2
68475,608263,90.137622,39769.291642,39769.407946,1, 0, 0, 1,1.894276,1.486532,-19.440407,-1,2
68475,608264,90.184750,39769.338770,39769.455074,1, 0, 0, 1,6.423608,-3.122166,11.409875,-1,2
68475,608265,90.310573,39769.464593,39769.580897,1, 0, 0, 1,9.574411,7.576244,18.136914,-1,2
68475,608266,90.375665,39769.529685,39769.645989,1, 0, 0, 1,4.416348,9.874518,6.828168,-1,2
68475,608267,90.384571,39769.538591,39769.654895,1, 0, 0, 1,-4.482815,2.090798,3.645013,-1,2
68475,608268,90.404924,39769.558944,39769.675249,1, 0, 0, 1,2.177544,-6.227616,14.194297,-1,3
68475,608269,90.453837,39769.607857,39769.724161,0, 0, 0, 0,-99.000000,-99.000000,-99.000000,-1,1
68475,608270,90.696705,39769.850725,39769.967030,0, 0, 0, 0,-99.000000,-99.000000,-99.000000,-1,0
68475,608271,90.963645,39770.117663,39770.233969,0, 0, 0, 0,-99.000000,-99.000000,-99.000000,-1,0
68475,608272,90.980228,39770.134247,39770.250552,1, 0, 0, 1,4.768220,-3.674219,-2.893423,-1,2
68475,608273,91.052659,39770.206678,39770.322983,1, 0, 0, 1,0.748876,2.036409,7.756145,-1,2
68475,608274,91.226527,39770.380546,39770.496852,0, 0, 0, 0,-99.000000,-99.000000,-99.000000,-1,0
68475,608275,91.650270,39770.804288,39770.920595,1, 0, 0, 1,-4.771183,-4.055758,-11.217753,-1,2
68475,608276,91.663847,39770.817864,39770.934171,0, 0, 0, 0,-99.000000,-99.000000,-99.000000,-1,1
68475,608277,91.780815,39770.934832,39771.051139,1, 0, 0, 1,-0.219041,2.126160,17.767687,-1,3
68475,608278,91.941996,39771.096013,39771.212321,1, 0, 0, 1,-3.502773,5.213171,-7.470415,-1,2
68475,608279,92.109302,39771.263319,39771.379627,1, 0, 0, 1,2.044917,-5.424857,-3.224446,-1,2
68475,608280,92.132953,39771.286969,39771.403277,0, 0, 0, 0,-99.000000,-99.000000,-99.000000,-1,1
68475,608281,92.153366,39771.307383,39771.423691,0, 0, 0, 0,-99.000000,-99.000000,-99.000000,-1,1
68475,608282,92.327673,39771.481689,39771.597997,0, 0, 0, 0,-99.000000,-99.000000,-99.000000,-1,0
68475,608283,92.877807,39772.031822,39772.148131,1, 0, 0, 1,5.227231,0.034203,-10.750442,-1,2
68475,608284,93.144288,39772.298302,39772.414612,0, 0, 0, 0,-99.000000,-99.000000,-99.000000,-1,1
68475,608285,93.180031,39772.334045,39772.450355,0, 0, 0, 0,-99.000000,-99.000000,-99.000000,-1,1
68475,608286,93.251811,39772.405825,39772.522135,0, 0, 0, 0,-99.000000,-99.000000,-99.000000,-1,1
68475,608287,93.301665,39772.455679,39772.571989,0, 0, 0, 0,-99.000000,-99.000000,-99.000000,-1,1
68475,608288,93.313642,39772.467657,39772.583967,0, 0, 0, 0,-99.000000,-99.000000,-99.000000,-1,0
68475,608289,93.330086,39772.484100,39772.600411,1, 0, 0, 1,-3.358919,8.907295,5.677881,-1,2
68475,608290,93.398774,39772.552788,39772.669099,1, 0, 0, 1,-0.360228,-2.624915,-14.355602,-1,2
68475,608291,93.468827,39772.622841,39772.739152,1, 0, 0, 1,-3.043331,6.924298,-5.522006,-1,2
68475,608292,93.539001,39772.693014,39772.809325,1, 0, 0, 1,0.620860,-0.072336,13.055751,-1,2
68475,608293,93.753574,39772.907587,39773.023898,1, 0, 0, 1,-4.477937,7.665232,7.050955,-1,2
68475,608294,93.962113,39773.116126,39773.232437,0, 0, 0, 0,-99.000000,-99.000000,-99.000000,-1,1
68475,608295,94.124371,39773.278384,39773.394696,0, 0, 0, 0,-99.000000,-99.000000,-99.000000,-1,0
68475,608296,94.442846,39773.596858,39773.713170,1, 0, 0, 1,-7.021023,0.208788,-18.427361,-1,2
68475,608297,94.656403,39773.810415,39773.926728,1, 0, 0, 1,-4.644527,-0.124279,6.795071,-1,2
68475,609024,0.298046,39851.150324,39851.266793,1, 0, 0, 1,0.343668,2.674181,-4.561501,-1,2
68475,609025,0.400187,39851.252465,39851.368934,1, 0, 0, 1,3.595890,-4.833337,10.043727,-1,2
68475,609026,0.547931,39851.400209,39851.516678,1, 0, 0, 1,9.529429,-2.917055,4.604076,-1,2
68475,609027,0.651209,39851.503486,39851.619956,0, 0, 0, 0,-99.000000,-99.000000,-99.000000,-1,0
68475,609028,0.656619,39851.508896,39851.625365,0, 0, 0, 0,-99.000000,-99.000000,-99.000000,-1,1
68475,609029,0.674364,39851.526642,39851.643111,0, 0, 0, 0,-99.000000,-99.000000,-99.000000,-1,1
68475,609030,0.681388,39851.533665,39851.650134,0, 0, 0, 0,-99.000000,-99.000000,-99.000000,-1,1
68475,609031,0.972354,39851.824630,39851.941100,0, 0, 0, 0,-99.000000,-99.000000,-99.000000,-1,0
68475,609032,1.019237,39851.871513,39851.987983,1, 0, 0, 1,-3.342926,9.943621,-18.193496,-1,2
68475,609033,1.024981,39851.877257,39851.993727,1, 0, 0, 1,6.014755,5.058184,15.980971,-1,2
68475,609034,1.029838,39851.882115,39851.998585,1, 0, 0, 1,-1.100038,-0.688867,-6.679874,-1,2
68475,609035,1.061271,39851.913547,39852.030018,0, 0, 0, 0,-99.000000,-99.000000,-99.000000,-1,1
68475,609036,1.082768,39851.935044,39852.051515,1, 0, 0, 1,-4.562084,-2.791450,-12.689509,-1,2
68475,609037,1.134729,39851.987005,39852.103476,1, 0, 0, 1,4.400788,-2.773008,2.645126,-1,2
68475,609038,1.506615,39852.358890,39852.475362,0, 0, 0, 0,-99.000000,-99.000000,-99.000000,-1,0
68475,609039,1.573469,39852.425745,39852.542216,1, 0, 0, 1,7.556376,-1.500948,-13.353173,-1,2
68475,609040,1.805869,39852.658144,39852.774616,0, 0, 0, 0,-99.000000,-99.000000,-99.000000,-1,1
68475,609041,1.958405,39852.810679,39852.927151,1, 0, 0, 1,1.876784,8.141179,-18.347705,-1,2
68475,609042,1.982093,39852.834367,39852.950839,1, 0, 0, 1,-4.627107,-2.838362,-8.694306,-1,2
68475,609043,2.046254,39852.898528,39853.015000,0, 0, 0, 0,-99.000000,-99.000000,-99.000000,-1,1
68475,609044,2.056392,39852.908666,39853.025139,1, 0, 0, 1,4.356991,2.577886,-2.048492,-1,2
68475,609045,2.104209,39852.956484,39853.072956,1, 0, 0, 1,-1.650124,2.195197,-8.858705,-1,2
68475,609046,2.113572,39852.965846,39853.082319,0, 0, 0, 0,-99.000000,-99.000000,-99.000000,-1,1
68475,609047,2.192020,39853.044294,39853.160766,0, 0, 0, 0,-99.000000,-99.000000,-99.000000,-1,0
68475,609048,2.365873,39853.218147,39853.334620,0, 0, 0, 0,-99.000000,-99.000000,-99.000000,-1,1
68475,609049,2.383901,39853.236175,39853.352648,1, 0, 0, 1,-4.346471,-8.142460,-16.150590,-1,3
68475,609050,2.600777,39853.453050,39853.569524,1, 0, 0, 1,2.918975,7.865380,11.989030,-1,2
68475,609051,2.611588,39853.463862,39853.580335,1, 0, 0, 1,3.881883,2.443328,-12.745094,-1,2
68475,609052,2.670627,39853.522900,39853.639374,1, 0, 0, 1,1.632972,-1.010736,-13.022191,-1,2
68475,609053,2.765598,39853.617871,39853.734345,1, 0, 0, 1,1.457434,7.976520,16.711151,-1,2
68475,609054,2.801777,39853.654050,39853.770524,1, 0, 0, 1,7.369359,-0.776161,-9.236891,-1,2
68475,609055,2.835731,39853.688003,39853.804477,0, 0, 0, 0,-99.000000,-99.000000,-99.000000,-1,0
68475,609056,2.844798,39853.697071,39853.813545,1, 0, 0, 1,-0.866565,-2.457746,-6.206516,-1,2
68475,609057,3.110800,39853.963072,39854.079547,0, 0, 0, 0,-99.000000,-99.000000,-99.000000,-1,1
68475,609058,3.162390,39854.014662,39854.131137,1, 0, 0, 1,-4.673578,-2.731977,1.973982,-1,2
68475,609059,3.303511,39854.155782,39854.272257,0, 0, 0, 0,-99.000000,-99.000000,-99.000000,-1,1
68475,609060,3.398854,39854.251125,39854.367600,1, 0, 0, 1,-6.941951,-0.636289,7.983637,-1,2
68475,609061,3.859925,39854.712196,39854.828672,1, 0, 0, 1,5.648297,-0.300260,12.399673,-1,2
68475,609062,3.907244,39854.759514,39854.875990,0, 0, 0, 0,-99.000000,-99.000000,-99.000000,-1,1
68475,609063,3.922436,39854.774707,39854.891183,0, 0, 0, 0,-99.000000,-99.000000,-99.000000,-1,0
68475,609064,4.022051,39854.874321,39854.990798,1, 0, 0, 1,-3.640239,3.843968,4.348310,-1,2
68475,609065,4.024130,39854.876400,39854.992876,0, 0, 0, 0,-99.000000,-99.000000,-99.000000,-1,1
68475,609066,4.093944,39854.946215,39855.062691,1, 0, 0, 1,8.327072,-1.115327,-17.204862,-1,2
68475,609067,4.616735,39855.469004,39855.585482,1, 0, 0, 1,1.672600,-8.465926,-3.903367,-1,2
68475,609068,4.641119,39855.493388,39855.609866,1, 0, 0, 1,-11.850389,13.564324,21.326188,-1,2
68475,609069,4.667129,39855.519399,39855.635876,1, 0, 0, 1,-2.244207,-3.576933,16.998561,-1,2
68475,609070,4.744460,39855.596729,39855.713207,1, 0, 0, 1,-1.173742,-2.111024,-12.142083,-1,2
68475,609071,4.850704,39855.702972,39855.819450,1, 0, 0, 1,-1.817778,2.400317,-13.933437,-1,2
68475,609072,4.990827,39855.843095,39855.959574,1, 0, 0, 1,-2.581108,-4.270543,-6.016712,-1,2
68475,609073,5.061531,39855.913799,39856.030278,1, 0, 0, 1,-0.754816,-5.726839,0.780795,-1,2
68475,609074,5.186903,39856.039171,39856.155650,0, 0, 0, 0,-99.000000,-99.000000,-99.000000,-1,1
68475,609075,5.240448,39856.092716,39856.209195,1, 0, 0, 1,3.893771,3.730303,-5.411720,-1,2
68475,609076,5.378639,39856.230907,39856.347386,1, 0, 0, 1,4.810856,-0.928690,1.658686,-1,2
68475,609077,5.392709,39856.244977,39856.361456,1, 0, 0, 1,3.494806,-0.432651,-4.618088,-1,2
68475,609078,5.489187,39856.341455,39856.457934,0, 0, 0, 0,-99.000000,-99.000000,-99.000000,-1,0
68475,609079,5.676538,39856.528805,39856.645285,1, 0, 0, 1,2.329425,4.958808,5.240764,-1,2
68475,609080,5.686290,39856.538557,39856.655037,1, 0, 0, 1,6.724164,0.146891,15.023974,-1,2
68475,609081,5.798315,39856.650582,39856.767062,0, 0, 0, 0,-99.000000,-99.000000,-99.000000,-1,1
68475,609082,5.818093,39856.670359,39856.786840,0, 0, 0, 0,-99.000000,-99.000000,-99.000000,-1,1
68475,609083,5.896924,39856.749190,39856.865670,1, 0, 0, 1,2.582318,4.468818,13.967848,-1,3
68475,609084,5.906255,39856.758521,39856.875002,0, 0, 0, 0,-99.000000,-99.000000,-99.000000,-1,1
68475,609085,5.987301,39856.839567,39856.956048,1, 0, 0, 1,8.216345,2.054638,11.067520,-1,2
68475,609086,6.193905,39857.046171,39857.162652,0, 0, 0, 0,-99.000000,-99.000000,-99.000000,-1,0
68475,609087,6.212027,39857.064293,39857.180774,0, 0, 0, 0,-99.000000,-99.000000,-99.000000,-1,1
68475,609088,6.291362,39857.143628,39857.260109,1, 0, 0, 1,-6.309700,1.679507,-3.351675,-1,2
68475,609089,6.521867,39857.374133,39857.490614,1, 0, 0, 1,7.794082,3.493648,-6.187932,-1,2
68475,609090,6.534156,39857.386421,39857.502902,1, 0, 0, 1,1.900190,1.919666,18.614100,-1,2
68475,609091,6.555548,39857.407813,39857.524294,0, 0, 0, 0,-99.000000,-99.000000,-99.000000,-1,1
68475,609092,6.645509,39857.497774,39857.614256,0, 0, 0, 0,-99.000000,-99.000000,-99.000000,-1,1
68475,609093,6.738995,39857.591260,39857.707742,1, 0, 0, 1,7.433727,0.696591,5.196474,-1,2
68475,609094,6.765111,39857.617375,39857.733857,1, 0, 0, 1,1.198500,-1.078119,-2.168577,-1,2
68475,609095,7.187791,39858.040055,39858.156538,1, 0, 0, 1,3.037674,1.515206,-5.042398,-1,2
68475,609096,7.322501,39858.174764,39858.291247,1, 0, 0, 1,-1.101910,0.125484,16.354555,-1,2
68475,609097,7.369473,39858.221736,39858.338219,0, 0, 0, 0,-99.000000,-99.000000,-99.000000,-1,1
68475,609098,7.482191,39858.334455,39858.450938,1, 0, 0, 1,-4.305121,-0.907362,15.014507,-1,2
68475,609099,7.592604,39858.444867,39858.561350,1, 0, 0, 1,-7.350014,-8.788794,-1.487132,-1,2
68475,609100,7.601945,39858.454208,39858.570692,0, 0, 0, 0,-99.000000,-99.000000,-99.000000,-1,0
68475,609101,7.620230,39858.472493,39858.588976,0, 0, 0, 0,-99.000000,-99.000000,-99.000000,-1,1
68475,609102,7.683771,39858.536034,39858.652517,1, 0, 0, 1,0.803505,-1.853783,8.169541,-1,2
68475,609103,7.949720,39858.801982,39858.918467,0, 0, 0, 0,-99.000000,-99.000000,-99.000000,-1,1
68475,609104,8.015530,39858.867792,39858.984276,1, 0, 0, 1,-1.447963,0.585669,-13.000321,-1,2
68475,609105,8.032833,39858.885095,39859.001580,0, 0, 0, 0,-99.000000,-99.000000,-99.000000,-1,0
68475,609106,8.047538,39858.899800,39859.016284,1, 0, 0, 1,-2.796517,0.437450,9.010999,-1,2
68475,609107,8.176870,39859.029132,39859.145616,0, 0, 0, 0,-99.000000,-99.000000,-99.000000,-1,1
68475,609108,8.246327,39859.098589,39859.215074,0, 0, 0, 0,-99.000000,-99.000000,-99.000000,-1,1
68475,609109,8.306617,39859.158879,39859.275364,0, 0, 0, 0,-99.000000,-99.000000,-99.000000,-1,1
68475,609852,0.290391,39936.499651,39936.616292,0, 0, 0, 0,-99.000000,-99.000000,-99.000000,-1,1
68475,609853,0.397853,39936.607113,39936.723754,0, 0, 0, 0,-99.000000,-99.000000,-99.000000,-1,1
68475,609854,0.398940,39936.608201,39936.724842,1, 0, 0, 1,-8.239273,0.210142,-4.860812,-1,2
68475,609855,0.637957,39936.847217,39936.963858,0, 0, 0, 0,-99.000000,-99.000000,-99.000000,-1,0
68475,609856,0.736406,39936.945666,39937.062307,0, 0, 0, 0,-99.000000,-99.000000,-99.000000,-1,1
68475,609857,0.973763,39937.183022,39937.299664,0, 0, 0, 0,-99.000000,-99.000000,-99.000000,-1,0
68475,609858,1.016818,39937.226078,39937.342720,1, 0, 0, 1,-4.788012,0.036279,10.664167,-1,2
68475,609859,1.057271,39937.266530,39937.383172,1, 0, 0, 1,-3.135875,-1.688046,-13.050536,-1,2
68475,609860,1.078615,39937.287874,39937.404516,0, 0, 0, 0,-99.000000,-99.000000,-99.000000,-1,1
68475,609861,1.153685,39937.362944,39937.479587,1, 0, 0, 1,-1.523584,3.012104,-12.861693,-1,2
68475,609862,1.227628,39937.436887,39937.553529,1, 0, 0, 1,-7.727446,6.056438,-1.343253,-1,2
68475,609863,1.242394,39937.451653,39937.568295,1, 0, 0, 1,3.720930,6.381838,-17.034779,-1,2
68475,609864,1.377805,39937.587064,39937.703706,1, 0, 0, 1,0.106516,-8.477815,17.930915,-1,3
68475,609865,1.401463,39937.610721,39937.727364,1, 0, 0, 1,3.810268,2.731352,7.483529,-1,2
68475,609866,1.404872,39937.614130,39937.730773,1, 0, 0, 1,8.274908,3.271536,-2.375731,-1,2
68475,609867,1.423760,39937.633018,39937.749661,0, 0, 0, 0,-99.000000,-99.000000,-99.000000,-1,0
68475,609868,1.426573,39937.635831,39937.752474,1, 0, 0, 1,4.263279,-0.154813,18.007334,-1,2
68475,609869,1.434962,39937.644221,39937.760863,0, 0, 0, 0,-99.000000,-99.000000,-99.000000,-1,0
68475,609870,1.769433,39937.978691,39938.095334,1, 0, 0, 1,2.134080,6.334628,15.894563,-1,2
68475,609871,1.833432,39938.042689,39938.159333,1, 0, 0, 1,-0.025967,-1.068043,-5.793550,-1,2
68475,609872,1.926643,39938.135901,39938.252544,0, 0, 0, 0,-99.000000,-99.000000,-99.000000,-1,1
68475,609873,2.279532,39938.488789,39938.605433,0, 0, 0, 0,-99.000000,-99.000000,-99.000000,-1,0
68475,609874,2.337615,39938.546871,39938.663516,0, 0, 0, 0,-99.000000,-99.000000,-99.000000,-1,1
68475,609875,2.493156,39938.702412,39938.819057,0, 0, 0, 0,-99.000000,-99.000000,-99.000000,-1,1
68475,609876,2.634874,39938.844129,39938.960775,0, 0, 0, 0,-99.000000,-99.000000,-99.000000,-1,1
68475,609877,2.868429,39939.077685,39939.194330,0, 0, 0, 0,-99.000000,-99.000000,-99.000000,-1,1
68475,609878,3.094297,39939.303552,39939.420198,1, 0, 0, 1,0.765033,1.015345,17.006914,-1,2
68475,609879,3.209640,39939.418895,39939.535541,1, 0, 0, 1,1.129284,1.807540,11.234274,-1,2
68475,609880,3.210767,39939.420022,39939.536668,1, 0, 0, 1,0.001998,-6.940944,14.396255,-1,7
68475,609881,3.434653,39939.643907,39939.760554,0, 0, 0, 0,-99.000000,-99.000000,-99.000000,-1,0
68475,609882,3.446419,39939.655673,39939.772320,1, 0, 0, 1,0.737426,5.749686,3.680649,-1,2
68475,609883,3.458038,39939.667292,39939.783939,1, 0, 0, 1,-8.105610,0.290845,-17.931844,-1,2
68475,609884,3.769893,39939.979147,39940.095794,1, 0, 0, 1,-1.154569,-1.904800,-4.413133,-1,2
68475,609885,3.815054,39940.024307,39940.140955,1, 0, 0, 1,1.422209,-1.786049,-18.887329,-1,2
68475,609886,3.942455,39940.151709,39940.268356,0, 0, 0, 0,-99.000000,-99.000000,-99.000000,-1,1
68475,609887,4.094175,39940.303428,39940.420076,0, 0, 0, 0,-99.000000,-99.000000,-99.000000,-1,0
68475,609888,4.152663,39940.361916,39940.478564,1, 0, 0, 1,1.808427,6.037434,-6.618591,-1,2
68475,609889,4.156335,39940.365588,39940.482236,0, 0, 0, 0,-99.000000,-99.000000,-99.000000,-1,0
68475,609890,4.161655,39940.370908,39940.487556,0, 0, 0, 0,-99.000000,-99.000000,-99.000000,-1,1
68475,609891,4.269065,39940.478318,39940.594966,0, 0, 0, 0,-99.000000,-99.000000,-99.000000,-1,0
68475,609892,4.431023,39940.640276,39940.756924,1, 0, 0, 1,-4.633917,1.237864,6.518424,-1,4
68475,609893,4.441229,39940.650482,39940.767130,0, 0, 0, 0,-99.000000,-99.000000,-99.000000,-1,1
68475,609894,4.804207,39941.013459,39941.130108,1, 0, 0, 1,-2.075855,-2.053336,-13.964556,-1,2
68475,609895,5.087797,39941.297048,39941.413698,1, 0, 0, 1,-2.815520,3.053822,-18.592758,-1,2
68475,609896,5.292864,39941.502114,39941.618765,1, 0, 0, 1,-1.146430,6.134092,-9.107019,-1,2
68475,609897,5.322695,39941.531945,39941.648596,0, 0, 0, 0,-99.000000,-99.000000,-99.000000,-1,0
68475,609898,5.475614,39941.684865,39941.801515,0, 0, 0, 0,-99.000000,-99.000000,-99.000000,-1,1
68475,609899,5.533661,39941.742911,39941.859562,1, 0, 0, 1,3.952968,-3.317068,2.610314,-1,2
68475,609900,5.587134,39941.796384,39941.913035,0, 0, 0, 0,-99.000000,-99.000000,-99.000000,-1,0
68475,609901,5.626013,39941.835263,39941.951914,0, 0, 0, 0,-99.000000,-99.000000,-99.000000,-1,1
68475,609902,5.636294,39941.845544,39941.962195,1, 0, 0, 1,2.532473,7.480192,5.198703,-1,2
68475,609903,5.706881,39941.916130,39942.032782,0, 0, 0, 0,-99.000000,-99.000000,-99.000000,-1,1
68475,609904,5.725613,39941.934863,39942.051514,1, 0, 0, 1,2.625700,2.793480,-17.308305,-1,2
68475,609905,5.736935,39941.946185,39942.062836,1, 0, 0, 1,-9.999981,0.673475,0.776141,-1,4
68475,609906,5.763611,39941.972861,39942.089512,1, 0, 0, 1,-7.033258,0.841861,4.501202,-1,2
68475,609907,6.033589,39942.242838,39942.359490,0, 0, 0, 0,-99.000000,-99.000000,-99.000000,-1,1
68475,609908,6.052395,39942.261644,39942.378296,1, 0, 0, 1,-2.991688,0.550609,-4.379747,-1,2
68475,609909,6.065963,39942.275212,39942.391864,0, 0, 0, 0,-99.000000,-99.000000,-99.000000,-1,1
68475,609910,6.073958,39942.283207,39942.399859,1, 0, 0, 1,1.214248,5.326599,-3.305949,-1,2
68475,609911,6.225793,39942.435042,39942.551694,0, 0, 0, 0,-99.000000,-99.000000,-99.000000,-1,1
68475,609912,6.288959,39942.498208,39942.614860,0, 0, 0, 0,-99.000000,-99.000000,-99.000000,-1,1
68475,609913,6.289132,39942.498381,39942.615033,0, 0, 0, 0,-99.000000,-99.000000,-99.000000,-1,0
68475,609914,6.409403,39942.618652,39942.735304,1, 0, 0, 1,0.830558,-0.065337,-0.532719,-1,2
68475,609915,6.421713,39942.630961,39942.747614,0, 0, 0, 0,-99.000000,-99.000000,-99.000000,-1,1
68475,609916,6.448171,39942.657419,39942.774072,1, 0, 0, 1,3.431121,1.785161,-20.585819,-1,2
68475,609917,6.672215,39942.881462,39942.998116,1, 0, 0, 1,-2.969597,1.091424,0.694653,-1,2
68475,609918,6.768636,39942.977884,39943.094537,0, 0, 0, 0,-99.000000,-99.000000,-99.000000,-1,1
68475,609919,6.773281,39942.982529,39943.099182,0, 0, 0, 0,-99.000000,-99.000000,-99.000000,-1,0
68475,609920,6.810953,39943.020201,39943.136854,1, 0, 0, 1,4.367470,0.582805,-16.991889,-1,2
68475,609921,6.855521,39943.064769,39943.181422,0, 0, 0, 0,-99.000000,-99.000000,-99.000000,-1,0
68475,609922,7.145950,39943.355197,39943.471851,1, 0, 0, 1,6.350894,-2.636942,9.908110,-1,2
68475,609923,7.258942,39943.468189,39943.584843,0, 0, 0, 0,-99.000000,-99.000000,-99.000000,-1,1
68475,609924,7.269549,39943.478796,39943.595450,0, 0, 0, 0,-99.000000,-99.000000,-99.000000,-1,1
68475,609925,7.593008,39943.802254,39943.918909,1, 0, 0, 1,-0.505454,-2.091780,15.083982,-1,2
68475,609926,7.636195,39943.845441,39943.962096,0, 0, 0, 0,-99.000000,-99.000000,-99.000000,-1,1
68475,609927,7.771549,39943.980794,39944.097450,1, 0, 0, 1,7.315250,-5.540977,4.018374,-1,2
68475,609928,7.979767,39944.189012,39944.305668,0, 0, 0, 0,-99.000000,-99.000000,-99.000000,-1,0
68475,609929,7.988171,39944.197416,39944.314072,1, 0, 0, 1,-1.437276,11.033198,-13.021623,-1,2
68475,609930,8.079050,39944.288295,39944.404951,0, 0, 0, 0,-99.000000,-99.000000,-99.000000,-1,1
68475,609931,8.162956,39944.372201,39944.488857,1, 0, 0, 1,-1.160560,-5.005241,17.624833,-1,2
68475,609932,8.187758,39944.397003,39944.513659,1, 0, 0, 1,6.586681,-5.046890,-9.774528,-1,2
68475,610626,0.040891,40021.599886,40021.716697,1, 0, 0, 1,1.545760,-1.821251,-5.104650,-1,2
68475,610627,0.151685,40021.710679,40021.827490,1, 0, 0, 1,5.830000,5.383632,6.251181,-1,2
68475,610628,0.151946,40021.710941,40021.827751,1, 0, 0, 1,3.302650,-1.922630,-8.550959,-1,2
68475,610629,0.152397,40021.711391,40021.828202,0, 0, 0, 0,-99.000000,-99.000000,-99.000000,-1,1
68475,610630,0.347963,40021.906957,40022.023768,1, 0, 0, 1,-3.551265,0.783902,-2.854954,-1,2
68475,610631,0.364568,40021.923562,40022.040373,0, 0, 0, 0,-99.000000,-99.000000,-99.000000,-1,1
68475,610632,0.581724,40022.140718,40022.257529,0, 0, 0, 0,-99.000000,-99.000000,-99.000000,-1,0
68475,610633,0.620304,40022.179297,40022.296109,0, 0, 0, 0,-99.000000,-99.000000,-99.000000,-1,1
68475,610634,0.625845,40022.184838,40022.301650,0, 0, 0, 0,-99.000000,-99.000000,-99.000000,-1,1
68475,610635,0.686241,40022.245235,40022.362046,0, 0, 0, 0,-99.000000,-99.000000,-99.000000,-1,0
68475,610636,0.733274,40022.292268,40022.409080,0, 0, 0, 0,-99.000000,-99.000000,-99.000000,-1,1
68475,610637,0.736146,40022.295139,40022.411951,1, 0, 0, 1,-6.111586,0.830252,0.212967,-1,2
68475,610638,0.771471,40022.330464,40022.447276,1, 0, 0, 1,-5.220096,1.179879,-12.716771,-1,2
68475,610639,0.789540,40022.348533,40022.465345,1, 0, 0, 1,-4.610507,4.074002,-15.256126,-1,2
68475,610640,0.917894,40022.476887,40022.593699,0, 0, 0, 0,-99.000000,-99.000000,-99.000000,-1,0
68475,610641,0.939801,40022.498794,40022.615607,0, 0, 0, 0,-99.000000,-99.000000,-99.000000,-1,1
68475,610642,1.217195,40022.776187,40022.893000,1, 0, 0, 1,-5.345376,5.096327,-8.766920,-1,2
68475,610643,1.400515,40022.959507,40023.076320,1, 0, 0, 1,1.240796,7.229321,-8.479897,-1,2
68475,610644,1.665997,40023.224988,40023.341802,1, 0, 0, 1,-2.196693,4.725299,0.305901,-1,2
68475,610645,1.677038,40023.236029,40023.352843,0, 0, 0, 0,-99.000000,-99.000000,-99.000000,-1,0
68475,610646,1.713857,40023.272849,40023.389663,0, 0, 0, 0,-99.000000,-99.000000,-99.000000,-1,1
68475,610647,1.825744,40023.384735,40023.501549,0, 0, 0, 0,-99.000000,-99.000000,-99.000000,-1,1
68475,610648,1.888446,40023.447437,40023.564252,1, 0, 0, 1,4.788764,3.961685,-14.533239,-1,3
68475,610649,1.988143,40023.547134,40023.663948,1, 0, 0, 1,2.899316,-0.891383,11.491711,-1,2
68475,610650,1.991656,40023.550647,40023.667461,1, 0, 0, 1,-6.609968,-3.452676,3.876591,-1,2
68475,610651,2.247314,40023.806305,40023.923120,1, 0, 0, 1,-4.101536,-7.388161,14.909739,-1,2
68475,610652,2.293322,40023.852313,40023.969128,0, 0, 0, 0,-99.000000,-99.000000,-99.000000,-1,1
68475,610653,2.299127,40023.858117,40023.974932,0, 0, 0, 0,-99.000000,-99.000000,-99.000000,-1,1
68475,610654,2.458650,40024.017640,40024.134455,1, 0, 0, 1,1.184226,-6.604092,-18.266786,-1,2
68475,610655,2.512593,40024.071583,40024.188398,0, 0, 0, 0,-99.000000,-99.000000,-99.000000,-1,0
68475,610656,2.530995,40024.089985,40024.206800,0, 0, 0, 0,-99.000000,-99.000000,-99.000000,-1,1
68475,610657,2.614784,40024.173773,40024.290589,0, 0, 0, 0,-99.000000,-99.000000,-99.000000,-1,1
68475,610658,2.690799,40024.249789,40024.366605,1, 0, 0, 1,5.009300,4.765572,-9.502109,-1,2
68475,610659,2.691249,40024.250239,40024.367054,0, 0, 0, 0,-99.000000,-99.000000,-99.000000,-1,1
68475,610660,2.809123,40024.368112,40024.484928,1, 0, 0, 1,-1.884921,-2.485809,-2.795039,-1,2
68475,610661,2.833594,40024.392583,40024.509399,1, 1, 0, 1,2.405213,-0.940898,-6.323219,-1,2
68475,610662,2.836342,40024.395332,40024.512148,1, 0, 0, 1,3.687150,1.072884,9.159026,-1,2
68475,610663,2.954894,40024.513883,40024.630699,0, 0, 0, 0,-99.000000,-99.000000,-99.000000,-1,0
68475,610664,3.001613,40024.560602,40024.677418,1, 0, 0, 1,0.784902,1.292536,-14.761604,-1,2
68475,610665,3.043226,40024.602215,40024.719032,1, 0, 0, 1,2.363622,5.026620,6.825570,-1,2
68475,610666,3.258938,40024.817927,40024.934743,0, 0, 0, 0,-99.000000,-99.000000,-99.000000,-1,0
68475,610667,3.519799,40025.078787,40025.195605,0, 0, 0, 0,-99.000000,-99.000000,-99.000000,-1,1
68475,610668,3.521279,40025.080267,40025.197085,1, 0, 0, 1,-7.884452,-1.921644,-2.968650,-1,2
68475,610669,3.529715,40025.088703,40025.205520,1, 0, 0, 1,3.652877,6.926105,-11.958883,-1,2
68475,610670,3.581197,40025.140185,40025.257002,0, 0, 0, 0,-99.000000,-99.000000,-99.000000,-1,0
68475,610671,3.624894,40025.183882,40025.300699,1, 0, 0, 1,-7.427236,-2.124958,11.980939,-1,2
68475,610672,3.697853,40025.256840,40025.373658,1, 0, 0, 1,-0.548312,6.658795,4.520003,-1,4
68475,610673,3.722335,40025.281322,40025.398140,1, 0, 0, 1,0.021820,1.617938,-10.748606,-1,2
68475,610674,3.764622,40025.323609,40025.440427,1, 0, 0, 1,3.835694,0.808793,6.811721,-1,2
68475,610675,3.780630,40025.339618,40025.456436,0, 0, 0, 0,-99.000000,-99.000000,-99.000000,-1,0
68475,610676,3.815290,40025.374278,40025.491096,0, 0, 0, 0,-99.000000,-99.000000,-99.000000,-1,1
68475,610677,3.815497,40025.374485,40025.491303,1, 0, 0, 1,2.417262,-1.903551,-1.941087,-1,2
68475,610678,4.018583,40025.577570,40025.694388,0, 0, 0, 0,-99.000000,-99.000000,-99.000000,-1,0
68475,610679,4.131107,40025.690094,40025.806912,1, 0, 0, 1,-2.356297,9.620440,10.259905,-1,2
68475,610680,4.138625,40025.697612,40025.814430,1, 0, 0, 1,6.139394,-6.989316,0.019545,-1,3
68475,610681,4.550690,40026.109676,40026.226495,1, 0, 0, 1,1.535145,-0.314959,-8.374319,-1,2
68475,610682,4.629684,40026.188669,40026.305489,1, 0, 0, 1,-1.218367,-8.758367,-10.449073,-1,2
68475,610683,4.693450,40026.252436,40026.369256,0, 0, 0, 0,-99.000000,-99.000000,-99.000000,-1,1
68475,610684,4.810926,40026.369911,40026.486731,1, 0, 0, 1,7.872055,0.750535,10.357813,-1,2
68475,610685,4.935416,40026.494401,40026.611221,1, 0, 0, 1,-3.343213,1.456370,-0.810977,-1,2
68475,610686,5.057079,40026.616064,40026.732884,1, 0, 0, 1,-0.698602,3.992981,-8.846447,-1,2
68475,610687,5.168930,40026.727915,40026.844735,0, 0, 0, 0,-99.000000,-99.000000,-99.000000,-1,1
68475,610688,5.255677,40026.814662,40026.931483,0, 0, 0, 0,-99.000000,-99.000000,-99.000000,-1,1
68475,610689,5.275796,40026.834781,40026.951602,1, 0, 0, 1,-3.706651,0.893673,12.941832,-1,2
68475,610690,5.611701,40027.170685,40027.287507,0, 0, 0, 0,-99.000000,-99.000000,-99.000000,-1,1
68475,610691,5.690796,40027.249780,40027.366601,0, 0, 0, 0,-99.000000,-99.000000,-99.000000,-1,1
68475,610692,5.701891,40027.260875,40027.377697,0, 0, 0, 0,-99.000000,-99.000000,-99.000000,-1,0
68475,610693,5.765571,40027.324554,40027.441376,1, 0, 0, 1,-1.910728,-3.556134,-21.047768,-1,2
68475,610694,5.910933,40027.469916,40027.586738,0, 0, 0, 0,-99.000000,-99.000000,-99.000000,-1,0
68475,610695,6.083103,40027.642086,40027.758909,1, 0, 0, 1,4.351572,0.831002,-14.420183,-1,2
68475,610696,6.107992,40027.666974,40027.783797,1, 0, 0, 1,-9.999981,-0.491631,-6.649059,-1,3
68475,610697,6.150598,40027.709581,40027.826404,0, 0, 0, 0,-99.000000,-99.000000,-99.000000,-1,0
68475,610698,6.215535,40027.774518,40027.891340,1, 0, 0, 1,-0.974667,3.446319,-19.094134,-1,2
68475,610699,6.265284,40027.824266,40027.941089,1, 0, 0, 1,8.198504,-0.675346,16.962096,-1,2
68475,610700,6.429642,40027.988624,40028.105448,1, 0, 0, 1,8.062299,3.770034,5.156759,-1,2
68475,610701,6.464618,40028.023601,40028.140424,1, 0, 0, 1,9.126598,-0.225938,-14.769189,-1,2
68475,610702,6.583714,40028.142696,40028.259520,0, 0, 0, 0,-99.000000,-99.000000,-99.000000,-1,0
68475,610703,6.721651,40028.280632,40028.397456,1, 0, 0, 1,4.383533,8.485803,-11.230231,-1,4
68475,610704,6.809204,40028.368186,40028.485010,1, 0, 0, 1,-1.195406,-4.139879,-9.105680,-1,2
68475,610705,6.816754,40028.375735,40028.492559,0, 0, 0, 0,-99.000000,-99.000000,-99.000000,-1,1
68475,610706,6.842294,40028.401275,40028.518099,0, 0, 0, 0,-99.000000,-99.000000,-99.000000,-1,1
68475,610707,7.234437,40028.793417,40028.910242,1, 0, 0, 1,4.659661,-3.225752,-6.858074,-1,2
68475,610708,7.500338,40029.059318,40029.176144,1, 0, 0, 1,0.854604,-8.573414,8.339812,-1,2
68475,610709,7.508301,40029.067281,40029.184106,0, 0, 0, 0,-99.000000,-99.000000,-99.000000,-1,0
68475,610710,7.592296,40029.151275,40029.268101,1, 0, 0, 1,4.977444,-0.823213,1.208997,-1,2
68475,610711,7.600787,40029.159767,40029.276592,0, 0, 0, 0,-99.000000,-99.000000,-99.000000,-1,1
68475,610712,7.700635,40029.259614,40029.376440,1, 0, 0, 1,1.590344,-3.758145,13.562706,-1,2
68475,610713,7.716928,40029.275908,40029.392734,1, 0, 0, 1,-2.100425,-1.315191,7.933490,-1,2
68475,610714,7.882328,40029.441307,40029.558133,0, 0, 0, 0,-99.000000,-99.000000,-99.000000,-1,1
68475,610715,7.949151,40029.508130,40029.624956,1, 0, 0, 1,-3.668055,-11.389014,-15.482246,-1,2
68475,610716,8.039405,40029.598384,40029.715211,1, 0, 0, 1,-6.515935,-2.703345,-0.488313,-1,2
68475,610717,8.046486,40029.605465,40029.722291,1, 0, 0, 1,1.999446,0.360887,-15.353726,-1,2
68475,610718,8.067695,40029.626674,40029.743500,1, 0, 0, 1,0.229324,-0.383975,4.152185,-1,2
68475,610719,8.166986,40029.725965,40029.842792,1, 0, 0, 1,-7.012211,-0.333887,1.581070,-1,2
68475,610720,8.195006,40029.753985,40029.870811,0, 0, 0, 0,-99.000000,-99.000000,-99.000000,-1,0
68475,610721,8.279549,40029.838527,40029.955354,1, 0, 0, 1,-6.361135,0.897773,6.309877,-1,2
68475,611465,0.023129,40106.948317,40107.065298,1, 0, 0, 1,1.538488,-0.092936,-19.237839,-1,2
68475,611466,0.030872,40106.956060,40107.073040,1, 0, 0, 1,-7.402876,-2.779102,-0.361572,-1,2
68475,611467,0.142622,40107.067810,40107.184791,1, 0, 0, 1,-2.253830,-9.673801,-3.247407,-1,2
68475,611468,0.159883,40107.085071,40107.202052,1, 0, 0, 1,-5.172521,1.262512,-9.134364,-1,2
68475,611469,0.257418,40107.182606,40107.299587,1, 0, 0, 1,-2.578786,1.935903,-1.327484,-1,2
68475,611470,0.344643,40107.269830,40107.386812,1, 0, 0, 1,4.274263,-5.129355,8.512346,-1,2
68475,611471,0.602345,40107.527531,40107.644513,0, 0, 0, 0,-99.000000,-99.000000,-99.000000,-1,1
68475,611472,0.721578,40107.646765,40107.763747,0, 0, 0, 0,-99.000000,-99.000000,-99.000000,-1,1
68475,611473,0.853486,40107.778673,40107.895655,1, 0, 0, 1,-2.986716,4.219913,20.498760,-1,2
68475,611474,0.903399,40107.828585,40107.945567,1, 0, 0, 1,5.116861,-4.328238,19.173082,-1,2
68475,611475,1.453054,40108.378239,40108.495222,0, 0, 0, 0,-99.000000,-99.000000,-99.000000,-1,1
68475,611476,1.485861,40108.411046,40108.528030,1, 0, 0, 1,-0.188683,4.928686,1.966947,-1,2
68475,611477,1.520719,40108.445904,40108.562887,0, 0, 0, 0,-99.000000,-99.000000,-99.000000,-1,1
68475,611478,1.562739,40108.487924,40108.604908,1, 0, 0, 1,-6.924637,0.634452,10.782972,-1,2
68475,611479,1.700572,40108.625757,40108.742741,0, 0, 0, 0,-99.000000,-99.000000,-99.000000,-1,1
68475,611480,2.070394,40108.995578,40109.112563,1, 0, 0, 1,4.351520,-2.144141,3.985352,-1,2
68475,611481,2.094125,40109.019308,40109.136293,0, 0, 0, 0,-99.000000,-99.000000,-99.000000,-1,1
68475,611482,2.102596,40109.027780,40109.144765,1, 0, 0, 1,0.716368,-5.526037,17.166865,-1,2
68475,611483,2.164242,40109.089426,40109.206411,1, 0, 0, 1,1.026994,4.916745,8.041119,-1,2
68475,611484,2.258157,40109.183341,40109.300326,1, 0, 0, 1,-0.128379,6.870077,15.681058,-1,4
68475,611485,2.282799,40109.207983,40109.324968,1, 0, 0, 1,1.060008,5.422016,-11.507852,-1,2
68475,611486,2.366393,40109.291577,40109.408562,1, 0, 0, 1,-7.519956,0.112924,4.199903,-1,2
68475,611487,2.589452,40109.514635,40109.631620,1, 0, 0, 1,-1.108651,1.356579,7.125944,-1,2
68475,611488,2.715286,40109.640469,40109.757455,0, 0, 0, 0,-99.000000,-99.000000,-99.000000,-1,1
68475,611489,2.796573,40109.721756,40109.838742,0, 0, 0, 0,-99.000000,-99.000000,-99.000000,-1,0
68475,611490,2.872259,40109.797442,40109.914428,0, 0, 0, 0,-99.000000,-99.000000,-99.000000,-1,0
68475,611491,2.909323,40109.834505,40109.951492,1, 0, 0, 1,-10.420988,7.664875,19.064838,-1,2
68475,611492,3.218881,40110.144062,40110.261049,1, 0, 0, 1,5.316806,2.120848,1.836118,-1,5
68475,611493,3.422988,40110.348170,40110.465157,0, 0, 0, 0,-99.000000,-99.000000,-99.000000,-1,0
68475,611494,3.588781,40110.513962,40110.630949,1, 0, 0, 1,-8.478940,-1.813047,-18.168839,-1,2
68475,611495,3.894926,40110.820106,40110.937094,1, 0, 0, 1,1.334500,-9.863509,14.511253,-1,2
68475,611496,3.896389,40110.821570,40110.938558,1, 0, 0, 1,-1.841137,3.332964,-18.608791,-1,2
68475,611497,3.905912,40110.831092,40110.948081,1, 0, 0, 1,-4.015595,5.691970,16.367312,-1,2
68475,611498,3.947706,40110.872886,40110.989875,0, 0, 0, 0,-99.000000,-99.000000,-99.000000,-1,1
68475,611499,3.972452,40110.897632,40111.014620,0, 0, 0, 0,-99.000000,-99.000000,-99.000000,-1,0
68475,611500,4.113328,40111.038508,40111.155496,1, 0, 0, 1,1.316418,0.157249,-19.022760,-1,2
68475,611501,4.156780,40111.081960,40111.198949,0, 0, 0, 0,-99.000000,-99.000000,-99.000000,-1,0
68475,611502,4.354594,40111.279774,40111.396763,0, 0, 0, 0,-99.000000,-99.000000,-99.000000,-1,0
68475,611503,4.507195,40111.432374,40111.549364,0, 0, 0, 0,-99.000000,-99.000000,-99.000000,-1,0
68475,611504,4.522758,40111.447937,40111.564927,0, 0, 0, 0,-99.000000,-99.000000,-99.000000,-1,1
68475,611505,4.571310,40111.496489,40111.613478,1, 0, 0, 1,-5.956688,3.162294,-16.993596,-1,2
68475,611506,4.934818,40111.859996,40111.976986,0, 0, 0, 0,-99.000000,-99.000000,-99.000000,-1,0
68475,611507,4.970634,40111.895812,40112.012802,1, 0, 0, 1,2.100768,-1.106918,-3.391605,-1,2
68475,611508,5.169404,40112.094582,40112.211573,1, 0, 0, 1,5.937888,-4.450363,-5.393777,-1,2
68475,611509,5.238867,40112.164045,40112.281036,1, 0, 0, 1,7.034357,-4.581239,7.578474,-1,2
68475,611510,5.340366,40112.265543,40112.382535,1, 0, 0, 1,5.210888,-5.851433,3.606925,-1,2
68475,611511,5.528617,40112.453794,40112.570786,0, 0, 0, 0,-99.000000,-99.000000,-99.000000,-1,1
68475,611512,5.584221,40112.509398,40112.626389,0, 0, 0, 0,-99.000000,-99.000000,-99.000000,-1,1
68475,611513,5.799178,40112.724355,40112.841347,0, 0, 0, 0,-99.000000,-99.000000,-99.000000,-1,0
68475,611514,5.907697,40112.832874,40112.949866,0, 0, 0, 0,-99.000000,-99.000000,-99.000000,-1,1
68475,611515,6.029537,40112.954713,40113.071706,0, 0, 0, 0,-99.000000,-99.000000,-99.000000,-1,1
68475,611516,6.124036,40113.049212,40113.166205,1, 0, 0, 1,2.714038,-0.409166,-1.760472,-1,2
68475,611517,6.177244,40113.102420,40113.219412,0, 0, 0, 0,-99.000000,-99.000000,-99.000000,-1,1
68475,611518,6.246621,40113.171796,40113.288789,0, 0, 0, 0,-99.000000,-99.000000,-99.000000,-1,0
68475,611519,6.412179,40113.337354,40113.454347,1, 0, 0, 1,2.026740,-2.320885,-0.235007,-1,2
68475,611520,6.631974,40113.557149,40113.674142,1, 0, 0, 1,3.766463,-2.294840,9.892846,-1,2
68475,611521,6.637698,40113.562872,40113.679866,0, 0, 0, 0,-99.000000,-99.000000,-99.000000,-1,1
68475,611522,6.708270,40113.633445,40113.750439,0, 0, 0, 0,-99.000000,-99.000000,-99.000000,-1,0
68475,611523,6.726569,40113.651744,40113.768738,1, 0, 0, 1,-1.383420,-5.511627,16.624283,-1,2
68475,611524,6.997874,40113.923048,40114.040043,1, 0, 0, 1,0.647225,-0.187988,-3.989209,-1,2
68475,611525,7.022280,40113.947454,40114.064448,0, 0, 0, 0,-99.000000,-99.000000,-99.000000,-1,1
68475,611526,7.027240,40113.952415,40114.069409,0, 0, 0, 0,-99.000000,-99.000000,-99.000000,-1,1
68475,611527,7.193187,40114.118361,40114.235355,0, 0, 0, 0,-99.000000,-99.000000,-99.000000,-1,1
68475,611528,7.318597,40114.243771,40114.360766,1, 0, 0, 1,-3.556947,0.690802,10.246514,-1,2
68475,611529,7.532367,40114.457540,40114.574535,0, 0, 0, 0,-99.000000,-99.000000,-99.000000,-1,1
68475,611530,7.556514,40114.481687,40114.598682,0, 0, 0, 0,-99.000000,-99.000000,-99.000000,-1,1
68475,611531,7.678482,40114.603655,40114.720650,0, 0, 0, 0,-99.000000,-99.000000,-99.000000,-1,1
68475,611532,7.684146,40114.609319,40114.726315,1, 0, 0, 1,5.161561,-4.647606,19.925654,-1,2
68475,611533,7.725294,40114.650466,40114.767462,1, 0, 0, 1,5.835323,-0.730951,-22.546527,-1,2
68475,611534,7.765675,40114.690848,40114.807844,0, 0, 0, 0,-99.000000,-99.000000,-99.000000,-1,1
68475,611535,7.769697,40114.694870,40114.811866,1, 0, 0, 1,3.842777,-3.089849,10.410643,-1,2
68475,611536,7.883169,40114.808342,40114.925338,0, 0, 0, 0,-99.000000,-99.000000,-99.000000,-1,1
68475,611537,7.913805,40114.838977,40114.955973,1, 0, 0, 1,3.207549,-3.488527,-15.019084,-1,2
68475,611538,7.938246,40114.863418,40114.980414,1, 0, 0, 1,1.637004,-3.719240,6.603598,-1,2
68475,612227,0.004365,40192.281946,40192.399096,0, 0, 0, 0,-99.000000,-99.000000,-99.000000,-1,1
68475,612228,0.037445,40192.315025,40192.432175,0, 0, 0, 0,-99.000000,-99.000000,-99.000000,-1,1
68475,612229,0.267519,40192.545098,40192.662249,0, 0, 0, 0,-99.000000,-99.000000,-99.000000,-1,1
68475,612230,0.341554,40192.619134,40192.736285,0, 0, 0, 0,-99.000000,-99.000000,-99.000000,-1,1
68475,612231,0.357007,40192.634587,40192.751738,1, 0, 0, 1,3.350015,-3.827367,9.864354,-1,2
68475,612232,0.408087,40192.685666,40192.802817,0, 0, 0, 0,-99.000000,-99.000000,-99.000000,-1,1
68475,612233,0.441344,40192.718924,40192.836075,1, 0, 0, 1,1.465397,-0.705651,6.832654,-1,2
68475,612234,0.507633,40192.785212,40192.902364,1, 0, 0, 1,1.952103,4.031445,-4.685685,-1,2
68475,612235,0.720443,40192.998022,40193.115174,0, 0, 0, 0,-99.000000,-99.000000,-99.000000,-1,1
68475,612236,0.798390,40193.075969,40193.193121,1, 0, 0, 1,3.325297,-2.035221,5.353869,-1,2
68475,612237,0.812240,40193.089818,40193.206970,1, 0, 0, 1,-8.780181,4.315074,16.314420,-1,2
68475,612238,0.946793,40193.224371,40193.341523,0, 0, 0, 0,-99.000000,-99.000000,-99.000000,-1,0
68475,612239,0.951854,40193.229432,40193.346585,1, 0, 0, 1,-4.423486,-2.282879,-16.482694,-1,2
68475,612240,0.956562,40193.234140,40193.351292,1, 0, 0, 1,-4.198061,-0.014054,-2.988493,-1,2
68475,612241,0.957867,40193.235446,40193.352598,0, 0, 0, 0,-99.000000,-99.000000,-99.000000,-1,1
68475,612242,1.004086,40193.281664,40193.398816,0, 0, 0, 0,-99.000000,-99.000000,-99.000000,-1,1
68475,612243,1.119716,40193.397294,40193.514447,1, 0, 0, 1,-1.570516,-3.745343,-6.516193,-1,2
68475,612244,1.140501,40193.418079,40193.535232,1, 0, 0, 1,1.617848,-8.520757,19.019782,-1,2
68475,612245,1.170327,40193.447905,40193.565057,0, 0, 0, 0,-99.000000,-99.000000,-99.000000,-1,0
68475,612246,1.233659,40193.511237,40193.628390,0, 0, 0, 0,-99.000000,-99.000000,-99.000000,-1,1
68475,612247,1.364188,40193.641766,40193.758919,0, 0, 0, 0,-99.000000,-99.000000,-99.000000,-1,0
68475,612248,1.367879,40193.645457,40193.762610,1, 0, 0, 1,-11.485107,-5.243038,-3.059474,-1,2
68475,612249,1.377128,40193.654705,40193.771858,0, 0, 0, 0,-99.000000,-99.000000,-99.000000,-1,1
68475,612250,1.454274,40193.731851,40193.849004,1, 0, 0, 1,-2.323970,10.166107,-6.987233,-1,2
68475,612251,1.504366,40193.781943,40193.899097,1, 0, 0, 1,3.977983,5.221817,-9.286597,-1,2
68475,612252,1.603973,40193.881550,40193.998703,1, 0, 0, 1,-2.621490,-9.962248,16.605491,-1,2
68475,612253,1.626438,40193.904015,40194.021169,1, 0, 0, 1,-2.694413,8.490006,16.424248,-1,2
68475,612254,1.734957,40194.012533,40194.129687,0, 0, 0, 0,-99.000000,-99.000000,-99.000000,-1,1
68475,612255,2.087439,40194.365015,40194.482170,1, 0, 0, 1,1.411399,-11.446545,-18.329524,-1,2
68475,612256,2.214729,40194.492305,40194.609460,1, 1, 0, 1,2.735758,-0.820670,-13.904884,-1,3
68475,612257,2.283159,40194.560734,40194.677889,0, 0, 0, 0,-99.000000,-99.000000,-99.000000,-1,1
68475,612258,2.299259,40194.576834,40194.693989,0, 0, 0, 0,-99.000000,-99.000000,-99.000000,-1,1
68475,612259,2.440021,40194.717597,40194.834752,1, 0, 0, 1,4.858068,5.542914,2.392807,-1,2
68475,612260,2.452559,40194.730134,40194.847289,0, 0, 0, 0,-99.000000,-99.000000,-99.000000,-1,0
68475,612261,2.551545,40194.829120,40194.946275,0, 0, 0, 0,-99.000000,-99.000000,-99.000000,-1,1
68475,612262,2.587932,40194.865507,40194.982663,1, 0, 0, 1,1.444105,13.045529,-11.229527,-1,2
68475,612263,2.637147,40194.914722,40195.031877,0, 0, 0, 0,-99.000000,-99.000000,-99.000000,-1,1
68475,612264,2.838193,40195.115767,40195.232924,1, 0, 0, 1,8.368656,1.442996,8.558894,-1,2
68475,612265,3.045323,40195.322897,40195.440054,1, 0, 0, 1,-5.968490,3.969942,5.951480,-1,2
68475,612266,3.090694,40195.368268,40195.485425,1, 0, 0, 1,-0.858010,8.381356,-2.426237,-1,2
68475,612267,3.128432,40195.406006,40195.523162,1, 0, 0, 1,-0.946308,-2.314510,-10.860847,-1,2
68475,612268,3.224873,40195.502447,40195.619604,1, 0, 0, 1,2.558964,-0.511866,3.269399,-1,3
68475,612269,3.226102,40195.503676,40195.620832,1, 0, 0, 1,4.416862,-2.570226,-15.696643,-1,2
68475,612270,3.388995,40195.666569,40195.783726,0, 0, 0, 0,-99.000000,-99.000000,-99.000000,-1,1
68475,612271,3.411148,40195.688721,40195.805878,1, 0, 0, 1,-0.635830,6.382345,4.784367,-1,2
68475,612272,3.435086,40195.712659,40195.829816,0, 0, 0, 0,-99.000000,-99.000000,-99.000000,-1,1
68475,612273,3.554599,40195.832172,40195.949330,1, 0, 0, 1,-6.598102,2.705975,7.713006,-1,2
68475,612274,3.595093,40195.872666,40195.989824,1, 0, 0, 1,3.695767,-4.629301,8.402418,-1,2
68475,612275,3.631839,40195.909412,40196.026570,1, 0, 0, 1,6.618070,0.767374,3.173861,-1,2
68475,612276,3.885367,40196.162940,40196.280098,1, 0, 0, 1,-2.618441,0.202898,-2.030708,-1,2
68475,612277,4.260286,40196.537858,40196.655016,1, 0, 0, 1,5.218061,3.659840,7.782272,-1,2
68475,612278,4.263365,40196.540936,40196.658095,1, 0, 0, 1,3.719877,2.013111,14.486351,-1,2
68475,612279,4.288597,40196.566169,40196.683328,0, 0, 0, 0,-99.000000,-99.000000,-99.000000,-1,0
68475,612280,4.508230,40196.785801,40196.902961,1, 0, 0, 1,1.604246,-1.461799,-11.403455,-1,3
68475,612281,4.698535,40196.976105,40197.093265,1, 0, 0, 1,4.577782,-5.105615,8.104056,-1,2
68475,612282,4.701950,40196.979521,40197.096681,1, 0, 0, 1,-5.623322,6.067081,-20.729730,-1,2
68475,612283,4.804985,40197.082556,40197.199716,1, 0, 0, 1,-1.358758,1.149469,8.011251,-1,2
68475,612284,4.864341,40197.141912,40197.259072,0, 0, 0, 0,-99.000000,-99.000000,-99.000000,-1,1
68475,612285,4.885290,40197.162860,40197.280020,1, 0, 0, 1,-1.695588,9.035604,-6.038876,-1,2
68475,612286,5.008275,40197.285845,40197.403006,0, 0, 0, 0,-99.000000,-99.000000,-99.000000,-1,1
68475,612287,5.104023,40197.381593,40197.498754,1, 0, 0, 1,-2.440188,-3.296441,-9.225613,-1,2
68475,612288,5.190566,40197.468136,40197.585296,1, 0, 0, 1,-2.308049,-2.635695,-7.220558,-1,2
68475,612289,5.208159,40197.485729,40197.602889,1, 0, 0, 1,8.535895,1.026933,3.418954,-1,2
68475,612290,5.323262,40197.600831,40197.717992,0, 0, 0, 0,-99.000000,-99.000000,-99.000000,-1,0
68475,612291,5.338474,40197.616044,40197.733205,1, 0, 0, 1,1.834525,-3.374399,16.371122,-1,2
68475,612292,5.411811,40197.689381,40197.806542,1, 0, 0, 1,-2.424009,-8.110617,-5.224598,-1,2
68475,612293,5.491135,40197.768704,40197.885866,0, 0, 0, 0,-99.000000,-99.000000,-99.000000,-1,1
68475,612294,5.687302,40197.964871,40198.082033,1, 0, 0, 1,-5.200444,4.246277,10.111235,-1,2
68475,612295,5.762606,40198.040175,40198.157336,1, 0, 0, 1,-1.565332,4.883659,8.109265,-1,4
68475,612296,5.918886,40198.196455,40198.313617,1, 0, 0, 1,2.683080,9.999981,-4.922317,-1,3
68475,612297,6.043487,40198.321055,40198.438218,1, 0, 0, 1,8.107434,9.749353,-4.251520,-1,2
68475,612298,6.056437,40198.334005,40198.451168,0, 0, 0, 0,-99.000000,-99.000000,-99.000000,-1,1
68475,612299,6.592242,40198.869809,40198.986972,1, 0, 0, 1,7.017076,-3.973534,-8.661100,-1,2
68475,612300,6.626488,40198.904055,40199.021219,0, 0, 0, 0,-99.000000,-99.000000,-99.000000,-1,0
68475,612301,6.743832,40199.021398,40199.138562,1, 0, 0, 1,-3.652019,2.096649,-0.864911,-1,2
68475,612302,6.970240,40199.247807,40199.364971,0, 0, 0, 0,-99.000000,-99.000000,-99.000000,-1,1
68475,612303,6.980504,40199.258070,40199.375234,0, 0, 0, 0,-99.000000,-99.000000,-99.000000,-1,1
68475,612304,7.000914,40199.278480,40199.395644,0, 0, 0, 0,-99.000000,-99.000000,-99.000000,-1,1
68475,612305,7.094633,40199.372199,40199.489364,0, 0, 0, 0,-99.000000,-99.000000,-99.000000,-1,1
68475,612306,7.115929,40199.393495,40199.510660,0, 0, 0, 0,-99.000000,-99.000000,-99.000000,-1,0
68475,612307,7.289782,40199.567348,40199.684512,0, 0, 0, 0,-99.000000,-99.000000,-99.000000,-1,1
68475,612308,7.397549,40199.675115,40199.792280,1, 0, 0, 1,1.733145,-1.699420,-3.822566,-1,2
68475,612309,7.467233,40199.744798,40199.861964,1, 0, 0, 1,-0.386133,-9.989636,17.964962,-1,2
68475,612310,7.476714,40199.754279,40199.871445,1, 0, 0, 1,4.563111,-6.657776,9.484188,-1,2
68475,612311,7.622297,40199.899862,40200.017028,0, 0, 0, 0,-99.000000,-99.000000,-99.000000,-1,1
68475,612312,7.817585,40200.095150,40200.212315,0, 0, 0, 0,-99.000000,-99.000000,-99.000000,-1,0
68475,612313,7.819882,40200.097447,40200.214613,0, 0, 0, 0,-99.000000,-99.000000,-99.000000,-1,1
68475,612314,8.022340,40200.299904,40200.417070,1, 0, 0, 1,-3.566720,-3.769960,-5.005406,-1,2
68475,613084,0.032202,40277.664603,40277.781923,1, 0, 0, 1,-8.274387,-0.993638,-13.108646,-1,2
68475,613085,0.179765,40277.812165,40277.929486,0, 0, 0, 0,-99.000000,-99.000000,-99.000000,-1,1
68475,613086,0.256943,40277.889343,40278.006664,0, 0, 0, 0,-99.000000,-99.000000,-99.000000,-1,0
68475,613087,0.363099,40277.995499,40278.112820,1, 0, 0, 1,2.353986,7.862587,20.401366,-1,2
68475,613088,0.428669,40278.061069,40278.178390,0, 0, 0, 0,-99.000000,-99.000000,-99.000000,-1,1
68475,613089,0.718592,40278.350991,40278.468312,1, 0, 0, 1,2.110026,2.269855,-14.698963,-1,2
68475,613090,0.790098,40278.422496,40278.539818,1, 0, 0, 1,3.509083,6.289665,9.589545,-1,2
68475,613091,1.190577,40278.822975,40278.940297,0, 0, 0, 0,-99.000000,-99.000000,-99.000000,-1,1
68475,613092,1.239802,40278.872200,40278.989523,1, 0, 0, 1,4.644101,4.211581,-14.025169,-1,2
68475,613093,1.460864,40279.093262,40279.210585,0, 0, 0, 0,-99.000000,-99.000000,-99.000000,-1,0
68475,613094,1.504289,40279.136686,40279.254009,1, 0, 0, 1,-5.014000,4.406748,4.944489,-1,2
68475,613095,1.504667,40279.137064,40279.254387,0, 0, 0, 0,-99.000000,-99.000000,-99.000000,-1,1
68475,613096,1.986336,40279.618732,40279.736056,1, 0, 0, 1,1.923976,-6.864397,-9.008777,-1,2
68475,613097,2.051604,40279.684000,40279.801324,0, 0, 0, 0,-99.000000,-99.000000,-99.000000,-1,1
68475,613098,2.150804,40279.783200,40279.900524,1, 0, 0, 1,0.325986,12.753851,21.089842,-1,2
68475,613099,2.217265,40279.849661,40279.966985,0, 0, 0, 0,-99.000000,-99.000000,-99.000000,-1,1
68475,613100,2.345685,40279.978081,40280.095405,1, 0, 0, 1,2.169631,4.487005,-21.320781,-1,2
68475,613101,2.359395,40279.991791,40280.109115,1, 0, 0, 1,-0.949641,1.981957,-13.696926,-1,2
68475,613102,2.645325,40280.277720,40280.395045,0, 0, 0, 0,-99.000000,-99.000000,-99.000000,-1,1
68475,613103,2.692699,40280.325094,40280.442419,1, 0, 0, 1,3.581156,7.182620,-8.251553,-1,2
68475,613104,2.848883,40280.481278,40280.598604,0, 0, 0, 0,-99.000000,-99.000000,-99.000000,-1,1
68475,613105,2.912173,40280.544568,40280.661894,0, 0, 0, 0,-99.000000,-99.000000,-99.000000,-1,1
68475,613106,3.342960,40280.975353,40281.092680,1, 0, 0, 1,-7.568239,2.682470,21.334419,-1,2
68475,613107,3.369683,40281.002076,40281.119403,1, 0, 0, 1,-2.302093,3.969998,-11.557261,-1,2
68475,613108,3.458739,40281.091132,40281.208459,1, 0, 0, 1,0.651130,4.702764,-12.340548,-1,2
68475,613109,3.686958,40281.319351,40281.436679,1, 0, 0, 1,7.853008,0.875665,10.171074,-1,2
68475,613110,3.787238,40281.419631,40281.536959,0, 0, 0, 0,-99.000000,-99.000000,-99.000000,-1,1
68475,613111,3.940797,40281.573189,40281.690517,1, 0, 0, 1,-0.681361,-0.274726,-13.727741,-1,2
68475,613112,3.991442,40281.623834,40281.741162,1, 0, 0, 1,-2.906693,-0.077657,-9.255865,-1,2
68475,613113,4.010686,40281.643078,40281.760406,0, 0, 0, 0,-99.000000,-99.000000,-99.000000,-1,1
68475,613114,4.044319,40281.676711,40281.794039,1, 0, 0, 1,2.977353,5.358203,-2.701554,-1,2
68475,613115,4.062216,40281.694608,40281.811936,0, 0, 0, 0,-99.000000,-99.000000,-99.000000,-1,0
68475,613116,4.261574,40281.893965,40282.011294,1, 0, 0, 1,5.407729,-7.094460,-16.754767,-1,3
68475,613117,4.680617,40282.313007,40282.430337,0, 0, 0, 0,-99.000000,-99.000000,-99.000000,-1,1
68475,613118,4.800247,40282.432638,40282.549968,1, 0, 0, 1,-6.956293,-1.068539,-14.184628,-1,2
68475,613119,4.846827,40282.479218,40282.596548,1, 0, 0, 1,1.223413,0.779743,-0.716539,-1,2
68475,613120,4.903438,40282.535828,40282.653158,0, 0, 0, 0,-99.000000,-99.000000,-99.000000,-1,0
68475,613121,4.962137,40282.594527,40282.711857,1, 0, 0, 1,-4.513326,2.950509,4.652061,-1,2
68475,613122,4.970515,40282.602906,40282.720236,0, 0, 0, 0,-99.000000,-99.000000,-99.000000,-1,1
68475,613123,5.047157,40282.679547,40282.796877,1, 0, 0, 1,7.230391,1.959057,12.373112,-1,2
68475,613124,5.060494,40282.692884,40282.810214,0, 0, 0, 0,-99.000000,-99.000000,-99.000000,-1,0
68475,613125,5.063613,40282.696003,40282.813333,0, 0, 0, 0,-99.000000,-99.000000,-99.000000,-1,1
68475,613126,5.076787,40282.709177,40282.826507,1, 0, 0, 1,1.026001,8.191282,-4.432536,-1,2
68475,613127,5.099518,40282.731908,40282.849239,0, 0, 0, 0,-99.000000,-99.000000,-99.000000,-1,0
68475,613128,5.115171,40282.747561,40282.864892,1, 0, 0, 1,-3.798929,2.451439,7.340717,-1,2
68475,613129,5.142811,40282.775201,40282.892531,1, 0, 0, 1,1.291434,-8.993653,15.397904,-1,2
68475,613130,5.212257,40282.844647,40282.961978,1, 0, 0, 1,1.999362,6.138695,9.073747,-1,2
68475,613131,5.221466,40282.853856,40282.971186,0, 0, 0, 0,-99.000000,-99.000000,-99.000000,-1,1
68475,613132,5.311315,40282.943705,40283.061036,0, 0, 0, 0,-99.000000,-99.000000,-99.000000,-1,1
68475,613133,5.328806,40282.961196,40283.078527,1, 0, 0, 1,0.793765,4.144069,-12.134100,-1,2
68475,613134,5.345478,40282.977868,40283.095199,1, 0, 0, 1,3.730698,1.004443,-3.365161,-1,2
68475,613135,5.355611,40282.988000,40283.105331,0, 0, 0, 0,-99.000000,-99.000000,-99.000000,-1,1
68475,613136,5.356224,40282.988613,40283.105944,1, 0, 0, 1,-5.525299,4.825490,16.498721,-1,2
68475,613137,5.431532,40283.063922,40283.181253,1, 0, 0, 1,-1.992327,-6.065128,8.831435,-1,2
68475,613138,5.449819,40283.082208,40283.199539,1, 0, 0, 1,-3.360975,-0.275359,9.504236,-1,2
68475,613139,5.475919,40283.108308,40283.225639,0, 0, 0, 0,-99.000000,-99.000000,-99.000000,-1,1
68475,613140,5.507152,40283.139541,40283.256872,1, 0, 0, 1,3.901126,1.360615,-18.211112,-1,2
68475,613141,5.806524,40283.438913,40283.556244,1, 0, 0, 1,7.344025,1.103206,-18.060963,-1,2
68475,613142,5.861234,40283.493623,40283.610955,0, 0, 0, 0,-99.000000,-99.000000,-99.000000,-1,1
68475,613143,6.108124,40283.740512,40283.857844,0, 0, 0, 0,-99.000000,-99.000000,-99.000000,-1,0
68475,613144,6.527200,40284.159588,40284.276921,1, 0, 0, 1,-3.713039,6.574860,-15.657784,-1,2
68475,613145,6.578143,40284.210530,40284.327863,1, 0, 0, 1,1.202119,-8.118812,-5.888710,-1,2
68475,613146,6.600577,40284.232964,40284.350297,1, 0, 0, 1,11.302319,-5.900212,0.693579,-1,2
68475,613147,6.906261,40284.538648,40284.655982,1, 0, 0, 1,-8.932290,0.348733,15.276818,-1,2
68475,613148,6.925247,40284.557634,40284.674968,0, 0, 0, 0,-99.000000,-99.000000,-99.000000,-1,1
68475,613149,7.135260,40284.767646,40284.884980,1, 0, 0, 1,8.075942,2.607175,5.642872,-1,3
68475,613150,7.419756,40285.052142,40285.169476,1, 0, 0, 1,5.200410,0.477125,-5.574158,-1,2
68475,613151,7.535753,40285.168138,40285.285473,0, 0, 0, 0,-99.000000,-99.000000,-99.000000,-1,0
68475,613152,7.606710,40285.239095,40285.356430,1, 0, 0, 1,-1.502320,-2.105844,0.857756,-1,2
68475,613153,7.731124,40285.363509,40285.480844,0, 0, 0, 0,-99.000000,-99.000000,-99.000000,-1,1
68475,613154,7.847146,40285.479531,40285.596867,1, 0, 0, 1,2.696803,8.544403,-6.140769,-1,2
68475,613155,7.881430,40285.513814,40285.631150,1, 0, 0, 1,8.003077,-1.888352,2.431893,-1,2
68475,613156,7.905895,40285.538280,40285.655615,0, 0, 0, 0,-99.000000,-99.000000,-99.000000,-1,0
68475,613157,7.927819,40285.560204,40285.677539,1, 0, 0, 1,7.694840,1.982670,3.167273,-1,2
68475,613158,8.048002,40285.680386,40285.797722,1, 0, 0, 1,7.734951,1.961305,-0.136380,-1,2
68475,613159,8.060597,40285.692981,40285.810318,0, 0, 0, 0,-99.000000,-99.000000,-99.000000,-1,0
68475,613160,8.177844,40285.810228,40285.927564,1, 0, 0, 1,-9.312305,3.732417,-21.176538,-1,2
68475,613883,0.014884,40363.021142,40363.138632,1, 0, 0, 1,11.557180,-2.973005,-13.925422,-1,2
68475,613884,0.028726,40363.034984,40363.152474,1, 0, 0, 1,4.169516,-3.337524,-6.658507,-1,2
68475,613885,0.041476,40363.047733,40363.165224,0, 0, 0, 0,-99.000000,-99.000000,-99.000000,-1,1
68475,613886,0.509342,40363.515599,40363.633090,1, 0, 0, 1,-2.408128,-3.917544,4.946952,-1,2
68475,613887,0.654595,40363.660852,40363.778343,0, 0, 0, 0,-99.000000,-99.000000,-99.000000,-1,0
68475,613888,0.670082,40363.676338,40363.793830,0, 0, 0, 0,-99.000000,-99.000000,-99.000000,-1,0
68475,613889,0.827013,40363.833269,40363.950761,0, 0, 0, 0,-99.000000,-99.000000,-99.000000,-1,0
68475,613890,0.833588,40363.839844,40363.957336,0, 0, 0, 0,-99.000000,-99.000000,-99.000000,-1,0
68475,613891,1.092826,40364.099081,40364.216574,1, 0, 0, 1,-9.282199,-0.479837,21.020553,-1,2
68475,613892,1.125844,40364.132100,40364.249592,1, 0, 0, 1,2.968454,-6.360323,-14.196660,-1,2
68475,613893,1.225765,40364.232020,40364.349512,0, 0, 0, 0,-99.000000,-99.000000,-99.000000,-1,0
68475,613894,1.439178,40364.445433,40364.562926,0, 0, 0, 0,-99.000000,-99.000000,-99.000000,-1,1
68475,613895,1.506499,40364.512753,40364.630247,0, 0, 0, 0,-99.000000,-99.000000,-99.000000,-1,0
68475,613896,1.578146,40364.584400,40364.701894,0, 0, 0, 0,-99.000000,-99.000000,-99.000000,-1,1
68475,613897,1.594916,40364.601170,40364.718664,1, 0, 0, 1,4.701700,2.591525,11.483911,-1,2
68475,613898,1.657323,40364.663577,40364.781070,1, 0, 0, 1,-1.626901,-0.645246,0.993841,-1,2
68475,613899,1.774664,40364.780918,40364.898412,0, 0, 0, 0,-99.000000,-99.000000,-99.000000,-1,0
68475,613900,2.244392,40365.250645,40365.368139,0, 0, 0, 0,-99.000000,-99.000000,-99.000000,-1,1
68475,613901,2.301889,40365.308142,40365.425637,1, 0, 0, 1,3.754607,-3.331533,-9.875575,-1,2
68475,613902,2.322041,40365.328293,40365.445788,1, 0, 0, 1,-6.282731,2.120189,15.259447,-1,2
68475,613903,2.380178,40365.386431,40365.503926,0, 0, 0, 0,-99.000000,-99.000000,-99.000000,-1,1
68475,613904,2.383761,40365.390014,40365.507509,0, 0, 0, 0,-99.000000,-99.000000,-99.000000,-1,1
68475,613905,2.444890,40365.451142,40365.568638,1, 0, 0, 1,-5.864505,4.612096,-3.771782,-1,2
68475,613906,2.625543,40365.631795,40365.749291,1, 0, 0, 1,4.836689,6.585155,-10.204096,-1,3
68475,613907,2.774126,40365.780378,40365.897873,0, 0, 0, 0,-99.000000,-99.000000,-99.000000,-1,1
68475,613908,2.841897,40365.848149,40365.965645,1, 0, 0, 1,2.622507,-2.923323,15.113050,-1,2
68475,613909,2.869102,40365.875354,40365.992850,1, 0, 0, 1,0.976155,-5.512642,-9.524204,-1,2
68475,613910,3.026872,40366.033123,40366.150619,1, 0, 0, 1,5.758083,5.021716,-1.452273,-1,2
68475,613911,3.161929,40366.168180,40366.285677,0, 0, 0, 0,-99.000000,-99.000000,-99.000000,-1,1
68475,613912,3.175119,40366.181370,40366.298867,1, 0, 0, 1,-3.129758,0.487942,12.014657,-1,2
68475,613913,3.213069,40366.219320,40366.336817,0, 0, 0, 0,-99.000000,-99.000000,-99.000000,-1,1
68475,613914,3.233309,40366.239560,40366.357057,1, 0, 0, 1,2.978738,5.545628,-0.337102,-1,2
68475,613915,3.320227,40366.326478,40366.443975,1, 0, 0, 1,-2.230753,2.867580,5.679679,-1,2
68475,613916,3.324915,40366.331166,40366.448663,1, 0, 0, 1,-7.908584,-2.143606,-3.454890,-1,2
68475,613917,3.327425,40366.333676,40366.451173,1, 0, 0, 1,-0.268121,-8.100562,7.008412,-1,2
68475,613918,3.384268,40366.390519,40366.508016,1, 0, 0, 1,1.878093,3.661152,-17.715741,-1,2
68475,613919,3.421574,40366.427825,40366.545322,1, 0, 0, 1,2.708424,-8.203227,-7.809612,-1,2
68475,613920,3.523807,40366.530058,40366.647555,1, 0, 0, 1,-4.191634,-3.185745,-12.607307,-1,2
68475,613921,3.784733,40366.790983,40366.908481,1, 0, 0, 1,-8.565055,1.288329,21.516506,-1,2
68475,613922,3.809356,40366.815606,40366.933104,1, 0, 0, 1,-1.973323,-8.653721,17.362628,-1,2
68475,613923,4.239479,40367.245728,40367.363227,1, 0, 0, 1,-4.119207,-3.855714,11.145754,-1,3
68475,613924,4.306302,40367.312551,40367.430050,0, 0, 0, 0,-99.000000,-99.000000,-99.000000,-1,1
68475,613925,4.307893,40367.314142,40367.431640,1, 0, 0, 1,2.935901,3.055497,3.318871,-1,2
68475,613926,4.334107,40367.340356,40367.457855,1, 0, 0, 1,3.370251,-5.510654,12.571472,-1,2
68475,613927,4.463360,40367.469608,40367.587108,0, 0, 0, 0,-99.000000,-99.000000,-99.000000,-1,1
68475,613928,4.623670,40367.629918,40367.747418,1, 0, 0, 1,4.564417,-4.734541,12.853132,-1,2
68475,613929,4.700973,40367.707221,40367.824721,1, 0, 0, 1,-0.109935,12.387181,-2.262487,-1,2
68475,613930,4.748268,40367.754516,40367.872016,0, 0, 0, 0,-99.000000,-99.000000,-99.000000,-1,1
68475,613931,4.886262,40367.892510,40368.010010,0, 0, 0, 0,-99.000000,-99.000000,-99.000000,-1,1
68475,613932,4.902176,40367.908423,40368.025924,0, 0, 0, 0,-99.000000,-99.000000,-99.000000,-1,1
68475,613933,4.917831,40367.924079,40368.041579,0, 0, 0, 0,-99.000000,-99.000000,-99.000000,-1,1
68475,613934,4.932702,40367.938950,40368.056450,1, 0, 0, 1,-6.527254,-1.221158,-0.960175,-1,2
68475,613935,5.066930,40368.073178,40368.190678,0, 0, 0, 0,-99.000000,-99.000000,-99.000000,-1,1
68475,613936,5.646609,40368.652855,40368.770357,1, 0, 0, 1,-6.070844,4.641153,-2.336682,-1,2
68475,613937,5.731385,40368.737631,40368.855132,1, 0, 0, 1,-7.458510,-1.501303,9.591558,-1,2
68475,613938,5.748421,40368.754668,40368.872169,0, 0, 0, 0,-99.000000,-99.000000,-99.000000,-1,1
68475,613939,5.798142,40368.804387,40368.921889,0, 0, 0, 0,-99.000000,-99.000000,-99.000000,-1,1
68475,613940,5.903882,40368.910128,40369.027630,1, 0, 0, 1,-1.826227,-7.770925,-0.896673,-1,2
68475,613941,5.928773,40368.935019,40369.052521,1, 0, 0, 1,-8.425417,2.619452,5.603118,-1,2
68475,613942,6.008736,40369.014981,40369.132484,0, 0, 0, 0,-99.000000,-99.000000,-99.000000,-1,1
68475,613943,6.260569,40369.266814,40369.384317,1, 0, 0, 1,5.940179,0.729102,10.305168,-1,2
68475,613944,6.580640,40369.586884,40369.704388,0, 0, 0, 0,-99.000000,-99.000000,-99.000000,-1,1
68475,613945,6.915385,40369.921628,40370.039132,1, 0, 0, 1,3.727810,0.376151,-17.888151,-1,2
68475,613946,6.956203,40369.962446,40370.079950,1, 0, 0, 1,2.490061,-1.979749,2.340649,-1,2
68475,613947,7.012336,40370.018579,40370.136083,0, 0, 0, 0,-99.000000,-99.000000,-99.000000,-1,1
68475,613948,7.079799,40370.086042,40370.203547,1, 0, 0, 1,6.216222,-3.379404,19.772322,-1,2
68475,613949,7.100217,40370.106460,40370.223965,0, 0, 0, 0,-99.000000,-99.000000,-99.000000,-1,1
68475,613950,7.134428,40370.140671,40370.258176,0, 0, 0, 0,-99.000000,-99.000000,-99.000000,-1,1
68475,613951,7.243764,40370.250007,40370.367512,0, 0, 0, 0,-99.000000,-99.000000,-99.000000,-1,1
68475,613952,7.439113,40370.445356,40370.562861,1, 0, 0, 1,2.488637,-1.070825,5.359589,-1,2
68475,613953,7.701326,40370.707568,40370.825074,1, 0, 0, 1,7.105949,-0.341797,-9.798949,-1,2
68475,613954,7.711285,40370.717528,40370.835033,1, 0, 0, 1,6.031112,6.898205,-4.933344,-1,2
68475,613955,7.817227,40370.823469,40370.940975,0, 0, 0, 0,-99.000000,-99.000000,-99.000000,-1,1
68475,613956,7.961470,40370.967711,40371.085218,0, 0, 0, 0,-99.000000,-99.000000,-99.000000,-1,0
68475,613957,8.002647,40371.008889,40371.126395,0, 0, 0, 0,-99.000000,-99.000000,-99.000000,-1,1
68475,613958,8.177292,40371.183533,40371.301040,0, 0, 0, 0,-99.000000,-99.000000,-99.000000,-1,1
68475,613959,8.230996,40371.237237,40371.354744,0, 0, 0, 0,-99.000000,-99.000000,-99.000000,-1,0
68475,613960,8.243800,40371.250041,40371.367548,0, 0, 0, 0,-99.000000,-99.000000,-99.000000,-1,0
68475,614676,0.165673,40448.494596,40448.612256,1, 0, 0, 1,-0.001613,3.977741,-9.972525,-1,2
68475,614677,0.199972,40448.528895,40448.646556,1, 0, 0, 1,5.619139,4.196475,5.283280,-1,2
68475,614678,0.240715,40448.569637,40448.687298,0, 0, 0, 0,-99.000000,-99.000000,-99.000000,-1,0
68475,614679,0.321898,40448.650820,40448.768481,1, 0, 0, 1,-2.895358,9.109968,20.874306,-1,2
68475,614680,0.341633,40448.670556,40448.788217,1, 0, 0, 1,-5.763735,-5.318824,18.591370,-1,2
68475,614681,0.405842,40448.734764,40448.852425,0, 0, 0, 0,-99.000000,-99.000000,-99.000000,-1,1
68475,614682,0.569186,40448.898108,40449.015770,0, 0, 0, 0,-99.000000,-99.000000,-99.000000,-1,1
68475,614683,0.700337,40449.029259,40449.146921,0, 0, 0, 0,-99.000000,-99.000000,-99.000000,-1,1
68475,614684,0.710057,40449.038979,40449.156641,1, 0, 0, 1,4.622487,0.505572,-11.457681,-1,2
68475,614685,0.744551,40449.073473,40449.191135,1, 0, 0, 1,3.447331,-5.268261,-13.960267,-1,2
68475,614686,0.812241,40449.141163,40449.258825,0, 0, 0, 0,-99.000000,-99.000000,-99.000000,-1,0
68475,614687,1.025675,40449.354596,40449.472258,0, 0, 0, 0,-99.000000,-99.000000,-99.000000,-1,1
68475,614688,1.046158,40449.375080,40449.492742,1, 0, 0, 1,4.403758,-2.829995,9.823139,-1,2
68475,614689,1.048013,40449.376935,40449.494597,1, 0, 0, 1,-4.150710,0.668366,16.387661,-1,2
68475,614690,1.157015,40449.485936,40449.603598,1, 0, 0, 1,1.369323,8.123804,-11.718182,-1,2
68475,614691,1.183735,40449.512656,40449.630319,1, 0, 0, 1,2.894276,-3.858748,9.669972,-1,2
68475,614692,1.277438,40449.606359,40449.724022,1, 0, 0, 1,1.547098,-2.293714,11.505886,-1,2
68475,614693,1.391377,40449.720297,40449.837961,1, 0, 0, 1,-4.285906,-2.128821,-2.901514,-1,2
68475,614694,1.422166,40449.751086,40449.868750,1, 0, 0, 1,4.958035,0.545989,-3.786163,-1,2
68475,614695,1.703148,40450.032068,40450.149732,0, 0, 0, 0,-99.000000,-99.000000,-99.000000,-1,1
68475,614696,1.759592,40450.088512,40450.206176,0, 0, 0, 0,-99.000000,-99.000000,-99.000000,-1,1
68475,614697,1.793186,40450.122106,40450.239770,1, 0, 0, 1,4.887022,-2.984892,-1.667199,-1,2
68475,614698,1.867480,40450.196400,40450.314064,1, 0, 0, 1,-2.236060,1.733847,-9.610629,-1,2
68475,614699,2.266838,40450.595756,40450.713421,0, 0, 0, 0,-99.000000,-99.000000,-99.000000,-1,0
68475,614700,2.346776,40450.675694,40450.793359,1, 0, 0, 1,6.369145,1.921392,-16.549456,-1,2
68475,614701,2.388184,40450.717103,40450.834768,1, 0, 0, 1,2.942403,-1.502800,20.501628,-1,2
68475,614702,2.395222,40450.724141,40450.841806,1, 0, 0, 1,2.454309,-6.080818,9.712876,-1,3
68475,614703,2.447562,40450.776480,40450.894145,1, 0, 0, 1,-3.933289,-1.192726,-3.173241,-1,2
68475,614704,2.549715,40450.878633,40450.996298,1, 0, 0, 1,5.539767,8.428138,-6.353155,-1,2
68475,614705,2.735802,40451.064719,40451.182385,0, 0, 0, 0,-99.000000,-99.000000,-99.000000,-1,0
68475,614706,2.765902,40451.094820,40451.212486,0, 0, 0, 0,-99.000000,-99.000000,-99.000000,-1,1
68475,614707,2.885205,40451.214122,40451.331788,1, 0, 0, 1,-2.399889,7.739623,18.790180,-1,2
68475,614708,2.987055,40451.315973,40451.433639,1, 0, 0, 1,1.636591,-3.584622,4.650957,-1,2
68475,614709,3.123110,40451.452028,40451.569694,0, 0, 0, 0,-99.000000,-99.000000,-99.000000,-1,1
68475,614710,3.246475,40451.575391,40451.693058,0, 0, 0, 0,-99.000000,-99.000000,-99.000000,-1,0
68475,614711,3.432392,40451.761308,40451.878975,0, 0, 0, 0,-99.000000,-99.000000,-99.000000,-1,1
68475,614712,3.441256,40451.770173,40451.887840,1, 0, 0, 1,6.694613,2.345956,13.170193,-1,2
68475,614713,3.536041,40451.864957,40451.982625,1, 0, 0, 1,-0.419084,1.806702,-10.136004,-1,2
68475,614714,3.584336,40451.913252,40452.030920,1, 0, 0, 1,6.438811,1.562548,1.280823,-1,2
68475,614715,3.773655,40452.102571,40452.220239,0, 0, 0, 0,-99.000000,-99.000000,-99.000000,-1,0
68475,614716,3.773946,40452.102862,40452.220530,1, 0, 0, 1,-10.119251,-1.464992,14.076228,-1,2
68475,614717,3.863610,40452.192525,40452.310193,0, 0, 0, 0,-99.000000,-99.000000,-99.000000,-1,0
68475,614718,5.061782,40453.390695,40453.508365,1, 0, 0, 1,4.352220,0.809439,-7.260221,-1,2
68475,614719,5.535143,40453.864055,40453.981726,1, 0, 0, 1,2.111507,4.205112,-9.709695,-1,2
68475,614720,5.689337,40454.018249,40454.135921,0, 0, 0, 0,-99.000000,-99.000000,-99.000000,-1,1
68475,614721,5.888187,40454.217099,40454.334771,1, 0, 0, 1,0.626365,-8.343440,10.150059,-1,2
68475,614722,5.900965,40454.229877,40454.347549,0, 0, 0, 0,-99.000000,-99.000000,-99.000000,-1,1
68475,614723,6.027556,40454.356467,40454.474140,1, 0, 0, 1,-6.342167,7.165274,2.050502,-1,2
68475,614724,6.061420,40454.390331,40454.508003,0, 0, 0, 0,-99.000000,-99.000000,-99.000000,-1,0
68475,614725,6.109161,40454.438072,40454.555744,0, 0, 0, 0,-99.000000,-99.000000,-99.000000,-1,0
68475,614726,6.157763,40454.486674,40454.604347,1, 0, 0, 1,0.618642,6.278886,-10.229652,-1,2
68475,614727,6.222197,40454.551108,40454.668781,0, 0, 0, 0,-99.000000,-99.000000,-99.000000,-1,1
68475,614728,6.355597,40454.684508,40454.802181,1, 0, 0, 1,-4.808456,-3.521250,-1.727226,-1,2
68475,614729,6.366078,40454.694988,40454.812661,1, 0, 0, 1,-0.833200,3.859913,-7.096565,-1,2
68475,614730,6.479769,40454.808679,40454.926353,0, 0, 0, 0,-99.000000,-99.000000,-99.000000,-1,0
68475,614731,6.480962,40454.809872,40454.927545,0, 0, 0, 0,-99.000000,-99.000000,-99.000000,-1,1
68475,614732,6.579497,40454.908407,40455.026081,0, 0, 0, 0,-99.000000,-99.000000,-99.000000,-1,1
68475,614733,6.620862,40454.949772,40455.067445,0, 0, 0, 0,-99.000000,-99.000000,-99.000000,-1,1
68475,614734,6.709704,40455.038614,40455.156287,0, 0, 0, 0,-99.000000,-99.000000,-99.000000,-1,1
68475,614735,6.729236,40455.058146,40455.175820,1, 0, 0, 1,1.470847,3.493754,11.771347,-1,2
68475,614736,6.840004,40455.168914,40455.286588,1, 0, 0, 1,4.083854,5.345925,15.430294,-1,2
68475,614737,6.898419,40455.227328,40455.345002,1, 0, 0, 1,3.025850,8.729968,8.804021,-1,2
68475,614738,6.918578,40455.247487,40455.365161,0, 0, 0, 0,-99.000000,-99.000000,-99.000000,-1,1
68475,614739,6.958729,40455.287639,40455.405313,1, 0, 0, 1,6.909892,-0.794226,-11.009510,-1,2
68475,614740,6.999128,40455.328037,40455.445712,1, 0, 0, 1,-5.017109,0.384358,-0.068132,-1,2
68475,614741,7.100093,40455.429002,40455.546676,0, 0, 0, 0,-99.000000,-99.000000,-99.000000,-1,0
68475,614742,7.173776,40455.502685,40455.620360,0, 0, 0, 0,-99.000000,-99.000000,-99.000000,-1,1
68475,614743,7.199178,40455.528087,40455.645762,1, 0, 0, 1,3.693935,-3.851205,-10.065888,-1,2
68475,614744,7.288732,40455.617640,40455.735315,0, 0, 0, 0,-99.000000,-99.000000,-99.000000,-1,0
68475,614745,7.475609,40455.804517,40455.922192,1, 0, 0, 1,-7.542035,-3.788225,1.009669,-1,2
68475,614746,7.923174,40456.252082,40456.369758,0, 0, 0, 0,-99.000000,-99.000000,-99.000000,-1,0
68475,614747,7.944928,40456.273836,40456.391512,1, 0, 0, 1,-7.245944,1.514239,2.695056,-1,3
68475,614748,7.969031,40456.297938,40456.415615,1, 0, 0, 1,3.162630,-6.599577,-2.094299,-1,2
68475,614749,8.093239,40456.422146,40456.539823,0, 0, 0, 0,-99.000000,-99.000000,-99.000000,-1,1
68475,614750,8.098046,40456.426953,40456.544629,0, 0, 0, 0,-99.000000,-99.000000,-99.000000,-1,0
68475,615486,0.018426,40533.663285,40533.781115,0, 0, 0, 0,-99.000000,-99.000000,-99.000000,-1,1
68475,615487,0.511611,40534.156470,40534.274300,0, 0, 0, 0,-99.000000,-99.000000,-99.000000,-1,1
68475,615488,0.762906,40534.407764,40534.525595,0, 0, 0, 0,-99.000000,-99.000000,-99.000000,-1,1
68475,615489,0.804983,40534.449841,40534.567672,1, 0, 0, 1,0.528103,0.433670,-1.769634,-1,2
68475,615490,0.839664,40534.484522,40534.602353,0, 0, 0, 0,-99.000000,-99.000000,-99.000000,-1,0
68475,615491,0.873506,40534.518363,40534.636195,1, 0, 0, 1,-9.425460,0.430046,11.202932,-1,2
68475,615492,1.063614,40534.708472,40534.826303,1, 0, 0, 1,1.340160,1.162433,-6.255141,-1,2
68475,615493,1.108555,40534.753413,40534.871244,0, 0, 0, 0,-99.000000,-99.000000,-99.000000,-1,1
68475,615494,1.262434,40534.907291,40535.025124,1, 0, 0, 1,3.884585,-2.285444,-19.146905,-1,2
68475,615495,1.287248,40534.932105,40535.049937,1, 0, 0, 1,-3.004598,3.440205,7.210135,-1,2
68475,615496,1.339086,40534.983943,40535.101775,0, 0, 0, 0,-99.000000,-99.000000,-99.000000,-1,0
68475,615497,1.371202,40535.016059,40535.133891,1, 0, 0, 1,-1.668904,-0.533666,-16.900132,-1,2
68475,615498,1.410892,40535.055749,40535.173582,0, 0, 0, 0,-99.000000,-99.000000,-99.000000,-1,1
68475,615499,1.457810,40535.102667,40535.220499,0, 0, 0, 0,-99.000000,-99.000000,-99.000000,-1,1
68475,615500,1.464203,40535.109059,40535.226892,0, 0, 0, 0,-99.000000,-99.000000,-99.000000,-1,1
68475,615501,1.472366,40535.117223,40535.235055,1, 0, 0, 1,3.135447,-3.553156,-5.596499,-1,2
68475,615502,1.683885,40535.328741,40535.446574,1, 0, 0, 1,0.936921,-4.469421,11.619677,-1,2
68475,615503,1.706640,40535.351497,40535.469330,1, 0, 0, 1,-4.256793,-8.037077,14.262830,-1,2
68475,615504,1.852052,40535.496907,40535.614741,0, 0, 0, 0,-99.000000,-99.000000,-99.000000,-1,0
68475,615505,2.066459,40535.711315,40535.829148,0, 0, 0, 0,-99.000000,-99.000000,-99.000000,-1,0
68475,615506,2.093312,40535.738168,40535.856002,1, 0, 0, 1,3.590749,-1.130196,19.943955,-1,2
68475,615507,2.242409,40535.887264,40536.005098,1, 0, 0, 1,-0.663752,4.909969,-18.990363,-1,2
68475,615508,2.243153,40535.888008,40536.005842,0, 0, 0, 0,-99.000000,-99.000000,-99.000000,-1,1
68475,615509,2.408553,40536.053408,40536.171242,1, 0, 0, 1,8.147937,-0.398042,-6.318834,-1,2
68475,615510,2.418629,40536.063483,40536.181318,0, 0, 0, 0,-99.000000,-99.000000,-99.000000,-1,1
68475,615511,2.512949,40536.157803,40536.275638,1, 0, 0, 1,6.168450,1.896523,3.819444,-1,3
68475,615512,2.887403,40536.532256,40536.650092,1, 0, 0, 1,-5.326555,-1.311272,8.292689,-1,3
68475,615513,3.138597,40536.783451,40536.901287,1, 0, 0, 1,4.773119,3.339628,8.468816,-1,2
68475,615514,3.202475,40536.847328,40536.965164,1, 0, 0, 1,-3.426858,-6.815243,5.592915,-1,2
68475,615515,3.226181,40536.871034,40536.988870,0, 0, 0, 0,-99.000000,-99.000000,-99.000000,-1,1
68475,615516,3.269202,40536.914055,40537.031891,0, 0, 0, 0,-99.000000,-99.000000,-99.000000,-1,1
68475,615517,3.403476,40537.048328,40537.166165,1, 0, 0, 1,-4.157856,-1.386100,6.343137,-1,2
68475,615518,3.415212,40537.060065,40537.177902,0, 0, 0, 0,-99.000000,-99.000000,-99.000000,-1,1
68475,615519,3.591105,40537.235957,40537.353794,1, 0, 0, 1,-1.073688,9.999981,-13.170437,-1,3
68475,615520,3.606019,40537.250871,40537.368708,1, 0, 0, 1,5.811817,-0.431484,14.956539,-1,2
68475,615521,3.955158,40537.600010,40537.717847,0, 0, 0, 0,-99.000000,-99.000000,-99.000000,-1,1
68475,615522,4.077337,40537.722188,40537.840026,0, 0, 0, 0,-99.000000,-99.000000,-99.000000,-1,1
68475,615523,4.089663,40537.734514,40537.852352,1, 0, 0, 1,3.759380,-3.791449,-11.318119,-1,2
68475,615524,4.269827,40537.914678,40538.032516,1, 0, 0, 1,6.530362,-1.347816,0.802376,-1,2
68475,615525,4.411694,40538.056545,40538.174383,1, 0, 0, 1,-0.234110,-4.920165,-16.229262,-1,2
68475,615526,4.476415,40538.121265,40538.239104,1, 0, 0, 1,-7.870921,-0.559035,-2.013506,-1,2
68475,615527,4.476928,40538.121778,40538.239617,0, 0, 0, 0,-99.000000,-99.000000,-99.000000,-1,1
68475,615528,4.478055,40538.122906,40538.240745,1, 0, 0, 1,1.459270,3.614082,11.994183,-1,2
68475,615529,4.504395,40538.149245,40538.267084,0, 0, 0, 0,-99.000000,-99.000000,-99.000000,-1,0
68475,615530,4.539398,40538.184248,40538.302087,0, 0, 0, 0,-99.000000,-99.000000,-99.000000,-1,1
68475,615531,4.828466,40538.473316,40538.591155,0, 0, 0, 0,-99.000000,-99.000000,-99.000000,-1,1
68475,615532,5.034450,40538.679300,40538.797139,1, 0, 0, 1,5.834547,16.865626,4.206763,-1,2
68475,615533,5.068882,40538.713731,40538.831571,0, 0, 0, 0,-99.000000,-99.000000,-99.000000,-1,1
68475,615534,5.415482,40539.060330,40539.178171,1, 0, 0, 1,4.652252,-8.864924,21.663559,-1,2
68475,615535,5.561587,40539.206436,40539.324277,1, 0, 0, 1,6.939704,3.832108,8.850577,-1,2
68475,615536,5.634302,40539.279150,40539.396991,1, 0, 0, 1,3.902577,-2.123990,-2.652627,-1,2
68475,615537,5.651601,40539.296449,40539.414290,1, 0, 0, 1,-0.621373,2.296573,-12.298726,-1,2
68475,615538,5.715553,40539.360402,40539.478243,0, 0, 0, 0,-99.000000,-99.000000,-99.000000,-1,0
68475,615539,5.782358,40539.427206,40539.545047,0, 0, 0, 0,-99.000000,-99.000000,-99.000000,-1,1
68475,615540,5.837792,40539.482640,40539.600481,1, 0, 0, 1,0.319229,1.903707,18.278863,-1,2
68475,615541,5.839392,40539.484240,40539.602081,1, 0, 0, 1,0.786041,-4.547263,-11.757752,-1,2
68475,615542,6.070736,40539.715583,40539.833425,1, 0, 0, 1,1.576687,12.078324,-15.511734,-1,2
68475,615543,6.340021,40539.984868,40540.102710,1, 0, 0, 1,-5.566053,-5.480320,9.960452,-1,2
68475,615544,6.421068,40540.065915,40540.183758,1, 0, 0, 1,-4.266655,-0.315568,-5.920782,-1,2
68475,615545,6.462578,40540.107425,40540.225267,1, 0, 0, 1,-5.909535,2.271985,-11.836406,-1,2
68475,615546,6.767416,40540.412262,40540.530105,0, 0, 0, 0,-99.000000,-99.000000,-99.000000,-1,1
68475,615547,6.833329,40540.478175,40540.596018,0, 0, 0, 0,-99.000000,-99.000000,-99.000000,-1,1
68475,615548,6.923019,40540.567865,40540.685708,1, 0, 0, 1,6.937927,-0.935442,16.078496,-1,2
68475,615549,6.946716,40540.591562,40540.709405,1, 0, 0, 1,3.762199,-1.739831,-11.678002,-1,2
68475,615550,6.973539,40540.618384,40540.736228,0, 0, 0, 0,-99.000000,-99.000000,-99.000000,-1,1
68475,615551,7.023608,40540.668454,40540.786297,1, 0, 0, 1,0.475149,-2.858949,-13.581883,-1,2
68475,615552,7.035157,40540.680003,40540.797846,0, 0, 0, 0,-99.000000,-99.000000,-99.000000,-1,1
68475,615553,7.240297,40540.885142,40541.002986,1, 0, 0, 1,-3.980795,6.836004,-19.668517,-1,3
68475,615554,7.364262,40541.009107,40541.126951,0, 0, 0, 0,-99.000000,-99.000000,-99.000000,-1,1
68475,615555,7.484225,40541.129070,40541.246914,0, 0, 0, 0,-99.000000,-99.000000,-99.000000,-1,1
68475,615556,7.603932,40541.248776,40541.366621,1, 0, 0, 1,-3.041530,4.697669,-5.176162,-1,2
68475,615557,7.703744,40541.348588,40541.466433,1, 0, 0, 1,-3.406624,7.067096,-6.724359,-1,2
68475,615558,7.724600,40541.369444,40541.487289,1, 0, 0, 1,-6.738756,6.652790,-5.559012,-1,2
68475,615559,7.922503,40541.567346,40541.685192,1, 0, 0, 1,-1.926820,-7.977117,1.202646,-1,2
68475,615560,8.071845,40541.716688,40541.834534,1, 0, 0, 1,-4.635472,-8.087581,17.189838,-1,2
68475,615561,8.090196,40541.735039,40541.852885,1, 0, 0, 1,5.671341,-2.740828,17.473396,-1,2
68475,615562,8.119340,40541.764184,40541.882029,1, 0, 0, 1,0.826889,-4.169498,-14.914098,-1,2
68475,615563,8.153649,40541.798492,40541.916338,1, 0, 0, 1,6.374527,0.393775,4.505808,-1,2
68475,615564,8.176386,40541.821229,40541.939075,1, 0, 0, 1,-6.606841,4.976693,-0.566523,-1,2
68475,615565,8.322851,40541.967694,40542.085540,1, 0, 0, 1,0.707616,6.643254,13.953945,-1,2
68475,616310,0.026704,40619.038076,40619.156075,1, 0, 0, 1,-4.792000,8.743039,-15.942188,-1,2
68475,616311,0.116163,40619.127536,40619.245535,1, 0, 0, 1,5.621071,-2.594428,17.634666,-1,2
68475,616312,0.207395,40619.218767,40619.336766,0, 0, 0, 0,-99.000000,-99.000000,-99.000000,-1,1
68475,616313,0.254074,40619.265446,40619.383445,0, 0, 0, 0,-99.000000,-99.000000,-99.000000,-1,1
68475,616314,0.330696,40619.342068,40619.460067,1, 0, 0, 1,-1.418884,0.674187,2.109076,-1,2
68475,616315,0.337973,40619.349345,40619.467345,0, 0, 0, 0,-99.000000,-99.000000,-99.000000,-1,1
68475,616316,0.472539,40619.483911,40619.601911,1, 0, 0, 1,-5.634258,5.721241,15.276899,-1,2
68475,616317,0.559823,40619.571194,40619.689194,1, 0, 0, 1,1.030736,4.794487,-6.245784,-1,2
68475,616318,0.577243,40619.588614,40619.706614,0, 0, 0, 0,-99.000000,-99.000000,-99.000000,-1,0
68475,616319,0.737481,40619.748852,40619.866853,1, 0, 0, 1,-7.840123,2.200720,-9.276784,-1,2
68475,616320,0.792351,40619.803722,40619.921722,0, 0, 0, 0,-99.000000,-99.000000,-99.000000,-1,0
68475,616321,0.804799,40619.816170,40619.934170,0, 0, 0, 0,-99.000000,-99.000000,-99.000000,-1,0
68475,616322,1.119615,40620.130985,40620.248986,1, 0, 0, 1,-0.889133,-9.326272,14.789015,-1,3
68475,616323,1.120604,40620.131974,40620.249975,0, 0, 0, 0,-99.000000,-99.000000,-99.000000,-1,1
68475,616324,1.236114,40620.247484,40620.365485,1, 0, 0, 1,-7.690463,-0.800930,13.239712,-1,2
68475,616325,1.248472,40620.259842,40620.377843,1, 0, 0, 1,9.589674,-2.132035,-15.548608,-1,2
68475,616326,1.412169,40620.423539,40620.541540,1, 0, 0, 1,-1.591437,-8.277582,-15.141345,-1,2
68475,616327,1.571566,40620.582935,40620.700937,1, 0, 0, 1,-7.084648,2.178355,-9.105778,-1,2
68475,616328,1.583585,40620.594955,40620.712957,1, 0, 0, 1,-1.670262,9.159115,12.252642,-1,2
68475,616329,1.729036,40620.740405,40620.858408,0, 0, 0, 0,-99.000000,-99.000000,-99.000000,-1,0
68475,616330,1.799950,40620.811319,40620.929322,1, 1, 1, 1,1.761909,1.266378,23.657225,-1,2
68475,616331,2.049777,40621.061145,40621.179148,0, 0, 0, 0,-99.000000,-99.000000,-99.000000,-1,0
68475,616332,2.234983,40621.246351,40621.364355,1, 0, 0, 1,-2.132583,0.746054,-6.437747,-1,2
68475,616333,2.754007,40621.765374,40621.883378,1, 0, 0, 1,-6.307737,-0.708937,10.151907,-1,2
68475,616334,2.757938,40621.769305,40621.887309,1, 0, 0, 1,-3.174963,9.206798,-7.852557,-1,2
68475,616335,2.775719,40621.787086,40621.905090,0, 0, 0, 0,-99.000000,-99.000000,-99.000000,-1,0
68475,616336,2.777523,40621.788890,40621.906894,1, 0, 0, 1,-6.512308,-0.294045,-10.118050,-1,2
68475,616337,2.825980,40621.837347,40621.955351,1, 0, 0, 1,-2.120419,-3.810392,0.285490,-1,2
68475,616338,2.893320,40621.904686,40622.022691,0, 0, 0, 0,-99.000000,-99.000000,-99.000000,-1,1
68475,616339,3.134920,40622.146286,40622.264291,1, 0, 0, 1,-2.854094,3.074747,-14.133125,-1,2
68475,616340,3.151918,40622.163284,40622.281289,1, 0, 0, 1,4.547920,2.657972,-14.915719,-1,2
68475,616341,3.458937,40622.470303,40622.588308,1, 0, 0, 1,4.757124,-5.277069,14.656240,-1,2
68475,616342,3.467671,40622.479036,40622.597042,1, 0, 0, 1,2.263785,0.929212,10.278077,-1,2
68475,616343,3.674408,40622.685774,40622.803780,0, 0, 0, 0,-99.000000,-99.000000,-99.000000,-1,1
68475,616344,3.761122,40622.772487,40622.890493,1, 0, 0, 1,2.988633,-0.975397,-7.371343,-1,2
68475,616345,3.889514,40622.900878,40623.018885,0, 0, 0, 0,-99.000000,-99.000000,-99.000000,-1,1
68475,616346,3.978325,40622.989689,40623.107696,0, 0, 0, 0,-99.000000,-99.000000,-99.000000,-1,1
68475,616347,4.197638,40623.209002,40623.327010,1, 0, 0, 1,5.253543,6.061195,-11.060121,-1,2
68475,616348,4.352057,40623.363421,40623.481429,1, 0, 0, 1,-1.378865,-2.842009,12.333239,-1,2
68475,616349,4.432653,40623.444017,40623.562024,0, 0, 0, 0,-99.000000,-99.000000,-99.000000,-1,1
68475,616350,4.623603,40623.634966,40623.752974,1, 0, 0, 1,4.471353,4.697300,8.534823,-1,2
68475,616351,4.631473,40623.642836,40623.760844,0, 0, 0, 0,-99.000000,-99.000000,-99.000000,-1,1
68475,616352,4.702591,40623.713954,40623.831962,0, 0, 0, 0,-99.000000,-99.000000,-99.000000,-1,1
68475,616353,4.762465,40623.773828,40623.891836,0, 0, 0, 0,-99.000000,-99.000000,-99.000000,-1,0
68475,616354,4.818907,40623.830270,40623.948278,0, 0, 0, 0,-99.000000,-99.000000,-99.000000,-1,0
68475,616355,4.969118,40623.980481,40624.098489,0, 0, 0, 0,-99.000000,-99.000000,-99.000000,-1,1
68475,616356,4.987243,40623.998605,40624.116614,1, 0, 0, 1,2.652374,0.568318,8.200500,-1,2
68475,616357,5.000021,40624.011383,40624.129392,1, 0, 0, 1,6.991289,-6.222391,-7.960738,-1,2
68475,616358,5.017269,40624.028632,40624.146640,1, 0, 0, 1,-0.000278,-5.698993,-3.435000,-1,2
68475,616359,5.020691,40624.032053,40624.150062,1, 0, 0, 1,-7.871522,12.254424,-9.165902,-1,2
68475,616360,5.035503,40624.046866,40624.164875,1, 0, 0, 1,-0.905673,-3.145308,-2.703311,-1,2
68475,616361,5.100783,40624.112145,40624.230154,1, 0, 0, 1,-6.523888,-4.918565,3.432991,-1,2
68475,616362,5.153391,40624.164754,40624.282763,1, 0, 0, 1,-1.679715,-5.135642,-12.019040,-1,2
68475,616363,5.188774,40624.200136,40624.318145,0, 0, 0, 0,-99.000000,-99.000000,-99.000000,-1,1
68475,616364,5.191689,40624.203051,40624.321060,1, 0, 0, 1,6.227083,-15.280728,-7.150984,-1,2
68475,616365,5.287157,40624.298519,40624.416529,0, 0, 0, 0,-99.000000,-99.000000,-99.000000,-1,1
68475,616366,5.304646,40624.316008,40624.434017,0, 0, 0, 0,-99.000000,-99.000000,-99.000000,-1,1
68475,616367,5.335141,40624.346503,40624.464512,1, 0, 0, 1,0.142232,-0.274476,5.909504,-1,2
68475,616368,5.491812,40624.503174,40624.621184,0, 0, 0, 0,-99.000000,-99.000000,-99.000000,-1,0
68475,616369,5.563581,40624.574942,40624.692952,1, 0, 0, 1,-8.086174,0.265964,-2.906023,-1,2
68475,616370,5.646717,40624.658078,40624.776088,1, 0, 0, 1,2.651876,-3.401074,-11.400001,-1,2
68475,616371,5.736000,40624.747361,40624.865371,1, 0, 0, 1,2.166377,3.501410,20.185525,-1,2
68475,616372,5.763525,40624.774886,40624.892897,1, 0, 0, 1,-3.656061,-4.836696,-14.877443,-1,2
68475,616373,5.880962,40624.892323,40625.010334,1, 0, 0, 1,3.027630,-8.365653,-17.547754,-1,2
68475,616374,5.900952,40624.912313,40625.030323,1, 0, 0, 1,7.361207,-3.205662,-10.965293,-1,2
68475,616375,5.994472,40625.005833,40625.123844,0, 0, 0, 0,-99.000000,-99.000000,-99.000000,-1,0
68475,616376,6.003409,40625.014769,40625.132780,1, 0, 0, 1,-2.486523,2.233146,-11.560694,-1,2
68475,616377,6.023717,40625.035078,40625.153089,1, 0, 0, 1,7.669926,9.999981,-22.543804,-1,3
68475,616378,6.077570,40625.088930,40625.206941,1, 0, 0, 1,-2.300892,1.227266,11.122434,-1,2
68475,616379,6.135261,40625.146621,40625.264632,0, 0, 0, 0,-99.000000,-99.000000,-99.000000,-1,1
68475,616380,6.176858,40625.188218,40625.306229,1, 0, 0, 1,5.593408,-7.219994,21.497376,-1,2
68475,616381,6.194589,40625.205949,40625.323960,0, 0, 0, 0,-99.000000,-99.000000,-99.000000,-1,0
68475,616382,6.395588,40625.406947,40625.524959,0, 0, 0, 0,-99.000000,-99.000000,-99.000000,-1,0
68475,616383,6.645076,40625.656435,40625.774447,1, 0, 0, 1,0.982055,-2.038015,12.171031,-1,3
68475,616384,6.849032,40625.860391,40625.978403,0, 0, 0, 0,-99.000000,-99.000000,-99.000000,-1,1
68475,616385,6.886813,40625.898171,40626.016184,1, 0, 0, 1,-2.395325,-0.567592,3.505769,-1,2
68475,616386,7.114017,40626.125376,40626.243389,1, 0, 0, 1,-4.619226,3.388181,-3.615094,-1,2
68475,616387,7.432059,40626.443417,40626.561430,0, 0, 0, 0,-99.000000,-99.000000,-99.000000,-1,1
68475,616388,7.550928,40626.562285,40626.680299,0, 0, 0, 0,-99.000000,-99.000000,-99.000000,-1,0
68475,616389,7.601659,40626.613016,40626.731030,0, 0, 0, 0,-99.000000,-99.000000,-99.000000,-1,1
68475,616390,7.859657,40626.871014,40626.989028,1, 0, 0, 1,-5.732829,-0.419073,-8.767768,-1,2
68475,616391,7.903271,40626.914627,40627.032642,0, 0, 0, 0,-99.000000,-99.000000,-99.000000,-1,1
68475,616392,7.906034,40626.917391,40627.035405,0, 0, 0, 0,-99.000000,-99.000000,-99.000000,-1,1
68475,616393,8.318847,40627.330203,40627.448218,0, 0, 0, 0,-99.000000,-99.000000,-99.000000,-1,1
68475,616394,8.346975,40627.358331,40627.476346,1, 0, 0, 1,-3.094973,6.628124,-6.736006,-1,2
68475,616395,8.376337,40627.387693,40627.505708,1, 0, 0, 1,6.999453,-3.902843,-5.269768,-1,2
68475,616396,8.378855,40627.390211,40627.508226,1, 0, 0, 1,1.008857,-1.698805,2.953806,-1,2
68475,616397,8.410030,40627.421386,40627.539401,1, 0, 0, 1,-3.904342,-6.991168,-7.578097,-1,2
68475,616398,8.523198,40627.534553,40627.652569,0, 0, 0, 0,-99.000000,-99.000000,-99.000000,-1,1
68475,616399,8.556970,40627.568326,40627.686341,0, 0, 0, 0,-99.000000,-99.000000,-99.000000,-1,1
68475,616400,8.662283,40627.673638,40627.791654,1, 0, 0, 1,-2.966384,-4.355855,6.610489,-1,2
68475,616401,9.047770,40628.059125,40628.177142,1, 0, 0, 1,-1.025988,3.149040,-0.260158,-1,2
68475,616402,9.388261,40628.399614,40628.517632,0, 0, 0, 0,-99.000000,-99.000000,-99.000000,-1,1
68475,616403,9.479538,40628.490892,40628.608910,1, 0, 0, 1,-2.962950,4.951509,-9.005410,-1,2
68475,616404,9.496910,40628.508264,40628.626282,1, 0, 0, 1,5.257707,-6.820185,-3.448135,-1,2
68475,616405,9.548279,40628.559633,40628.677650,1, 0, 0, 1,3.852316,4.869464,-10.681673,-1,2
68475,616406,9.755571,40628.766925,40628.884943,0, 0, 0, 0,-99.000000,-99.000000,-99.000000,-1,1
68475,616407,9.809657,40628.821010,40628.939028,0, 0, 0, 0,-99.000000,-99.000000,-99.000000,-1,1
68475,616408,9.925749,40628.937101,40629.055120,1, 0, 0, 1,-5.412126,2.474886,-10.301105,-1,2
68475,616409,9.951273,40628.962626,40629.080644,0, 0, 0, 0,-99.000000,-99.000000,-99.000000,-1,1
68475,616410,9.956551,40628.967904,40629.085922,1, 0, 0, 1,5.431220,1.142364,-12.660821,-1,2
68475,616411,10.213810,40629.225163,40629.343182,0, 0, 0, 0,-99.000000,-99.000000,-99.000000,-1,1
68475,616412,10.487896,40629.499248,40629.617267,0, 0, 0, 0,-99.000000,-99.000000,-99.000000,-1,1
68475,616413,10.533700,40629.545052,40629.663072,0, 0, 0, 0,-99.000000,-99.000000,-99.000000,-1,1
68475,616414,10.601528,40629.612879,40629.730899,0, 0, 0, 0,-99.000000,-99.000000,-99.000000,-1,0
68475,616415,10.700720,40629.712072,40629.830092,0, 0, 0, 0,-99.000000,-99.000000,-99.000000,-1,0
68475,616416,10.822696,40629.834047,40629.952067,1, 0, 0, 1,-7.866074,5.424728,-6.128435,-1,2
68475,616417,11.077085,40630.088436,40630.206457,1, 0, 0, 1,2.955415,1.893153,-12.558695,-1,2
68475,616418,11.600675,40630.612025,40630.730047,1, 0, 0, 1,-7.605446,-0.331490,4.533896,-1,3
68475,616419,11.854906,40630.866255,40630.984277,0, 0, 0, 0,-99.000000,-99.000000,-99.000000,-1,1
68475,616420,12.023038,40631.034387,40631.152409,0, 0, 0, 0,-99.000000,-99.000000,-99.000000,-1,1
68475,616421,12.023418,40631.034767,40631.152790,1, 0, 0, 1,-5.836156,1.637504,-17.714611,-1,2
68475,616422,12.438990,40631.450337,40631.568361,0, 0, 0, 0,-99.000000,-99.000000,-99.000000,-1,0
68475,616423,12.619060,40631.630407,40631.748431,1, 0, 0, 1,5.017340,-3.246004,17.683799,-1,2
68475,616424,12.623830,40631.635177,40631.753201,0, 0, 0, 0,-99.000000,-99.000000,-99.000000,-1,1
68475,616425,12.666980,40631.678327,40631.796351,0, 0, 0, 0,-99.000000,-99.000000,-99.000000,-1,0
68475,616426,12.902581,40631.913928,40632.031952,0, 0, 0, 0,-99.000000,-99.000000,-99.000000,-1,0
68475,616427,13.078313,40632.089659,40632.207684,1, 0, 0, 1,4.613875,-3.188393,-16.411269,-1,2
68475,616428,13.098814,40632.110161,40632.228186,0, 0, 0, 0,-99.000000,-99.000000,-99.000000,-1,0
68475,616429,13.179530,40632.190877,40632.308902,1, 0, 0, 1,8.565843,2.211094,11.725150,-1,2
68475,616430,13.214155,40632.225502,40632.343527,0, 0, 0, 0,-99.000000,-99.000000,-99.000000,-1,1
68475,616431,13.320311,40632.331657,40632.449682,1, 0, 0, 1,0.480650,7.323908,-3.779641,-1,2
68475,616432,13.625118,40632.636463,40632.754489,0, 0, 0, 0,-99.000000,-99.000000,-99.000000,-1,1
68475,616433,13.715053,40632.726398,40632.844424,0, 0, 0, 0,-99.000000,-99.000000,-99.000000,-1,0
68475,616434,13.740698,40632.752044,40632.870070,1, 0, 0, 1,4.564870,2.493168,-19.070961,-1,2
68475,616435,13.800608,40632.811953,40632.929979,0, 0, 0, 0,-99.000000,-99.000000,-99.000000,-1,1
68475,616436,13.928236,40632.939581,40633.057607,1, 0, 0, 1,1.041563,-2.226394,7.769743,-1,2
68475,616437,13.938013,40632.949358,40633.067384,1, 0, 0, 1,-4.711891,2.745870,12.249810,-1,2
68475,616438,14.113288,40633.124632,40633.242659,1, 0, 0, 1,-6.026199,-0.640480,-9.814810,-1,2
68475,616439,14.280759,40633.292103,40633.410130,1, 0, 0, 1,1.966587,-11.156152,-2.740094,-1,2
68475,616440,14.305903,40633.317247,40633.435274,1, 0, 0, 1,0.992452,-8.098428,5.833263,-1,2
68475,616441,14.353752,40633.365096,40633.483123,0, 0, 0, 0,-99.000000,-99.000000,-99.000000,-1,1
68475,616442,14.355484,40633.366828,40633.484855,0, 0, 0, 0,-99.000000,-99.000000,-99.000000,-1,1
68475,616443,14.361067,40633.372411,40633.490438,0, 0, 0, 0,-99.000000,-99.000000,-99.000000,-1,0
68475,616444,14.362095,40633.373439,40633.491467,1, 0, 0, 1,-7.432025,5.076492,-6.119952,-1,2
68475,616445,14.713434,40633.724778,40633.842806,0, 0, 0, 0,-99.000000,-99.000000,-99.000000,-1,1
68475,616446,14.858271,40633.869614,40633.987642,0, 0, 0, 0,-99.000000,-99.000000,-99.000000,-1,1
68475,616447,14.868233,40633.879576,40633.997604,1, 0, 0, 1,-0.335421,-9.865787,-2.207100,-1,2
68475,616448,15.006600,40634.017943,40634.135972,1, 0, 0, 1,3.395477,6.600351,-4.400111,-1,2
68475,616449,15.216054,40634.227397,40634.345426,0, 0, 0, 0,-99.000000,-99.000000,-99.000000,-1,0
68475,616450,15.349752,40634.361094,40634.479123,1, 0, 0, 1,-7.137386,1.993090,6.900138,-1,2
68475,616451,15.541908,40634.553249,40634.671279,0, 0, 0, 0,-99.000000,-99.000000,-99.000000,-1,0
68475,616452,15.548904,40634.560245,40634.678275,1, 0, 0, 1,-0.290818,8.796542,-14.510179,-1,2
68475,616453,15.600390,40634.611732,40634.729761,1, 0, 0, 1,3.342845,-4.038787,-16.877775,-1,2
68475,616454,15.826738,40634.838079,40634.956110,1, 0, 0, 1,4.701417,-0.449014,8.539234,-1,2
68475,616455,15.834445,40634.845786,40634.963816,0, 0, 0, 0,-99.000000,-99.000000,-99.000000,-1,0
68475,616456,15.917231,40634.928572,40635.046602,1, 0, 0, 1,-2.184284,4.977707,6.307661,-1,2
68475,616457,15.931191,40634.942532,40635.060563,0, 0, 0, 0,-99.000000,-99.000000,-99.000000,-1,1
68475,616458,15.952036,40634.963377,40635.081407,0, 0, 0, 0,-99.000000,-99.000000,-99.000000,-1,1
68475,616459,16.012348,40635.023689,40635.141720,1, 0, 0, 1,-6.089357,-3.257165,5.160558,-1,2
68475,616460,16.038197,40635.049538,40635.167568,0, 0, 0, 0,-99.000000,-99.000000,-99.000000,-1,1
68475,616461,16.144376,40635.155717,40635.273747,1, 0, 0, 1,7.213236,2.401332,-12.517175,-1,2
68475,616462,16.179316,40635.190656,40635.308687,1, 0, 0, 1,1.089762,2.128110,7.592676,-1,2
68475,616463,16.251595,40635.262935,40635.380966,1, 0, 0, 1,7.696416,0.373744,-4.518995,-1,2
68475,616464,16.280010,40635.291350,40635.409381,1, 0, 0, 1,-2.135915,-2.341494,-7.816141,-1,2
68475,616465,16.316843,40635.328183,40635.446215,0, 0, 0, 0,-99.000000,-99.000000,-99.000000,-1,1
68475,616466,16.695107,40635.706446,40635.824478,1, 0, 0, 1,-1.301497,-2.764462,20.704248,-1,2
68475,616467,16.808616,40635.819955,40635.937988,1, 0, 0, 1,-0.971380,20.437987,4.292036,-1,2
68475,616468,17.038876,40636.050215,40636.168248,1, 0, 0, 1,-5.743430,3.088184,-1.829955,-1,2
68475,616469,17.116195,40636.127533,40636.245566,0, 0, 0, 0,-99.000000,-99.000000,-99.000000,-1,1
68475,616470,17.304613,40636.315951,40636.433984,0, 0, 0, 0,-99.000000,-99.000000,-99.000000,-1,0
68475,616471,17.320058,40636.331396,40636.449429,1, 0, 0, 1,0.089891,5.602771,-11.413044,-1,2
68475,616472,17.496685,40636.508023,40636.626056,1, 0, 0, 1,3.210999,5.653063,-19.849654,-1,2
68475,616473,17.725657,40636.736995,40636.855029,1, 0, 0, 1,7.061656,3.717011,-8.860511,-1,2
68475,616474,17.760427,40636.771764,40636.889798,1, 0, 0, 1,-0.950442,8.030364,-12.429881,-1,2
68475,616475,17.788913,40636.800250,40636.918284,0, 0, 0, 0,-99.000000,-99.000000,-99.000000,-1,1
68475,616476,17.931250,40636.942587,40637.060621,0, 0, 0, 0,-99.000000,-99.000000,-99.000000,-1,0
68475,616477,18.012453,40637.023789,40637.141824,1, 0, 0, 1,-6.159700,17.626317,-12.291471,-1,2
68475,616478,18.256415,40637.267751,40637.385786,1, 0, 0, 1,3.006569,-7.431538,-2.453613,-1,2
68475,616479,18.339916,40637.351252,40637.469287,1, 0, 0, 1,4.321849,1.498262,-18.472268,-1,2
68475,616480,18.343829,40637.355165,40637.473200,0, 0, 0, 0,-99.000000,-99.000000,-99.000000,-1,1
68475,616481,18.548677,40637.560013,40637.678048,0, 0, 0, 0,-99.000000,-99.000000,-99.000000,-1,0
68475,616482,18.572749,40637.584084,40637.702120,1, 0, 0, 1,4.510523,-7.387313,5.985483,-1,2
68475,616483,18.662130,40637.673465,40637.791501,0, 0, 0, 0,-99.000000,-99.000000,-99.000000,-1,1
68475,616484,18.845147,40637.856482,40637.974518,0, 0, 0, 0,-99.000000,-99.000000,-99.000000,-1,0
68475,616485,18.887736,40637.899071,40638.017108,1, 0, 0, 1,-2.372266,-2.816993,-22.742874,-1,2
68475,616486,18.926670,40637.938005,40638.056042,0, 0, 0, 0,-99.000000,-99.000000,-99.000000,-1,1
68475,616487,18.979468,40637.990803,40638.108840,1, 0, 0, 1,7.338871,0.917976,-4.018445,-1,2
68475,616488,19.085336,40638.096671,40638.214707,0, 0, 0, 0,-99.000000,-99.000000,-99.000000,-1,1
68475,616489,19.282035,40638.293369,40638.411406,1, 0, 0, 1,-3.483914,5.988518,6.565021,-1,2
68475,616490,19.525998,40638.537332,40638.655369,1, 0, 0, 1,-4.494782,6.030124,-13.659812,-1,2
68475,616491,19.700539,40638.711872,40638.829910,1, 0, 0, 1,-0.524387,3.071750,7.109746,-1,2
68475,616492,20.029922,40639.041254,40639.159293,0, 0, 0, 0,-99.000000,-99.000000,-99.000000,-1,0
68475,616493,20.186086,40639.197418,40639.315457,1, 0, 0, 1,-7.453854,-1.818581,-12.235288,-1,2
68475,616494,20.240111,40639.251444,40639.369482,0, 0, 0, 0,-99.000000,-99.000000,-99.000000,-1,1
68475,616495,20.483998,40639.495329,40639.613369,0, 0, 0, 0,-99.000000,-99.000000,-99.000000,-1,0
68475,616496,20.507611,40639.518942,40639.636982,0, 0, 0, 0,-99.000000,-99.000000,-99.000000,-1,1
68475,616497,20.614281,40639.625613,40639.743652,1, 0, 0, 1,-0.527447,-2.999492,0.460035,-1,2
68475,616498,20.702286,40639.713617,40639.831657,0, 0, 0, 0,-99.000000,-99.000000,-99.000000,-1,1
68475,616499,20.727900,40639.739231,40639.857271,1, 0, 0, 1,-3.804022,-6.090425,13.574214,-1,2
68475,616500,20.772358,40639.783689,40639.901729,1, 0, 0, 1,-2.093682,-0.656818,5.922931,-1,2
68475,616501,20.933498,40639.944829,40640.062870,1, 0, 0, 1,-8.122480,4.379983,-9.864952,-1,2
68475,616502,20.967616,40639.978947,40640.096988,1, 0, 0, 1,-2.128753,2.961051,-18.043330,-1,2
68475,616503,21.047842,40640.059172,40640.177213,1, 0, 0, 1,4.576067,-1.174788,4.296137,-1,4
68475,616504,21.241433,40640.252763,40640.370804,1, 0, 0, 1,7.812211,-0.994519,0.137209,-1,2
68475,616505,21.286783,40640.298113,40640.416154,0, 0, 0, 0,-99.000000,-99.000000,-99.000000,-1,1
68475,616506,21.332078,40640.343408,40640.461449,1, 0, 0, 1,-6.038433,5.126902,19.795565,-1,2
68475,616507,21.354627,40640.365957,40640.483998,0, 0, 0, 0,-99.000000,-99.000000,-99.000000,-1,1
68475,616508,21.711692,40640.723021,40640.841063,1, 0, 0, 1,0.436248,3.609584,1.742154,-1,2
68475,616509,21.718802,40640.730131,40640.848173,1, 0, 0, 1,-3.303968,4.240475,10.768146,-1,2
68475,616510,21.770719,40640.782048,40640.900090,1, 0, 0, 1,2.620900,-2.641915,17.987191,-1,2
68475,616511,21.790050,40640.801379,40640.919421,0, 0, 0, 0,-99.000000,-99.000000,-99.000000,-1,1
68475,616512,21.846704,40640.858033,40640.976075,1, 0, 0, 1,-5.435251,-7.450204,-14.049467,-1,2
68475,616513,21.897011,40640.908341,40641.026383,1, 0, 0, 1,1.546681,2.029392,-18.837605,-1,2
68475,616514,22.213143,40641.224471,40641.342514,1, 0, 0, 1,-6.446348,4.048073,-8.232133,-1,2
68475,616515,22.349114,40641.360442,40641.478485,1, 0, 0, 1,5.106673,2.284766,9.850190,-1,2
68475,616516,22.393103,40641.404431,40641.522474,1, 0, 0, 1,1.871603,5.023434,5.932483,-1,2
68475,616517,22.692951,40641.704278,40641.822322,1, 0, 0, 1,-3.602594,-3.236661,-18.922920,-1,2
68475,616518,22.695060,40641.706387,40641.824431,1, 0, 0, 1,-4.464825,1.964282,-12.507603,-1,2
68475,616519,22.706502,40641.717829,40641.835873,1, 0, 0, 1,-13.457416,-3.427489,-17.020391,-1,2
68475,616520,22.864465,40641.875792,40641.993836,0, 0, 0, 0,-99.000000,-99.000000,-99.000000,-1,0
68475,616521,23.046605,40642.057932,40642.175977,0, 0, 0, 0,-99.000000,-99.000000,-99.000000,-1,1
68475,616522,23.100665,40642.111992,40642.230036,0, 0, 0, 0,-99.000000,-99.000000,-99.000000,-1,0
68475,616523,23.180492,40642.191819,40642.309863,0, 0, 0, 0,-99.000000,-99.000000,-99.000000,-1,1
68475,616524,23.189420,40642.200747,40642.318792,0, 0, 0, 0,-99.000000,-99.000000,-99.000000,-1,1
68475,616525,23.205354,40642.216681,40642.334726,1, 0, 0, 1,2.156439,-4.017890,18.692465,-1,2
68475,616526,23.283649,40642.294975,40642.413020,1, 0, 0, 1,6.972962,-0.959390,-8.079347,-1,2
68475,616527,23.715481,40642.726807,40642.844853,0, 0, 0, 0,-99.000000,-99.000000,-99.000000,-1,0
68475,616528,23.742452,40642.753777,40642.871823,1, 0, 0, 1,5.075619,-7.828300,-11.296820,-1,2
68475,616529,23.955715,40642.967040,40643.085086,1, 0, 0, 1,-5.392455,4.821983,-6.034803,-1,2
68475,616530,24.288881,40643.300205,40643.418252,0, 0, 0, 0,-99.000000,-99.000000,-99.000000,-1,1
68475,616531,24.536783,40643.548107,40643.666155,0, 0, 0, 0,-99.000000,-99.000000,-99.000000,-1,0
68475,616532,24.562303,40643.573626,40643.691674,1, 0, 0, 1,-7.702428,2.921852,2.318315,-1,2
68475,616533,24.649900,40643.661224,40643.779272,1, 0, 0, 1,6.601223,1.728188,-0.443451,-1,2
68475,616534,24.733773,40643.745097,40643.863145,0, 0, 0, 0,-99.000000,-99.000000,-99.000000,-1,1
68475,616535,24.971721,40643.983044,40644.101093,0, 0, 0, 0,-99.000000,-99.000000,-99.000000,-1,1
68475,616536,25.281451,40644.292774,40644.410823,1, 0, 0, 1,-2.049295,-4.470699,11.219643,-1,2
68475,616537,25.370755,40644.382077,40644.500126,1, 0, 0, 1,-0.142160,8.640204,-14.751785,-1,2
68475,616538,25.623665,40644.634987,40644.753036,0, 0, 0, 0,-99.000000,-99.000000,-99.000000,-1,1
68475,616539,25.666412,40644.677733,40644.795783,0, 0, 0, 0,-99.000000,-99.000000,-99.000000,-1,1
68475,616540,25.675965,40644.687286,40644.805336,1, 0, 0, 1,-3.803579,-8.230358,-13.225423,-1,2
68475,616541,25.915329,40644.926650,40645.044700,1, 0, 0, 1,5.006874,-4.987903,2.764947,-1,2
68475,616542,26.054552,40645.065873,40645.183924,0, 0, 0, 0,-99.000000,-99.000000,-99.000000,-1,0
68475,616543,26.075943,40645.087264,40645.205315,1, 0, 0, 1,-3.450258,2.009622,-9.844256,-1,2
68475,616544,26.088835,40645.100155,40645.218206,1, 0, 0, 1,-5.187184,3.642617,0.408427,-1,2
68475,616545,26.304821,40645.316141,40645.434192,0, 0, 0, 0,-99.000000,-99.000000,-99.000000,-1,0
68475,616546,26.408500,40645.419820,40645.537871,0, 0, 0, 0,-99.000000,-99.000000,-99.000000,-1,1
68475,616547,26.609657,40645.620976,40645.739028,1, 0, 0, 1,2.182935,7.459260,10.415667,-1,2
68475,616548,26.694633,40645.705952,40645.824004,0, 0, 0, 0,-99.000000,-99.000000,-99.000000,-1,0
68475,616549,26.924685,40645.936004,40646.054056,1, 0, 0, 1,1.187399,-2.709424,-3.641781,-1,2
68475,616550,26.944384,40645.955703,40646.073756,1, 0, 0, 1,-5.291280,2.994651,3.892216,-1,2
68475,616551,27.010226,40646.021545,40646.139597,0, 0, 0, 0,-99.000000,-99.000000,-99.000000,-1,1
68475,616552,27.074811,40646.086130,40646.204182,0, 0, 0, 0,-99.000000,-99.000000,-99.000000,-1,1
68475,616553,27.149089,40646.160407,40646.278460,1, 0, 0, 1,-5.186187,3.789864,-1.763406,-1,2
68475,616554,27.204415,40646.215733,40646.333786,1, 0, 0, 1,3.599672,2.173850,12.140638,-1,2
68475,616555,27.216564,40646.227883,40646.345936,0, 0, 0, 0,-99.000000,-99.000000,-99.000000,-1,0
68475,616556,27.331580,40646.342898,40646.460951,1, 0, 0, 1,5.514301,-0.022354,-4.612565,-1,2
68475,616557,27.549746,40646.561064,40646.679117,0, 0, 0, 0,-99.000000,-99.000000,-99.000000,-1,1
68475,616558,27.731823,40646.743141,40646.861195,0, 0, 0, 0,-99.000000,-99.000000,-99.000000,-1,1
68475,616559,27.951974,40646.963291,40647.081345,0, 0, 0, 0,-99.000000,-99.000000,-99.000000,-1,1
68475,616560,27.989506,40647.000823,40647.118877,1, 0, 0, 1,3.765260,-6.208239,-17.122047,-1,2
68475,616561,28.212109,40647.223425,40647.341480,1, 0, 0, 1,-1.150663,4.254328,-3.564962,-1,2
68475,616562,28.427715,40647.439031,40647.557087,0, 0, 0, 0,-99.000000,-99.000000,-99.000000,-1,1
68475,616563,28.435076,40647.446392,40647.564447,0, 0, 0, 0,-99.000000,-99.000000,-99.000000,-1,0
68475,616564,28.442665,40647.453981,40647.572036,1, 0, 0, 1,-4.178639,2.772527,-6.665360,-1,2
68475,616565,28.624923,40647.636238,40647.754294,1, 0, 0, 1,-1.505901,0.758921,-0.149972,-1,2
68475,616566,28.656092,40647.667408,40647.785464,1, 1, 1, 1,-1.106368,-0.108097,21.976314,-1,3
68475,616567,28.751885,40647.763200,40647.881256,0, 0, 0, 0,-99.000000,-99.000000,-99.000000,-1,1
68475,616568,28.765137,40647.776453,40647.894509,0, 0, 0, 0,-99.000000,-99.000000,-99.000000,-1,1
68475,616569,28.902761,40647.914076,40648.032132,1, 0, 0, 1,5.313173,0.360721,9.025326,-1,2
68475,616570,29.014954,40648.026268,40648.144325,1, 0, 0, 1,3.940583,-4.326659,10.883202,-1,2
68475,616571,29.137360,40648.148675,40648.266731,1, 0, 0, 1,-3.871544,7.199278,7.286693,-1,7
68475,616572,29.197176,40648.208490,40648.326547,0, 0, 0, 0,-99.000000,-99.000000,-99.000000,-1,1
68475,616573,29.269456,40648.280771,40648.398828,0, 0, 0, 0,-99.000000,-99.000000,-99.000000,-1,1
68475,616574,29.339303,40648.350617,40648.468674,0, 0, 0, 0,-99.000000,-99.000000,-99.000000,-1,1
68475,616575,29.348879,40648.360193,40648.478250,1, 0, 0, 1,4.613333,-1.791181,-15.647090,-1,2
68475,616576,29.399488,40648.410802,40648.528859,1, 0, 0, 1,-7.294459,-1.498022,12.765781,-1,2
68475,616577,29.442396,40648.453710,40648.571767,1, 0, 0, 1,5.466874,-3.969565,-2.765301,-1,2
68475,616578,29.525810,40648.537124,40648.655181,0, 0, 0, 0,-99.000000,-99.000000,-99.000000,-1,1
68475,616579,29.595223,40648.606537,40648.724594,1, 0, 0, 1,0.047997,-1.867596,-5.677919,-1,2
68475,616580,29.745315,40648.756628,40648.874686,1, 0, 0, 1,-3.625329,-2.143647,-3.923521,-1,2
68475,616581,29.792474,40648.803787,40648.921845,1, 0, 0, 1,7.606295,-1.306846,10.675026,-1,2
68475,616582,29.803353,40648.814666,40648.932724,0, 0, 0, 0,-99.000000,-99.000000,-99.000000,-1,1
68475,616583,30.058872,40649.070184,40649.188243,1, 0, 0, 1,2.021516,6.128591,4.377207,-1,2
68475,616584,30.114871,40649.126183,40649.244242,1, 0, 0, 1,-2.296664,4.192876,14.868577,-1,2
68475,616585,30.328526,40649.339839,40649.457898,0, 0, 0, 0,-99.000000,-99.000000,-99.000000,-1,0
68475,616586,30.464919,40649.476231,40649.594290,0, 0, 0, 0,-99.000000,-99.000000,-99.000000,-1,1
68475,616587,30.518884,40649.530196,40649.648255,1, 0, 0, 1,3.142651,2.523105,-11.202340,-1,3
68475,616588,30.520696,40649.532008,40649.650067,1, 0, 0, 1,6.333129,-1.262173,-12.766711,-1,2
68475,616589,30.639411,40649.650723,40649.768783,1, 0, 0, 1,7.330485,-0.510051,9.431212,-1,2
68475,616590,30.771048,40649.782359,40649.900419,0, 0, 0, 0,-99.000000,-99.000000,-99.000000,-1,1
68475,616591,31.016817,40650.028128,40650.146188,0, 0, 0, 0,-99.000000,-99.000000,-99.000000,-1,1
68475,616592,31.203298,40650.214609,40650.332669,1, 0, 0, 1,6.697570,0.403526,2.369388,-1,2
68475,616593,31.257952,40650.269263,40650.387324,1, 0, 0, 1,-0.577776,1.308837,-10.722875,-1,2
68475,616594,31.284555,40650.295866,40650.413927,1, 0, 0, 1,-2.440548,-7.834591,-6.748332,-1,2
68475,616595,31.351042,40650.362353,40650.480414,1, 0, 0, 1,-3.246413,0.125576,17.347283,-1,2
68475,616596,31.385835,40650.397145,40650.515206,0, 0, 0, 0,-99.000000,-99.000000,-99.000000,-1,1
68475,616597,31.530960,40650.542269,40650.660331,1, 0, 0, 1,-1.557202,-0.200590,-11.514231,-1,2
68475,616598,31.613522,40650.624831,40650.742893,1, 0, 0, 1,-3.069185,3.808940,13.583093,-1,2
68475,616599,31.912314,40650.923623,40651.041685,0, 0, 0, 0,-99.000000,-99.000000,-99.000000,-1,0
68475,616600,32.071490,40651.082799,40651.200861,0, 0, 0, 0,-99.000000,-99.000000,-99.000000,-1,1
68475,616601,32.173812,40651.185120,40651.303183,1, 0, 0, 1,-8.582287,2.385941,-14.786266,-1,2
68475,616602,32.176261,40651.187569,40651.305632,1, 0, 0, 1,-6.076499,2.034655,-7.699623,-1,2
68475,616603,32.270055,40651.281363,40651.399426,0, 0, 0, 0,-99.000000,-99.000000,-99.000000,-1,0
68475,616604,32.345322,40651.356631,40651.474694,1, 0, 0, 1,-0.956163,4.021603,8.754375,-1,2
68475,616605,32.386556,40651.397864,40651.515928,1, 0, 0, 1,-7.561583,6.078262,2.113290,-1,2
68475,616606,32.410936,40651.422244,40651.540308,0, 0, 0, 0,-99.000000,-99.000000,-99.000000,-1,0
68475,616607,32.728813,40651.740120,40651.858184,1, 0, 0, 1,-3.193471,6.306385,14.543504,-1,2
68475,616608,32.919818,40651.931125,40652.049189,1, 0, 0, 1,1.031970,-0.178108,-2.252211,-1,2
68475,616609,32.967305,40651.978612,40652.096676,0, 0, 0, 0,-99.000000,-99.000000,-99.000000,-1,0
68475,616610,32.984338,40651.995645,40652.113710,1, 0, 0, 1,-5.968476,9.210844,8.655736,-1,2
68475,616611,33.176358,40652.187665,40652.305729,1, 0, 0, 1,-1.445304,-7.640938,4.696616,-1,2
68475,616612,33.197836,40652.209142,40652.327207,1, 0, 0, 1,-6.412042,-0.009732,-2.923934,-1,2
68475,616613,33.300960,40652.312266,40652.430331,0, 0, 0, 0,-99.000000,-99.000000,-99.000000,-1,0
68475,616614,33.842820,40652.854125,40652.972191,1, 0, 0, 1,6.721941,-3.233210,11.575003,-1,2
68475,616615,33.890682,40652.901987,40653.020053,1, 0, 0, 1,-2.516433,-4.007565,-14.339844,-1,2
68475,616616,34.155646,40653.166950,40653.285017,1, 0, 0, 1,5.153972,-5.543237,-17.198188,-1,2
68475,616617,34.690030,40653.701334,40653.819401,0, 0, 0, 0,-99.000000,-99.000000,-99.000000,-1,0
68475,616618,34.751189,40653.762493,40653.880560,0, 0, 0, 0,-99.000000,-99.000000,-99.000000,-1,1
68475,616619,34.852540,40653.863843,40653.981911,0, 0, 0, 0,-99.000000,-99.000000,-99.000000,-1,1
68475,616620,34.888084,40653.899387,40654.017455,1, 0, 0, 1,-0.729811,-4.629773,-13.728641,-1,2
68475,616621,35.102072,40654.113374,40654.231443,1, 0, 0, 1,-2.241974,-1.576336,14.669174,-1,2
68475,616622,35.155433,40654.166735,40654.284804,1, 0, 0, 1,2.558048,-1.994250,-12.246622,-1,2
68475,616623,35.232251,40654.243554,40654.361623,1, 0, 0, 1,2.537808,-1.031963,-11.460072,-1,2
68475,616624,35.242201,40654.253504,40654.371573,1, 0, 0, 1,4.417315,11.494579,12.641678,-1,2
68475,616625,35.468361,40654.479663,40654.597732,1, 0, 0, 1,2.142766,2.733268,-20.673169,-1,2
68475,616626,35.471253,40654.482555,40654.600624,1, 0, 0, 1,-5.976636,-0.243630,19.604508,-1,2
68475,616627,35.545666,40654.556968,40654.675037,1, 0, 0, 1,-0.003159,-0.972704,10.063447,-1,2
68475,616628,35.619590,40654.630891,40654.748961,1, 0, 0, 1,-10.243194,1.908237,-0.478717,-1,2
68475,616629,35.636468,40654.647769,40654.765839,0, 0, 0, 0,-99.000000,-99.000000,-99.000000,-1,1
68475,616630,35.637019,40654.648320,40654.766390,1, 0, 0, 1,-0.950883,6.085411,21.749752,-1,2
68475,616631,35.654906,40654.666207,40654.784277,0, 0, 0, 0,-99.000000,-99.000000,-99.000000,-1,0
68475,616632,35.700902,40654.712204,40654.830273,1, 0, 0, 1,-4.648217,-6.034754,8.552036,-1,2
68475,616633,35.720876,40654.732177,40654.850247,1, 0, 0, 1,-7.016281,-1.189975,-2.409204,-1,2
68475,616634,35.724441,40654.735742,40654.853812,1, 0, 0, 1,-5.281530,5.213499,-17.580366,-1,2
68475,616635,36.101635,40655.112935,40655.231006,0, 0, 0, 0,-99.000000,-99.000000,-99.000000,-1,1
68475,616636,36.413914,40655.425214,40655.543285,0, 0, 0, 0,-99.000000,-99.000000,-99.000000,-1,0
68475,616637,36.545153,40655.556452,40655.674524,1, 0, 0, 1,2.405845,3.608595,12.637347,-1,2
68475,616638,36.591731,40655.603030,40655.721102,1, 0, 0, 1,-6.109536,1.540601,-18.564253,-1,2
68475,616639,36.661834,40655.673134,40655.791205,0, 0, 0, 0,-99.000000,-99.000000,-99.000000,-1,1
68475,616640,36.724333,40655.735632,40655.853704,1, 0, 0, 1,4.721064,-1.126529,-2.836555,-1,2
68475,616641,36.820804,40655.832104,40655.950176,1, 0, 0, 1,-3.691147,9.907092,6.764529,-1,6
68475,616642,36.840639,40655.851939,40655.970011,1, 0, 0, 1,-7.575777,1.052117,-17.299685,-1,2
68475,616643,37.201320,40656.212619,40656.330692,1, 0, 0, 1,-2.554668,-1.311443,5.667863,-1,2
68475,616644,37.261661,40656.272959,40656.391032,0, 0, 0, 0,-99.000000,-99.000000,-99.000000,-1,0
68475,616645,37.271199,40656.282497,40656.400570,0, 0, 0, 0,-99.000000,-99.000000,-99.000000,-1,1
68475,616646,37.335926,40656.347224,40656.465297,0, 0, 0, 0,-99.000000,-99.000000,-99.000000,-1,1
68475,616647,37.375353,40656.386651,40656.504724,1, 0, 0, 1,-0.747000,8.043821,22.772574,-1,2
68475,616648,37.447817,40656.459116,40656.577189,1, 0, 0, 1,8.325456,3.589009,13.787896,-1,2
68475,616649,37.483179,40656.494477,40656.612550,1, 0, 0, 1,6.771991,-2.143133,19.560881,-1,2
68475,616650,37.603879,40656.615176,40656.733250,1, 0, 0, 1,-3.688162,6.185839,-13.649846,-1,2
68475,616651,37.740346,40656.751644,40656.869718,1, 0, 0, 1,-3.799366,5.352153,9.630496,-1,2
68475,616652,37.888913,40656.900210,40657.018284,1, 0, 0, 1,-3.466613,6.634778,-11.976956,-1,2
68475,616653,37.905825,40656.917122,40657.035197,0, 0, 0, 0,-99.000000,-99.000000,-99.000000,-1,0
68475,616654,37.969542,40656.980839,40657.098913,0, 0, 0, 0,-99.000000,-99.000000,-99.000000,-1,1
68475,616655,37.989136,40657.000433,40657.118508,1, 0, 0, 1,-5.766715,-0.160350,-7.278518,-1,2
68475,616656,37.990239,40657.001536,40657.119610,1, 0, 0, 1,0.358209,5.621202,-10.810451,-1,2
68475,616657,38.013096,40657.024393,40657.142468,1, 0, 0, 1,1.890520,6.533753,-4.030588,-1,2
68475,616658,38.034596,40657.045893,40657.163967,0, 0, 0, 0,-99.000000,-99.000000,-99.000000,-1,1
68475,616659,38.113437,40657.124733,40657.242808,1, 0, 0, 1,-5.263064,-6.582341,11.820360,-1,2
68475,616660,38.170830,40657.182127,40657.300201,1, 0, 0, 1,2.915354,1.644365,-13.481756,-1,2
68475,616661,38.232968,40657.244264,40657.362339,1, 0, 0, 1,8.321951,-0.021738,-22.328999,-1,2
68475,616662,38.507107,40657.518403,40657.636479,1, 0, 0, 1,2.101113,3.022760,-11.734858,-1,2
68475,616663,38.838686,40657.849982,40657.968058,1, 0, 0, 1,-6.315179,2.539691,17.905581,-1,2
68475,616664,38.944130,40657.955425,40658.073502,1, 0, 0, 1,-6.527360,1.962443,15.686954,-1,2
68475,616665,39.194481,40658.205776,40658.323853,0, 0, 0, 0,-99.000000,-99.000000,-99.000000,-1,1
68475,616666,39.515535,40658.526829,40658.644906,1, 0, 0, 1,0.274504,3.275758,-15.847683,-1,2
68475,616667,39.602450,40658.613744,40658.731821,0, 0, 0, 0,-99.000000,-99.000000,-99.000000,-1,1
68475,616668,39.604823,40658.616117,40658.734195,1, 0, 0, 1,-8.781304,0.253823,-6.743064,-1,2
68475,616669,39.669288,40658.680581,40658.798659,1, 0, 0, 1,-8.212587,5.565353,-8.878905,-1,2
68475,616670,39.922303,40658.933597,40659.051675,1, 0, 0, 1,1.297829,5.718336,3.370550,-1,2
68475,616671,40.070565,40659.081858,40659.199936,0, 0, 0, 0,-99.000000,-99.000000,-99.000000,-1,1
68475,616672,40.131167,40659.142460,40659.260539,0, 0, 0, 0,-99.000000,-99.000000,-99.000000,-1,1
68475,616673,40.276329,40659.287622,40659.405701,1, 0, 0, 1,-7.384377,-5.228717,-7.745776,-1,2
68475,616674,40.360261,40659.371553,40659.489632,0, 0, 0, 0,-99.000000,-99.000000,-99.000000,-1,1
68475,616675,40.385677,40659.396969,40659.515048,1, 0, 0, 1,4.853007,2.662636,-9.063485,-1,2
68475,616676,40.481558,40659.492850,40659.610930,0, 0, 0, 0,-99.000000,-99.000000,-99.000000,-1,1
68475,616677,40.589922,40659.601214,40659.719293,1, 0, 0, 1,2.513525,1.390233,-2.175229,-1,2
68475,616678,40.835397,40659.846688,40659.964768,1, 0, 0, 1,6.757468,-0.841930,-1.511280,-1,2
68475,616679,40.845100,40659.856392,40659.974472,1, 0, 0, 1,-3.269101,3.165814,1.673127,-1,2
68475,616680,40.860513,40659.871804,40659.989884,1, 0, 0, 1,5.783444,-4.397728,14.469866,-1,2
68475,616681,41.107566,40660.118857,40660.236937,1, 0, 0, 1,-0.990881,9.999981,-20.628490,-1,3
68475,616682,41.196793,40660.208084,40660.326164,0, 0, 0, 0,-99.000000,-99.000000,-99.000000,-1,1
68475,616683,41.263243,40660.274534,40660.392614,1, 0, 0, 1,-0.164473,-5.139456,13.525424,-1,2
68475,616684,41.397826,40660.409117,40660.527198,0, 0, 0, 0,-99.000000,-99.000000,-99.000000,-1,1
68475,616685,41.450402,40660.461692,40660.579773,1, 0, 0, 1,-8.166653,4.209352,5.301991,-1,3
68475,616686,41.522807,40660.534097,40660.652178,1, 0, 0, 1,0.239289,-6.791533,-7.099955,-1,7
68475,616687,41.524676,40660.535966,40660.654047,1, 0, 0, 1,3.074842,-2.314093,4.633696,-1,2
68475,616688,41.632081,40660.643371,40660.761452,1, 0, 0, 1,3.352807,-6.043667,1.883328,-1,2
68475,616689,41.940800,40660.952089,40661.070171,1, 0, 0, 1,-4.113056,-1.831777,10.837001,-1,2
68475,616690,42.049595,40661.060884,40661.178966,0, 0, 0, 0,-99.000000,-99.000000,-99.000000,-1,1
68475,616691,42.077447,40661.088736,40661.206818,0, 0, 0, 0,-99.000000,-99.000000,-99.000000,-1,1
68475,616692,42.240665,40661.251954,40661.370036,1, 0, 0, 1,-6.017904,-4.078352,22.351602,-1,3
68475,616693,42.540983,40661.552271,40661.670354,1, 0, 0, 1,2.296330,-5.104870,0.648392,-1,2
68475,616694,42.575791,40661.587079,40661.705163,0, 0, 0, 0,-99.000000,-99.000000,-99.000000,-1,1
68475,616695,42.579934,40661.591222,40661.709306,1, 0, 0, 1,1.076108,9.070342,10.065323,-1,2
68475,616696,42.580994,40661.592281,40661.710365,0, 0, 0, 0,-99.000000,-99.000000,-99.000000,-1,1
68475,616697,42.627964,40661.639252,40661.757335,1, 0, 0, 1,-1.246407,-9.223480,-3.535637,-1,2
68475,616698,42.755072,40661.766359,40661.884443,1, 0, 0, 1,1.243080,8.771944,-4.981329,-1,2
68475,616699,42.770626,40661.781913,40661.899997,1, 0, 0, 1,6.017318,6.406210,18.693107,-1,2
68475,616700,42.846601,40661.857888,40661.975972,1, 0, 0, 1,3.033605,1.033459,1.552041,-1,2
68475,616701,42.948467,40661.959754,40662.077838,0, 0, 0, 0,-99.000000,-99.000000,-99.000000,-1,1
68475,616702,43.100245,40662.111532,40662.229617,0, 0, 0, 0,-99.000000,-99.000000,-99.000000,-1,1
68475,616703,43.187669,40662.198955,40662.317040,1, 0, 0, 1,3.485970,0.701776,1.091568,-1,2
68475,616704,43.269249,40662.280535,40662.398620,0, 0, 0, 0,-99.000000,-99.000000,-99.000000,-1,1
68475,616705,43.653311,40662.664597,40662.782682,1, 0, 0, 1,0.438667,-0.845593,5.643198,-1,2
68475,616706,43.744855,40662.756140,40662.874226,0, 0, 0, 0,-99.000000,-99.000000,-99.000000,-1,1
68475,616707,43.756080,40662.767365,40662.885451,0, 0, 0, 0,-99.000000,-99.000000,-99.000000,-1,1
68475,616708,43.814352,40662.825637,40662.943723,1, 0, 0, 1,5.296206,3.067881,0.900702,-1,2
68475,616709,44.116071,40663.127356,40663.245443,1, 0, 0, 1,-9.720184,-5.447571,-15.267735,-1,2
68475,616710,44.204382,40663.215666,40663.333753,1, 0, 0, 1,3.185145,-4.151171,-10.084762,-1,2
68475,616711,44.598516,40663.609800,40663.727887,1, 0, 0, 1,8.215409,-0.571010,18.263545,-1,2
68475,616712,44.749859,40663.761142,40663.879230,0, 0, 0, 0,-99.000000,-99.000000,-99.000000,-1,1
68475,616713,44.770822,40663.782106,40663.900194,1, 0, 0, 1,2.645413,-3.862927,12.575210,-1,2
68475,616714,44.880571,40663.891854,40664.009942,1, 0, 0, 1,2.800522,4.672349,-1.618269,-1,2
68475,616715,45.111533,40664.122816,40664.240904,1, 0, 0, 1,-2.315619,-5.717272,21.688518,-1,2
68475,616716,45.523247,40664.534529,40664.652619,1, 0, 0, 1,-5.654841,7.046466,-2.922150,-1,2
68475,616717,45.625058,40664.636340,40664.754430,1, 0, 0, 1,-4.060874,17.636134,-10.754371,-1,2
68475,616718,45.658486,40664.669767,40664.787857,0, 0, 0, 0,-99.000000,-99.000000,-99.000000,-1,0
68475,616719,45.722521,40664.733803,40664.851893,0, 0, 0, 0,-99.000000,-99.000000,-99.000000,-1,1
68475,616720,45.803933,40664.815215,40664.933304,1, 0, 0, 1,0.061718,-1.780857,-4.291111,-1,2
68475,616721,45.859748,40664.871029,40664.989119,1, 0, 0, 1,3.589259,-3.039809,21.405136,-1,2
68475,616722,46.033644,40665.044924,40665.163015,1, 0, 0, 1,0.966093,-4.961949,14.922399,-1,2
68475,616723,46.103339,40665.114619,40665.232710,0, 0, 0, 0,-99.000000,-99.000000,-99.000000,-1,1
68475,616724,46.185602,40665.196883,40665.314973,0, 0, 0, 0,-99.000000,-99.000000,-99.000000,-1,0
68475,616725,46.259726,40665.271007,40665.389098,0, 0, 0, 0,-99.000000,-99.000000,-99.000000,-1,1
68475,616726,46.303416,40665.314696,40665.432787,0, 0, 0, 0,-99.000000,-99.000000,-99.000000,-1,1
68475,616727,46.374736,40665.386016,40665.504107,0, 0, 0, 0,-99.000000,-99.000000,-99.000000,-1,1
68475,616728,46.432953,40665.444233,40665.562324,1, 0, 0, 1,-8.265353,1.395298,-10.088456,-1,2
68475,616729,46.440393,40665.451673,40665.569764,0, 0, 0, 0,-99.000000,-99.000000,-99.000000,-1,0
68475,616730,46.589383,40665.600663,40665.718755,1, 0, 0, 1,-4.723471,-2.921610,-18.446512,-1,2
68475,616731,46.876774,40665.888053,40666.006145,1, 0, 0, 1,-0.075595,4.130030,-8.786701,-1,2
68475,616732,46.882608,40665.893888,40666.011980,1, 0, 0, 1,6.687778,-7.455097,-4.577208,-1,2
68475,616733,46.975085,40665.986364,40666.104456,0, 0, 0, 0,-99.000000,-99.000000,-99.000000,-1,0
68475,616734,47.038135,40666.049414,40666.167506,0, 0, 0, 0,-99.000000,-99.000000,-99.000000,-1,1
68475,616735,47.325226,40666.336505,40666.454598,1, 0, 0, 1,2.149357,2.384665,-19.026191,-1,2
68475,616736,47.382898,40666.394177,40666.512270,1, 0, 0, 1,-3.067051,-1.727890,17.978802,-1,2
68475,616737,47.383659,40666.394937,40666.513030,1, 0, 0, 1,4.603280,5.975240,-10.058529,-1,2
68475,616738,47.395975,40666.407253,40666.525346,0, 0, 0, 0,-99.000000,-99.000000,-99.000000,-1,0
68475,616739,47.558214,40666.569492,40666.687585,0, 0, 0, 0,-99.000000,-99.000000,-99.000000,-1,1
68475,616740,47.629731,40666.641009,40666.759103,1, 0, 0, 1,3.452666,4.700390,5.699784,-1,2
68475,616741,47.696514,40666.707791,40666.825885,0, 0, 0, 0,-99.000000,-99.000000,-99.000000,-1,1
68475,616742,48.027315,40667.038592,40667.156686,1, 0, 0, 1,1.973638,-1.768881,0.534726,-1,2
68475,616743,48.115389,40667.126665,40667.244760,1, 0, 0, 1,3.982840,10.955479,-12.298437,-1,2
68475,616744,48.317397,40667.328673,40667.446768,0, 0, 0, 0,-99.000000,-99.000000,-99.000000,-1,1
68475,616745,48.331625,40667.342901,40667.460996,0, 0, 0, 0,-99.000000,-99.000000,-99.000000,-1,0
68475,616746,48.448479,40667.459755,40667.577850,1, 0, 0, 1,-5.147694,0.429638,17.351346,-1,2
68475,616747,48.505747,40667.517023,40667.635119,0, 0, 0, 0,-99.000000,-99.000000,-99.000000,-1,0
68475,616748,48.524422,40667.535698,40667.653793,1, 0, 0, 1,1.110461,-1.182764,4.723623,-1,2
68475,616749,48.559590,40667.570866,40667.688961,0, 0, 0, 0,-99.000000,-99.000000,-99.000000,-1,1
68475,616750,48.701389,40667.712665,40667.830760,1, 0, 0, 1,-6.248564,-6.099084,14.658977,-1,2
68475,616751,48.775741,40667.787017,40667.905113,1, 0, 0, 1,-7.578742,4.016642,12.565366,-1,2
68475,616752,48.956237,40667.967512,40668.085608,0, 0, 0, 0,-99.000000,-99.000000,-99.000000,-1,1
68475,616753,49.101834,40668.113109,40668.231206,1, 0, 0, 1,-7.565860,0.934278,-18.199387,-1,2
68475,616754,49.106128,40668.117403,40668.235499,0, 0, 0, 0,-99.000000,-99.000000,-99.000000,-1,1
68475,616755,49.315312,40668.326586,40668.444683,0, 0, 0, 0,-99.000000,-99.000000,-99.000000,-1,0
68475,616756,49.319761,40668.331035,40668.449132,1, 0, 0, 1,0.525818,-6.268338,15.287612,-1,2
68475,616757,49.335085,40668.346359,40668.464456,0, 0, 0, 0,-99.000000,-99.000000,-99.000000,-1,1
68475,616758,49.372943,40668.384217,40668.502314,0, 0, 0, 0,-99.000000,-99.000000,-99.000000,-1,1
68475,616759,49.472498,40668.483772,40668.601869,0, 0, 0, 0,-99.000000,-99.000000,-99.000000,-1,1
68475,616760,49.688176,40668.699449,40668.817547,1, 0, 0, 1,-4.722339,4.386927,8.738945,-1,2
68475,616761,49.760877,40668.772151,40668.890248,0, 0, 0, 0,-99.000000,-99.000000,-99.000000,-1,1
68475,616762,49.802846,40668.814119,40668.932217,1, 0, 0, 1,-8.429291,-0.590376,-7.654500,-1,2
68475,616763,49.865942,40668.877216,40668.995314,0, 0, 0, 0,-99.000000,-99.000000,-99.000000,-1,1
68475,616764,49.934719,40668.945992,40669.064090,1, 0, 0, 1,0.632201,1.208076,-11.095359,-1,2
68475,616765,50.079999,40669.091272,40669.209370,0, 0, 0, 0,-99.000000,-99.000000,-99.000000,-1,1
68475,616766,50.159665,40669.170938,40669.289037,0, 0, 0, 0,-99.000000,-99.000000,-99.000000,-1,1
68475,616767,50.477317,40669.488589,40669.606688,0, 0, 0, 0,-99.000000,-99.000000,-99.000000,-1,1
68475,616768,50.587916,40669.599187,40669.717287,0, 0, 0, 0,-99.000000,-99.000000,-99.000000,-1,1
68475,616769,50.754735,40669.766006,40669.884106,1, 0, 0, 1,0.014204,-0.183141,5.867973,-1,2
68475,616770,50.806340,40669.817611,40669.935711,1, 0, 0, 1,-6.618939,1.487180,-3.303943,-1,5
68475,616771,50.861112,40669.872383,40669.990483,0, 0, 0, 0,-99.000000,-99.000000,-99.000000,-1,1
68475,616772,50.901390,40669.912661,40670.030761,0, 0, 0, 0,-99.000000,-99.000000,-99.000000,-1,0
68475,616773,51.188717,40670.199988,40670.318088,0, 0, 0, 0,-99.000000,-99.000000,-99.000000,-1,1
68475,616774,51.193701,40670.204972,40670.323072,0, 0, 0, 0,-99.000000,-99.000000,-99.000000,-1,0
68475,616775,51.322562,40670.333833,40670.451934,1, 0, 0, 1,-0.928825,-7.254594,-11.138934,-1,2
68475,616776,51.373813,40670.385083,40670.503184,1, 0, 0, 1,-6.398505,-1.634853,10.628577,-1,2
68475,616777,51.417231,40670.428501,40670.546602,0, 0, 0, 0,-99.000000,-99.000000,-99.000000,-1,1
68475,616778,51.525340,40670.536610,40670.654711,1, 0, 0, 1,8.063546,-0.486701,-21.204704,-1,2
68475,616779,51.613942,40670.625212,40670.743313,0, 0, 0, 0,-99.000000,-99.000000,-99.000000,-1,0
68475,616780,51.705822,40670.717092,40670.835193,0, 0, 0, 0,-99.000000,-99.000000,-99.000000,-1,1
68475,616781,51.833252,40670.844521,40670.962623,1, 0, 0, 1,6.420326,0.911689,-13.311987,-1,2
68475,616782,51.869353,40670.880622,40670.998724,0, 0, 0, 0,-99.000000,-99.000000,-99.000000,-1,1
68475,616783,52.177432,40671.188701,40671.306803,0, 0, 0, 0,-99.000000,-99.000000,-99.000000,-1,1
68475,616784,52.178585,40671.189853,40671.307956,1, 0, 0, 1,-0.817770,1.908809,-11.393511,-1,2
68475,616785,52.626098,40671.637365,40671.755469,1, 0, 0, 1,1.472727,-3.265872,5.543124,-1,2
68475,616786,52.627564,40671.638831,40671.756935,1, 0, 0, 1,7.911353,4.359107,-2.805200,-1,2
68475,616787,52.656843,40671.668111,40671.786214,0, 0, 0, 0,-99.000000,-99.000000,-99.000000,-1,1
68475,616788,52.694146,40671.705413,40671.823517,1, 0, 0, 1,1.021351,-3.201840,-8.995768,-1,2
68475,616789,52.795088,40671.806356,40671.924459,1, 0, 0, 1,-0.727263,-4.399492,-18.747599,-1,2
68475,616790,52.795168,40671.806435,40671.924539,1, 0, 0, 1,-6.578486,-0.298803,-10.440923,-1,2
68475,616791,52.892082,40671.903349,40672.021453,1, 0, 0, 1,5.299318,2.925693,10.983855,-1,2
68475,616792,52.933810,40671.945077,40672.063181,1, 0, 0, 1,-2.512801,-2.259342,0.268558,-1,2
68475,616793,52.967836,40671.979103,40672.097207,1, 0, 0, 1,2.273954,7.405661,-15.218178,-1,2
68475,616794,53.010348,40672.021615,40672.139720,1, 0, 0, 1,6.496246,3.348328,14.911835,-1,2
68475,616795,53.124980,40672.136246,40672.254351,1, 0, 0, 1,2.565166,-8.822589,7.954998,-1,2
68475,616796,53.143023,40672.154290,40672.272395,1, 0, 0, 1,-6.769812,-5.321302,11.880461,-1,2
68475,616797,53.174006,40672.185273,40672.303377,0, 0, 0, 0,-99.000000,-99.000000,-99.000000,-1,0
68475,616798,53.265187,40672.276454,40672.394559,1, 0, 0, 1,2.878181,0.747595,-19.436895,-1,2
68475,616799,53.277214,40672.288481,40672.406586,0, 0, 0, 0,-99.000000,-99.000000,-99.000000,-1,0
68475,616800,53.344704,40672.355970,40672.474075,1, 0, 0, 1,-7.020832,-1.542681,7.644188,-1,2
68475,616801,53.391328,40672.402595,40672.520700,1, 0, 0, 1,0.370572,2.515839,18.157806,-1,2
68475,616802,53.515179,40672.526445,40672.644551,1, 0, 0, 1,-2.973996,-8.321183,21.807273,-1,2
68475,616803,53.676285,40672.687551,40672.805657,1, 0, 0, 1,9.999981,1.525477,-10.293419,-1,5
68475,616804,53.677938,40672.689203,40672.807309,1, 0, 0, 1,-6.018784,-12.318055,1.852498,-1,2
68475,616805,53.829382,40672.840647,40672.958753,0, 0, 0, 0,-99.000000,-99.000000,-99.000000,-1,1
68475,616806,53.833826,40672.845091,40672.963197,0, 0, 0, 0,-99.000000,-99.000000,-99.000000,-1,1
68475,616807,53.878034,40672.889299,40673.007405,0, 0, 0, 0,-99.000000,-99.000000,-99.000000,-1,0
68475,616808,54.061749,40673.073014,40673.191120,1, 0, 0, 1,-7.773095,0.711876,-6.914804,-1,2
68475,616809,54.191277,40673.202542,40673.320648,1, 0, 0, 1,-2.051372,2.770087,-9.467630,-1,2
68475,616810,54.200459,40673.211723,40673.329830,1, 0, 0, 1,-8.459968,-0.087703,6.973746,-1,2
68475,616811,54.381299,40673.392563,40673.510670,1, 0, 0, 1,0.920552,-0.695648,-7.406719,-1,2
68475,616812,54.526678,40673.537942,40673.656049,1, 0, 0, 1,-0.670091,-9.070763,2.110888,-1,2
68475,616813,54.569793,40673.581057,40673.699164,1, 0, 0, 1,-6.416154,-4.725093,0.674083,-1,2
68475,616814,54.579564,40673.590828,40673.708935,0, 0, 0, 0,-99.000000,-99.000000,-99.000000,-1,1
68475,616815,54.748900,40673.760164,40673.878271,1, 0, 0, 1,5.310696,-3.031048,17.108831,-1,2
68475,616816,54.887496,40673.898759,40674.016867,1, 0, 0, 1,-15.901818,-9.488491,-16.938600,-1,2
68475,616817,55.032830,40674.044093,40674.162201,1, 0, 0, 1,0.175257,-2.962874,-4.968863,-1,2
68475,616818,55.180930,40674.192193,40674.310302,1, 0, 0, 1,-7.541879,-2.626502,-5.939045,-1,3
68475,616819,55.320684,40674.331947,40674.450056,1, 0, 0, 1,7.384168,-2.564176,-15.663770,-1,2
68475,616820,55.375721,40674.386983,40674.505092,0, 0, 0, 0,-99.000000,-99.000000,-99.000000,-1,1
68475,616821,55.430638,40674.441901,40674.560010,0, 0, 0, 0,-99.000000,-99.000000,-99.000000,-1,1
68475,616822,55.580875,40674.592136,40674.710246,1, 0, 0, 1,6.629036,2.828773,-14.871213,-1,2
68475,616823,55.675115,40674.686377,40674.804487,1, 0, 0, 1,-2.654822,4.570014,-4.306910,-1,2
68475,616824,55.701963,40674.713225,40674.831335,1, 0, 0, 1,-5.117039,4.300354,-18.632612,-1,2
68475,616825,55.746416,40674.757678,40674.875787,1, 0, 0, 1,1.652869,4.792186,12.574563,-1,2
68475,616826,55.982450,40674.993711,40675.111821,1, 0, 0, 1,-1.725921,-1.921869,0.424106,-1,2
68475,616827,56.014451,40675.025712,40675.143822,0, 0, 0, 0,-99.000000,-99.000000,-99.000000,-1,0
68475,616828,56.286260,40675.297520,40675.415631,1, 0, 0, 1,-0.854717,-3.723314,-5.467993,-1,2
68475,616829,56.316120,40675.327380,40675.445491,0, 0, 0, 0,-99.000000,-99.000000,-99.000000,-1,0
68475,616830,56.372551,40675.383811,40675.501922,1, 0, 0, 1,2.796418,-8.158838,-20.164314,-1,2
68475,616831,56.391147,40675.402407,40675.520518,1, 0, 0, 1,-3.274518,0.191733,2.919534,-1,2
68475,616832,56.400046,40675.411306,40675.529417,1, 0, 0, 1,6.619296,0.437677,-7.895649,-1,2
68475,616833,56.469759,40675.481019,40675.599130,0, 0, 0, 0,-99.000000,-99.000000,-99.000000,-1,1
68475,616834,56.536748,40675.548008,40675.666119,1, 0, 0, 1,-0.650513,5.701048,-3.065340,-1,2
68475,616835,56.538214,40675.549474,40675.667586,1, 0, 0, 1,-2.325429,-1.476334,12.250462,-1,2
68475,616836,56.560216,40675.571476,40675.689587,0, 0, 0, 0,-99.000000,-99.000000,-99.000000,-1,1
68475,616837,56.564881,40675.576141,40675.694252,1, 0, 0, 1,2.789912,-2.291307,-19.037420,-1,2
68475,616838,56.736855,40675.748114,40675.866226,1, 0, 0, 1,-2.248430,-9.369043,-12.961463,-1,2
68475,616839,56.738209,40675.749469,40675.867581,0, 0, 0, 0,-99.000000,-99.000000,-99.000000,-1,0
68475,616840,56.836376,40675.847636,40675.965748,1, 0, 0, 1,-2.706655,-2.939080,1.739405,-1,2
68475,616841,56.872281,40675.883541,40676.001653,1, 0, 0, 1,-6.935424,5.962996,8.911061,-1,2
68475,616842,57.019121,40676.030380,40676.148492,1, 0, 0, 1,2.248077,2.122603,18.095077,-1,2
68475,616843,57.599058,40676.610316,40676.728430,1, 0, 0, 1,0.828223,1.904905,-5.162636,-1,2
68475,616844,57.614406,40676.625664,40676.743777,1, 0, 0, 1,-0.812301,15.422215,-3.269735,-1,2
68475,616845,57.967497,40676.978754,40677.096868,1, 0, 0, 1,7.519181,4.206459,-3.625424,-1,2
68475,616846,57.975860,40676.987117,40677.105231,1, 0, 0, 1,-0.234442,9.481548,-19.750207,-1,4
68475,616847,58.084053,40677.095310,40677.213424,1, 0, 0, 1,8.311941,-0.601352,15.608779,-1,2
68475,616848,58.111415,40677.122672,40677.240786,1, 0, 0, 1,3.911671,-3.381509,-5.420102,-1,2
68475,616849,58.401726,40677.412983,40677.531098,0, 0, 0, 0,-99.000000,-99.000000,-99.000000,-1,0
68475,616850,58.580394,40677.591650,40677.709766,0, 0, 0, 0,-99.000000,-99.000000,-99.000000,-1,1
68475,616851,58.766159,40677.777415,40677.895531,1, 0, 0, 1,-6.756463,-2.562209,-9.825809,-1,2
68475,616852,58.785659,40677.796914,40677.915030,0, 0, 0, 0,-99.000000,-99.000000,-99.000000,-1,1
68475,616853,58.846511,40677.857766,40677.975882,0, 0, 0, 0,-99.000000,-99.000000,-99.000000,-1,1
68475,616854,58.892925,40677.904180,40678.022297,0, 0, 0, 0,-99.000000,-99.000000,-99.000000,-1,1
68475,616855,58.965527,40677.976782,40678.094898,0, 0, 0, 0,-99.000000,-99.000000,-99.000000,-1,1
68475,616856,59.175376,40678.186630,40678.304747,1, 0, 0, 1,-2.560202,-0.229129,5.278902,-1,2
68475,616857,59.196753,40678.208008,40678.326124,1, 0, 0, 1,-1.536855,6.287406,20.511182,-1,2
68475,616858,59.205853,40678.217107,40678.335224,0, 0, 0, 0,-99.000000,-99.000000,-99.000000,-1,1
68475,616859,59.309502,40678.320757,40678.438874,1, 0, 0, 1,-3.098188,8.632153,-5.634158,-1,2
68475,616860,59.366201,40678.377455,40678.495572,0, 0, 0, 0,-99.000000,-99.000000,-99.000000,-1,1
68475,616861,59.431133,40678.442387,40678.560505,0, 0, 0, 0,-99.000000,-99.000000,-99.000000,-1,1
68475,616862,59.489557,40678.500811,40678.618928,1, 0, 0, 1,9.207385,-0.937237,-7.605086,-1,2
68475,616863,59.551079,40678.562333,40678.680450,1, 0, 0, 1,-1.980279,-5.508331,-20.890491,-1,2
68475,616864,59.629397,40678.640651,40678.758768,1, 0, 0, 1,-0.767025,4.856824,-14.606678,-1,2
68475,616865,59.875017,40678.886271,40679.004389,1, 0, 0, 1,-4.614054,3.426265,-15.931840,-1,2
68475,616866,59.910173,40678.921426,40679.039544,0, 0, 0, 0,-99.000000,-99.000000,-99.000000,-1,1
68475,616867,59.911575,40678.922829,40679.040947,0, 0, 0, 0,-99.000000,-99.000000,-99.000000,-1,1
68475,616868,60.197394,40679.208647,40679.326765,1, 0, 0, 1,-7.938746,4.608657,-7.787521,-1,2
68475,616869,60.216785,40679.228038,40679.346156,1, 0, 0, 1,-3.816391,2.733580,-11.857044,-1,2
68475,616870,60.264492,40679.275744,40679.393863,0, 0, 0, 0,-99.000000,-99.000000,-99.000000,-1,0
68475,616871,60.289444,40679.300697,40679.418816,0, 0, 0, 0,-99.000000,-99.000000,-99.000000,-1,0
68475,616872,60.334571,40679.345823,40679.463942,0, 0, 0, 0,-99.000000,-99.000000,-99.000000,-1,0
68475,616873,60.357666,40679.368918,40679.487037,1, 0, 0, 1,2.682852,6.286237,-0.981088,-1,2
68475,616874,60.362178,40679.373430,40679.491549,1, 0, 0, 1,-2.215819,-1.739424,-19.971653,-1,2
68475,616875,60.429929,40679.441181,40679.559300,1, 0, 0, 1,-1.132084,3.953142,-6.003889,-1,2
68475,616876,60.611398,40679.622650,40679.740769,1, 0, 0, 1,6.782913,0.304457,-4.754663,-1,2
68475,616877,60.732433,40679.743684,40679.861804,0, 0, 0, 0,-99.000000,-99.000000,-99.000000,-1,1
68475,616878,60.813113,40679.824364,40679.942484,1, 0, 0, 1,-6.050612,4.021975,-15.283259,-1,2
68475,616879,60.840875,40679.852126,40679.970246,1, 0, 0, 1,2.859730,7.736411,13.733698,-1,2
68475,616880,60.909877,40679.921128,40680.039248,1, 0, 0, 1,-0.137771,-1.555707,10.246103,-1,2
68475,616881,60.992363,40680.003614,40680.121734,0, 0, 0, 0,-99.000000,-99.000000,-99.000000,-1,1
68475,616882,61.156894,40680.168145,40680.286266,1, 0, 0, 1,-2.315469,2.038565,-11.215572,-1,2
68475,616883,61.168229,40680.179479,40680.297600,1, 0, 0, 1,-6.589533,0.928856,-14.334669,-1,2
68475,616884,61.181627,40680.192878,40680.310998,0, 0, 0, 0,-99.000000,-99.000000,-99.000000,-1,1
68475,616885,61.203178,40680.214429,40680.332550,1, 0, 0, 1,-6.473144,-2.279195,20.029695,-1,8
68475,616886,61.406213,40680.417463,40680.535584,0, 0, 0, 0,-99.000000,-99.000000,-99.000000,-1,0
68475,616887,61.432717,40680.443967,40680.562088,0, 0, 0, 0,-99.000000,-99.000000,-99.000000,-1,1
68475,616888,61.612517,40680.623767,40680.741888,0, 0, 0, 0,-99.000000,-99.000000,-99.000000,-1,0
68475,616889,61.687433,40680.698683,40680.816804,1, 0, 0, 1,4.462585,1.015974,17.269171,-1,2
68475,616890,61.702550,40680.713799,40680.831921,0, 0, 0, 0,-99.000000,-99.000000,-99.000000,-1,0
68475,616891,61.719652,40680.730902,40680.849023,1, 0, 0, 1,0.922589,7.301229,19.896479,-1,2
68475,616892,61.911657,40680.922906,40681.041028,0, 0, 0, 0,-99.000000,-99.000000,-99.000000,-1,1
68475,616893,61.928685,40680.939934,40681.058056,1, 0, 0, 1,-0.869577,-6.049268,10.829418,-1,2
68475,616894,61.941725,40680.952975,40681.071097,0, 0, 0, 0,-99.000000,-99.000000,-99.000000,-1,1
68475,616895,62.180684,40681.191933,40681.310055,1, 0, 0, 1,1.345282,-2.559196,8.443612,-1,2
68475,616896,62.284616,40681.295864,40681.413987,0, 0, 0, 0,-99.000000,-99.000000,-99.000000,-1,1
68475,616897,62.501308,40681.512556,40681.630680,1, 0, 0, 1,8.470869,3.558774,-6.338911,-1,2
68475,616898,62.514436,40681.525684,40681.643808,1, 0, 0, 1,-7.972331,-0.618940,-14.513279,-1,2
68475,616899,62.609849,40681.621097,40681.739220,1, 0, 0, 1,7.545012,-1.692385,-3.835388,-1,2
68475,616900,62.867550,40681.878797,40681.996921,1, 0, 0, 1,-4.640924,-1.934118,10.893175,-1,2
68475,616901,63.218486,40682.229732,40682.347857,1, 0, 0, 1,-5.979819,2.052145,-9.367447,-1,2
68475,616902,63.345898,40682.357145,40682.475270,1, 0, 0, 1,-4.203133,-3.975826,-11.539265,-1,2
68475,616903,63.420101,40682.431347,40682.549472,0, 0, 0, 0,-99.000000,-99.000000,-99.000000,-1,0
68475,616904,63.420159,40682.431405,40682.549531,0, 0, 0, 0,-99.000000,-99.000000,-99.000000,-1,0
68475,616905,63.420311,40682.431557,40682.549682,0, 0, 0, 0,-99.000000,-99.000000,-99.000000,-1,0
68475,616906,63.420965,40682.432211,40682.550336,0, 0, 0, 0,-99.000000,-99.000000,-99.000000,-1,0
68475,616907,63.423048,40682.434294,40682.552419,0, 0, 0, 0,-99.000000,-99.000000,-99.000000,-1,0
68475,616908,63.602020,40682.613266,40682.731391,0, 0, 0, 0,-99.000000,-99.000000,-99.000000,-1,1
68475,616909,63.714742,40682.725987,40682.844113,1, 0, 0, 1,-3.929987,-0.077902,4.865004,-1,2
68475,616910,63.942334,40682.953580,40683.071706,1, 0, 0, 1,1.904518,-1.814843,-20.219432,-1,2
68475,616911,64.102144,40683.113389,40683.231515,0, 0, 0, 0,-99.000000,-99.000000,-99.000000,-1,0
68475,616912,64.340753,40683.351997,40683.470124,1, 0, 0, 1,-0.332230,-1.437180,-4.366444,-1,2
68475,616913,64.349423,40683.360667,40683.478794,1, 0, 0, 1,1.681553,-2.112113,-17.579173,-1,2
68475,616914,64.446601,40683.457845,40683.575973,1, 0, 0, 1,-9.268791,0.556440,-13.373981,-1,2
68475,616915,64.485025,40683.496269,40683.614396,1, 0, 0, 1,-9.430861,-5.483876,-9.416172,-1,2
68475,616916,64.671012,40683.682256,40683.800383,1, 0, 0, 1,-4.375541,-5.514405,-4.248521,-1,2
68475,616917,64.764729,40683.775973,40683.894101,0, 0, 0, 0,-99.000000,-99.000000,-99.000000,-1,1
68475,616918,65.017521,40684.028764,40684.146892,1, 0, 0, 1,4.964610,2.465680,-10.387642,-1,2
68475,616919,65.227188,40684.238431,40684.356560,0, 0, 0, 0,-99.000000,-99.000000,-99.000000,-1,1
68475,616920,65.269323,40684.280565,40684.398694,1, 0, 0, 1,0.066162,-0.814365,4.368433,-1,2
68475,616921,65.553993,40684.565235,40684.683365,0, 0, 0, 0,-99.000000,-99.000000,-99.000000,-1,0
68475,616922,65.672529,40684.683770,40684.801900,0, 0, 0, 0,-99.000000,-99.000000,-99.000000,-1,1
68475,616923,65.822370,40684.833611,40684.951741,1, 0, 0, 1,-8.947889,0.696694,-1.942738,-1,2
68475,616924,65.946139,40684.957380,40685.075510,1, 0, 0, 1,-6.814736,-5.677736,-21.436967,-1,2
68475,616925,65.963587,40684.974828,40685.092958,0, 0, 0, 0,-99.000000,-99.000000,-99.000000,-1,0
68475,616926,66.023681,40685.034922,40685.153052,1, 0, 0, 1,8.590639,-8.952453,17.840378,-1,2
68475,616927,66.062800,40685.074041,40685.192172,0, 0, 0, 0,-99.000000,-99.000000,-99.000000,-1,1
68475,616928,66.209375,40685.220616,40685.338747,0, 0, 0, 0,-99.000000,-99.000000,-99.000000,-1,0
68475,616929,66.524903,40685.536143,40685.654275,1, 0, 0, 1,-1.054378,6.237834,-15.080400,-1,2
68475,616930,66.573756,40685.584995,40685.703127,1, 0, 0, 1,3.223747,4.012931,-14.890720,-1,2
68475,616931,66.786254,40685.797493,40685.915625,1, 0, 0, 1,7.919438,4.916543,-4.916722,-1,2
68475,616932,66.948643,40685.959882,40686.078014,1, 0, 0, 1,7.745955,8.566535,20.770461,-1,2
68475,616933,67.024043,40686.035282,40686.153415,1, 0, 0, 1,3.068438,0.484142,-13.400132,-1,2
68475,616934,67.118341,40686.129580,40686.247713,1, 0, 0, 1,5.825168,-7.375924,-15.178335,-1,2
68475,616935,67.163816,40686.175055,40686.293188,0, 0, 0, 0,-99.000000,-99.000000,-99.000000,-1,1
68475,616936,67.277242,40686.288480,40686.406613,1, 0, 0, 1,6.704496,2.974642,7.300709,-1,2
68475,616937,67.303365,40686.314604,40686.432736,1, 0, 0, 1,1.065315,-9.481530,-12.237595,-1,2
68475,616938,67.566163,40686.577401,40686.695534,1, 0, 0, 1,-1.081865,-6.702874,22.374037,-1,2
68475,616939,67.815426,40686.826663,40686.944797,0, 0, 0, 0,-99.000000,-99.000000,-99.000000,-1,1
68475,616940,67.864635,40686.875872,40686.994006,1, 0, 0, 1,-1.824891,7.173260,-16.326442,-1,2
68475,616941,67.915298,40686.926535,40687.044669,0, 0, 0, 0,-99.000000,-99.000000,-99.000000,-1,1
68475,616942,68.090703,40687.101940,40687.220075,1, 0, 0, 1,-1.484354,7.355701,9.009586,-1,2
68475,616943,68.159948,40687.171184,40687.289319,1, 0, 0, 1,-3.336924,4.347131,17.751786,-1,3
68475,616944,68.298328,40687.309565,40687.427700,0, 0, 0, 0,-99.000000,-99.000000,-99.000000,-1,1
68475,616945,68.377386,40687.388623,40687.506758,0, 0, 0, 0,-99.000000,-99.000000,-99.000000,-1,0
68475,616946,68.590196,40687.601432,40687.719567,0, 0, 0, 0,-99.000000,-99.000000,-99.000000,-1,1
68475,616947,68.705218,40687.716454,40687.834589,0, 0, 0, 0,-99.000000,-99.000000,-99.000000,-1,1
68475,616948,68.769747,40687.780982,40687.899118,1, 0, 0, 1,2.747068,1.810866,-9.731053,-1,2
68475,616949,69.081722,40688.092957,40688.211093,0, 0, 0, 0,-99.000000,-99.000000,-99.000000,-1,1
68475,616950,69.097734,40688.108969,40688.227105,0, 0, 0, 0,-99.000000,-99.000000,-99.000000,-1,1
68475,616951,69.283538,40688.294773,40688.412910,1, 0, 0, 1,-4.461730,0.683131,2.667425,-1,2
68475,616952,69.296722,40688.307957,40688.426093,0, 0, 0, 0,-99.000000,-99.000000,-99.000000,-1,1
68475,616953,69.413794,40688.425028,40688.543165,1, 0, 0, 1,-4.599248,6.316805,18.060713,-1,2
68475,616954,69.441018,40688.452252,40688.570389,1, 0, 0, 1,2.308624,-6.255382,14.728781,-1,2
68475,616955,69.559761,40688.570995,40688.689132,0, 0, 0, 0,-99.000000,-99.000000,-99.000000,-1,1
68475,616956,69.737387,40688.748621,40688.866758,1, 0, 0, 1,3.563499,6.735381,-0.167105,-1,2
68475,616957,69.787302,40688.798535,40688.916673,1, 0, 0, 1,2.031037,1.111022,18.082129,-1,2
68475,616958,69.915666,40688.926900,40689.045038,1, 0, 0, 1,4.553489,-2.065166,20.535810,-1,2
68475,616959,70.127571,40689.138804,40689.256942,0, 0, 0, 0,-99.000000,-99.000000,-99.000000,-1,1
68475,616960,70.351406,40689.362638,40689.480777,1, 0, 0, 1,-0.344178,6.599873,8.611744,-1,2
68475,616961,70.361586,40689.372818,40689.490957,0, 0, 0, 0,-99.000000,-99.000000,-99.000000,-1,1
68475,616962,70.676458,40689.687690,40689.805830,0, 0, 0, 0,-99.000000,-99.000000,-99.000000,-1,0
68475,616963,70.747277,40689.758508,40689.876648,1, 0, 0, 1,-4.428872,7.863325,-17.652798,-1,2
68475,616964,70.947516,40689.958747,40690.076887,1, 0, 0, 1,-4.474872,9.011748,-2.283832,-1,2
68475,616965,71.057980,40690.069211,40690.187352,0, 0, 0, 0,-99.000000,-99.000000,-99.000000,-1,1
68475,616966,71.079565,40690.090796,40690.208936,0, 0, 0, 0,-99.000000,-99.000000,-99.000000,-1,1
68475,616967,71.096367,40690.107598,40690.225738,1, 0, 0, 1,-3.671866,0.714130,8.499353,-1,2
68475,616968,71.136656,40690.147887,40690.266028,1, 0, 0, 1,-7.017561,-2.746776,15.010819,-1,2
68475,616969,71.199361,40690.210592,40690.328732,0, 0, 0, 0,-99.000000,-99.000000,-99.000000,-1,1
68475,616970,71.396532,40690.407763,40690.525904,1, 0, 0, 1,-0.467232,-2.202110,18.042295,-1,2
68475,616971,71.581808,40690.593038,40690.711180,0, 0, 0, 0,-99.000000,-99.000000,-99.000000,-1,0
68475,616972,71.746062,40690.757292,40690.875433,0, 0, 0, 0,-99.000000,-99.000000,-99.000000,-1,1
68475,616973,71.770317,40690.781546,40690.899688,0, 0, 0, 0,-99.000000,-99.000000,-99.000000,-1,0
68475,616974,71.779293,40690.790522,40690.908664,1, 0, 0, 1,1.118344,-2.448533,-8.345088,-1,2
68475,616975,71.797888,40690.809117,40690.927259,1, 0, 0, 1,-0.610399,-7.762784,16.924463,-1,2
68475,616976,71.904623,40690.915853,40691.033995,1, 0, 0, 1,-2.158928,4.841952,1.107793,-1,2
68475,616977,72.034395,40691.045624,40691.163766,1, 0, 0, 1,1.191081,-1.419146,5.179530,-1,2
68475,616978,72.111274,40691.122503,40691.240645,1, 0, 0, 1,-6.119357,3.702908,-10.899043,-1,2
68475,616979,72.151832,40691.163061,40691.281204,1, 0, 0, 1,4.113054,-2.404731,18.493291,-1,2
68475,616980,72.223733,40691.234962,40691.353104,0, 0, 0, 0,-99.000000,-99.000000,-99.000000,-1,0
68475,616981,72.249985,40691.261214,40691.379356,1, 0, 0, 1,3.677705,-1.826075,-13.229920,-1,3
68475,616982,72.309335,40691.320563,40691.438706,0, 0, 0, 0,-99.000000,-99.000000,-99.000000,-1,1
68475,616983,72.709759,40691.720987,40691.839130,1, 0, 0, 1,-3.049867,-3.666339,-6.450287,-1,2
68475,616984,72.956440,40691.967667,40692.085811,0, 0, 0, 0,-99.000000,-99.000000,-99.000000,-1,1
68475,616985,73.125414,40692.136641,40692.254786,1, 0, 0, 1,2.605679,-8.150162,20.621949,-1,2
68475,616986,73.178990,40692.190217,40692.308361,1, 0, 0, 1,7.721723,-0.236524,14.632545,-1,2
68475,616987,73.329996,40692.341223,40692.459368,0, 0, 0, 0,-99.000000,-99.000000,-99.000000,-1,0
68475,616988,73.351924,40692.363151,40692.481296,1, 0, 0, 1,-4.902773,6.465336,-10.215958,-1,2
68475,616989,73.381870,40692.393096,40692.511241,1, 0, 0, 1,-0.224007,-7.296171,16.609250,-1,2
68475,616990,73.405738,40692.416964,40692.535109,1, 0, 0, 1,6.564616,-6.527891,-4.891081,-1,2
68475,616991,73.423134,40692.434360,40692.552505,1, 0, 0, 1,-0.663952,-6.008151,-5.024036,-1,2
68475,616992,73.519582,40692.530808,40692.648953,0, 0, 0, 0,-99.000000,-99.000000,-99.000000,-1,1
68475,616993,73.527279,40692.538505,40692.656650,1, 0, 0, 1,1.323021,1.176748,-11.640879,-1,2
68475,616994,73.535231,40692.546457,40692.664603,1, 0, 0, 1,-6.780689,6.037930,16.201361,-1,2
68475,616995,73.647744,40692.658969,40692.777115,1, 0, 0, 1,3.117673,5.705214,-4.095995,-1,2
68475,616996,73.714394,40692.725620,40692.843766,0, 0, 0, 0,-99.000000,-99.000000,-99.000000,-1,1
68475,616997,73.776025,40692.787251,40692.905397,0, 0, 0, 0,-99.000000,-99.000000,-99.000000,-1,1
68475,616998,73.794846,40692.806071,40692.924217,0, 0, 0, 0,-99.000000,-99.000000,-99.000000,-1,0
68475,616999,73.852997,40692.864223,40692.982369,1, 0, 0, 1,-0.709539,-1.840993,-15.043614,-1,2
68475,617000,73.881713,40692.892938,40693.011084,0, 0, 0, 0,-99.000000,-99.000000,-99.000000,-1,1
68475,617001,74.010921,40693.022146,40693.140292,1, 0, 0, 1,0.061417,2.573196,-17.032613,-1,2
68475,617002,74.032181,40693.043406,40693.161552,1, 0, 0, 1,-5.156152,0.398737,-5.476894,-1,2
68475,617003,74.053030,40693.064255,40693.182402,0, 0, 0, 0,-99.000000,-99.000000,-99.000000,-1,1
68475,617004,74.086615,40693.097840,40693.215987,0, 0, 0, 0,-99.000000,-99.000000,-99.000000,-1,0
68475,617005,74.181619,40693.192844,40693.310990,0, 0, 0, 0,-99.000000,-99.000000,-99.000000,-1,1
68475,617006,74.194056,40693.205281,40693.323427,0, 0, 0, 0,-99.000000,-99.000000,-99.000000,-1,1
68475,617007,74.398235,40693.409459,40693.527606,0, 0, 0, 0,-99.000000,-99.000000,-99.000000,-1,1
68475,617008,74.575796,40693.587020,40693.705167,0, 0, 0, 0,-99.000000,-99.000000,-99.000000,-1,0
68475,617009,74.598358,40693.609582,40693.727729,1, 0, 0, 1,7.267595,1.458409,-12.653074,-1,2
68475,617010,74.779238,40693.790461,40693.908609,0, 0, 0, 0,-99.000000,-99.000000,-99.000000,-1,1
68475,617011,74.794074,40693.805298,40693.923445,1, 0, 0, 1,-5.848889,-4.217850,12.839414,-1,2
68475,617012,74.854866,40693.866089,40693.984237,1, 0, 0, 1,-3.565614,-3.778257,14.060831,-1,2
68475,617013,75.070204,40694.081427,40694.199575,1, 0, 0, 1,-2.466471,-6.224375,11.348879,-1,2
68475,617014,75.156076,40694.167299,40694.285447,0, 0, 0, 0,-99.000000,-99.000000,-99.000000,-1,1
68475,617015,75.293596,40694.304819,40694.422968,0, 0, 0, 0,-99.000000,-99.000000,-99.000000,-1,0
68475,617016,75.300352,40694.311575,40694.429724,0, 0, 0, 0,-99.000000,-99.000000,-99.000000,-1,1
68475,617017,75.372665,40694.383888,40694.502037,0, 0, 0, 0,-99.000000,-99.000000,-99.000000,-1,1
68475,617018,75.528569,40694.539791,40694.657940,1, 0, 0, 1,-3.833251,14.772622,-9.483208,-1,2
68475,617019,75.537936,40694.549158,40694.667307,0, 0, 0, 0,-99.000000,-99.000000,-99.000000,-1,1
68475,617020,75.577248,40694.588470,40694.706620,1, 0, 0, 1,-6.344215,-0.819694,20.960639,-1,2
68475,617021,75.581146,40694.592367,40694.710517,0, 0, 0, 0,-99.000000,-99.000000,-99.000000,-1,1
68475,617022,75.634767,40694.645988,40694.764138,0, 0, 0, 0,-99.000000,-99.000000,-99.000000,-1,1
68475,617023,75.798139,40694.809360,40694.927510,0, 0, 0, 0,-99.000000,-99.000000,-99.000000,-1,0
68475,617024,75.835426,40694.846647,40694.964797,1, 0, 0, 1,-4.778485,1.638295,6.600611,-1,2
68475,617025,75.945061,40694.956283,40695.074433,1, 0, 0, 1,-5.307097,4.629917,14.005618,-1,2
68475,617026,76.003096,40695.014317,40695.132467,1, 0, 0, 1,-8.695868,-2.125888,15.719447,-1,3
68475,617027,76.042385,40695.053606,40695.171756,1, 0, 0, 1,-4.805105,0.019494,-5.310003,-1,2
68475,617028,76.266384,40695.277604,40695.395755,1, 0, 0, 1,2.336946,-6.132821,-11.906540,-1,2
68475,617029,76.525138,40695.536358,40695.654509,0, 0, 0, 0,-99.000000,-99.000000,-99.000000,-1,0
68475,617030,76.585220,40695.596440,40695.714591,0, 0, 0, 0,-99.000000,-99.000000,-99.000000,-1,1
68475,617031,76.606874,40695.618094,40695.736246,0, 0, 0, 0,-99.000000,-99.000000,-99.000000,-1,1
68475,617032,76.673597,40695.684817,40695.802968,0, 0, 0, 0,-99.000000,-99.000000,-99.000000,-1,0
68475,617033,76.854194,40695.865413,40695.983565,1, 0, 0, 1,3.229014,7.917213,3.283704,-1,2
68475,617034,76.862815,40695.874035,40695.992187,0, 0, 0, 0,-99.000000,-99.000000,-99.000000,-1,1
68475,617035,76.997936,40696.009155,40696.127307,1, 0, 0, 1,-0.710593,-0.450427,-1.884100,-1,2
68475,617036,77.006092,40696.017311,40696.135464,1, 0, 0, 1,8.898274,0.276665,-10.531824,-1,2
68475,617037,77.010500,40696.021719,40696.139871,1, 0, 0, 1,-1.218558,0.710409,-13.479615,-1,2
68475,617038,77.033030,40696.044249,40696.162402,0, 0, 0, 0,-99.000000,-99.000000,-99.000000,-1,1
68475,617039,77.265511,40696.276730,40696.394883,1, 0, 0, 1,-1.665129,7.779267,15.828648,-1,2
68475,617040,77.422884,40696.434102,40696.552255,0, 0, 0, 0,-99.000000,-99.000000,-99.000000,-1,1
68475,617041,77.569431,40696.580649,40696.698802,1, 0, 0, 1,-2.449017,5.461559,14.681749,-1,2
68475,617042,77.610884,40696.622102,40696.740255,1, 1, 0, 1,0.332136,2.040035,-20.285970,-1,6
68475,617043,77.742025,40696.753242,40696.871396,1, 1, 0, 1,-0.590109,1.446738,-6.923491,-1,3
68475,617044,77.773198,40696.784415,40696.902569,0, 0, 0, 0,-99.000000,-99.000000,-99.000000,-1,0
68475,617045,77.801135,40696.812353,40696.930507,0, 0, 0, 0,-99.000000,-99.000000,-99.000000,-1,1
68475,617046,78.031631,40697.042848,40697.161002,0, 0, 0, 0,-99.000000,-99.000000,-99.000000,-1,1
68475,617047,78.129167,40697.140384,40697.258538,1, 0, 0, 1,2.151120,1.711446,-2.877073,-1,3
68475,617048,78.143077,40697.154294,40697.272448,1, 0, 0, 1,-3.162485,-5.194588,-0.515941,-1,2
68475,617049,78.260344,40697.271560,40697.389715,0, 0, 0, 0,-99.000000,-99.000000,-99.000000,-1,0
68475,617050,78.410663,40697.421880,40697.540035,0, 0, 0, 0,-99.000000,-99.000000,-99.000000,-1,1
68475,617051,78.506112,40697.517328,40697.635483,1, 0, 0, 1,1.323011,-4.291581,12.703913,-1,2
68475,617052,78.619412,40697.630627,40697.748783,0, 0, 0, 0,-99.000000,-99.000000,-99.000000,-1,0
68475,617053,78.812282,40697.823497,40697.941653,0, 0, 0, 0,-99.000000,-99.000000,-99.000000,-1,1
68475,617054,78.814952,40697.826167,40697.944323,0, 0, 0, 0,-99.000000,-99.000000,-99.000000,-1,1
68475,617055,78.934362,40697.945577,40698.063733,0, 0, 0, 0,-99.000000,-99.000000,-99.000000,-1,1
68475,617056,78.966554,40697.977769,40698.095925,1, 0, 0, 1,8.865863,-2.099791,-5.003893,-1,2
68475,617057,79.022501,40698.033716,40698.151873,1, 0, 0, 1,-3.137623,10.189909,-3.042112,-1,2
68475,617058,79.024897,40698.036112,40698.154268,1, 0, 0, 1,-5.372296,0.985606,19.376088,-1,2
68475,617059,79.074601,40698.085816,40698.203972,1, 0, 0, 1,3.719818,-3.431911,0.648419,-1,2
68475,617060,79.309820,40698.321035,40698.439192,1, 0, 0, 1,-2.370968,8.239408,-18.984840,-1,2
68475,617061,79.311058,40698.322273,40698.440430,1, 0, 0, 1,0.755932,-2.148203,13.732096,-1,2
68475,617062,79.419233,40698.430448,40698.548605,1, 0, 0, 1,-3.247415,6.902979,11.956372,-1,2
68475,617063,79.600586,40698.611800,40698.729958,0, 0, 0, 0,-99.000000,-99.000000,-99.000000,-1,0
68475,617064,79.787980,40698.799194,40698.917352,0, 0, 0, 0,-99.000000,-99.000000,-99.000000,-1,1
68475,617065,79.801334,40698.812547,40698.930705,1, 0, 0, 1,-1.660768,-7.505589,16.251472,-1,2
68475,617066,79.960209,40698.971422,40699.089580,1, 0, 0, 1,4.937313,0.437254,-12.510062,-1,2
68475,617067,80.056322,40699.067535,40699.185694,0, 0, 0, 0,-99.000000,-99.000000,-99.000000,-1,0
68475,617068,80.100690,40699.111902,40699.230061,1, 0, 0, 1,-0.513870,-2.914153,-15.301552,-1,2
68475,617069,80.117781,40699.128994,40699.247153,0, 0, 0, 0,-99.000000,-99.000000,-99.000000,-1,0
68475,617070,80.260048,40699.271260,40699.389419,1, 0, 0, 1,1.383371,-3.037707,10.852012,-1,2
68475,617071,80.277778,40699.288991,40699.407150,1, 0, 0, 1,4.592275,4.528032,10.894415,-1,2
68475,617072,80.281093,40699.292306,40699.410465,1, 0, 0, 1,-0.768212,-1.038074,4.905256,-1,2
68475,617073,80.381195,40699.392407,40699.510566,1, 0, 0, 1,2.591600,3.596896,-1.320955,-1,2
68475,617074,80.389805,40699.401017,40699.519176,1, 0, 0, 1,-8.477468,2.609976,-5.682070,-1,2
68475,617075,80.515478,40699.526690,40699.644849,0, 0, 0, 0,-99.000000,-99.000000,-99.000000,-1,1
68475,617076,80.590078,40699.601290,40699.719449,1, 1, 0, 1,-1.500660,0.094207,0.053175,-1,3
68475,617077,80.660446,40699.671657,40699.789817,1, 0, 0, 1,1.619239,5.422165,-16.045585,-1,2
68475,617078,80.877271,40699.888483,40700.006643,0, 0, 0, 0,-99.000000,-99.000000,-99.000000,-1,1
68475,617079,81.071450,40700.082661,40700.200821,0, 0, 0, 0,-99.000000,-99.000000,-99.000000,-1,1
68475,617080,81.161114,40700.172324,40700.290485,0, 0, 0, 0,-99.000000,-99.000000,-99.000000,-1,0
68475,617081,81.319799,40700.331010,40700.449171,1, 0, 0, 1,5.030733,-1.255683,-17.467969,-1,2
68475,617082,81.378403,40700.389613,40700.507774,1, 0, 0, 1,6.642046,0.124767,-8.468567,-1,2
68475,617083,81.419951,40700.431161,40700.549322,1, 0, 0, 1,-5.629122,-4.419926,16.441340,-1,2
68475,617084,81.449664,40700.460875,40700.579036,0, 0, 0, 0,-99.000000,-99.000000,-99.000000,-1,1
68475,617085,81.455767,40700.466977,40700.585138,1, 0, 0, 1,1.876912,0.607204,5.250255,-1,2
68475,617086,81.499998,40700.511208,40700.629369,1, 0, 0, 1,-4.375604,3.080761,-6.132346,-1,2
68475,617087,81.672695,40700.683904,40700.802066,0, 0, 0, 0,-99.000000,-99.000000,-99.000000,-1,1
68475,617088,81.711442,40700.722652,40700.840814,0, 0, 0, 0,-99.000000,-99.000000,-99.000000,-1,1
68475,617089,81.776829,40700.788039,40700.906200,1, 0, 0, 1,-0.842611,-1.479217,-7.205938,-1,3
68475,617090,81.816538,40700.827748,40700.945909,1, 0, 0, 1,-2.363243,-1.543654,5.982019,-1,2
68475,617091,82.280282,40701.291491,40701.409654,1, 0, 0, 1,3.235988,-2.714091,16.070837,-1,2
68475,617092,82.302868,40701.314076,40701.432239,1, 0, 0, 1,0.306639,-6.614389,-4.831243,-1,2
68475,617093,82.401274,40701.412483,40701.530646,1, 0, 0, 1,0.792531,0.165002,-8.345801,-1,2
68475,617094,82.498073,40701.509281,40701.627444,1, 0, 0, 1,-3.304783,-7.367131,2.194988,-1,2
68475,617095,82.588823,40701.600031,40701.718195,1, 0, 0, 1,-7.026999,-3.713230,-22.438311,-1,2
68475,617096,82.691645,40701.702852,40701.821016,1, 0, 0, 1,-3.935321,2.369881,0.213628,-1,2
68475,617097,82.694868,40701.706076,40701.824240,1, 0, 0, 1,3.246118,0.224872,-1.290454,-1,2
68475,617098,82.721128,40701.732335,40701.850499,0, 0, 0, 0,-99.000000,-99.000000,-99.000000,-1,1
68475,617099,82.794685,40701.805893,40701.924056,0, 0, 0, 0,-99.000000,-99.000000,-99.000000,-1,1
68475,617100,82.841381,40701.852588,40701.970752,1, 0, 0, 1,-6.467010,-12.056232,-15.335465,-1,2
68475,617101,82.868447,40701.879654,40701.997818,1, 0, 0, 1,3.839111,2.942799,-3.740224,-1,2
68475,617102,82.871440,40701.882647,40702.000811,0, 0, 0, 0,-99.000000,-99.000000,-99.000000,-1,1
68475,617103,83.022026,40702.033233,40702.151397,0, 0, 0, 0,-99.000000,-99.000000,-99.000000,-1,0
68475,617104,83.047965,40702.059172,40702.177336,1, 0, 0, 1,1.591069,8.328642,1.893602,-1,2
68475,617105,83.092392,40702.103599,40702.221763,1, 0, 0, 1,2.025851,7.355819,-11.723433,-1,2
68475,617106,83.174715,40702.185922,40702.304087,1, 0, 0, 1,-4.278359,-0.602819,-17.290883,-1,2
68475,617107,83.322229,40702.333436,40702.451600,1, 0, 0, 1,1.949958,-3.869485,2.012584,-1,2
68475,617108,83.644848,40702.656054,40702.774219,1, 0, 0, 1,-6.512610,-3.694758,2.176821,-1,2
68475,617109,83.843015,40702.854221,40702.972387,1, 0, 0, 1,3.928965,1.749412,4.281796,-1,2
68475,617110,84.051726,40703.062931,40703.181097,0, 0, 0, 0,-99.000000,-99.000000,-99.000000,-1,1
68475,617111,84.134622,40703.145827,40703.263994,0, 0, 0, 0,-99.000000,-99.000000,-99.000000,-1,1
68475,617112,84.268007,40703.279212,40703.397379,1, 0, 0, 1,-2.033357,5.584126,-5.821304,-1,2
68475,617113,84.289913,40703.301117,40703.419284,0, 0, 0, 0,-99.000000,-99.000000,-99.000000,-1,1
68475,617114,84.293356,40703.304561,40703.422728,1, 0, 0, 1,9.999981,6.207701,-5.277222,-1,3
68475,617115,84.623263,40703.634467,40703.752635,0, 0, 0, 0,-99.000000,-99.000000,-99.000000,-1,1
68475,617116,84.812251,40703.823455,40703.941623,1, 0, 0, 1,-0.716193,4.776067,-0.686406,-1,2
68475,617117,85.108476,40704.119679,40704.237847,0, 0, 0, 0,-99.000000,-99.000000,-99.000000,-1,1
68475,617118,85.358775,40704.369977,40704.488146,1, 0, 0, 1,7.161719,12.986615,-6.308265,-1,2
68475,617119,85.379552,40704.390755,40704.508924,0, 0, 0, 0,-99.000000,-99.000000,-99.000000,-1,1
68475,617120,85.395824,40704.407027,40704.525196,1, 0, 0, 1,2.828072,-6.873069,4.233049,-1,2
68475,617121,85.501341,40704.512543,40704.630712,1, 0, 0, 1,0.560281,-8.534999,-7.581097,-1,2
68475,617122,85.837319,40704.848521,40704.966691,1, 0, 0, 1,0.337035,-5.216291,-2.281771,-1,5
68475,617123,85.848701,40704.859903,40704.978073,1, 0, 0, 1,5.198305,5.919729,-15.644577,-1,5
68475,617124,86.073699,40705.084900,40705.203070,1, 0, 0, 1,-7.014034,-7.425410,11.055158,-1,2
68475,617125,86.199872,40705.211073,40705.329244,1, 0, 0, 1,2.444102,3.000996,-10.044063,-1,2
68475,617126,86.322149,40705.333349,40705.451520,0, 0, 0, 0,-99.000000,-99.000000,-99.000000,-1,0
68475,617127,86.769162,40705.780361,40705.898533,0, 0, 0, 0,-99.000000,-99.000000,-99.000000,-1,0
68475,617128,86.790241,40705.801440,40705.919612,1, 0, 0, 1,-7.924773,0.247258,10.944028,-1,2
68475,617129,86.798133,40705.809332,40705.927504,1, 0, 0, 1,1.715119,-0.897913,1.611236,-1,3
68475,617130,87.265935,40706.277133,40706.395306,1, 0, 0, 1,-0.058023,-0.048827,-13.963696,-1,2
68475,617131,87.380050,40706.391248,40706.509421,0, 0, 0, 0,-99.000000,-99.000000,-99.000000,-1,0
68475,617132,87.532261,40706.543459,40706.661633,1, 0, 0, 1,-2.163208,-4.073258,7.114901,-1,2
68475,617133,87.609600,40706.620798,40706.738971,1, 0, 0, 1,-0.771669,-2.116135,0.992390,-1,2
68475,617134,87.906701,40706.917898,40707.036072,1, 0, 0, 1,-5.448780,0.544902,-12.005260,-1,3
68475,617135,88.044104,40707.055301,40707.173475,0, 0, 0, 0,-99.000000,-99.000000,-99.000000,-1,1
68475,617136,88.187844,40707.199041,40707.317215,0, 0, 0, 0,-99.000000,-99.000000,-99.000000,-1,1
68475,617137,88.225143,40707.236340,40707.354514,1, 0, 0, 1,4.735287,4.776099,-2.502355,-1,2
68475,617138,88.320118,40707.331315,40707.449489,0, 0, 0, 0,-99.000000,-99.000000,-99.000000,-1,1
68475,617139,88.463192,40707.474388,40707.592563,1, 0, 0, 1,-6.424186,-5.886768,-6.953940,-1,2
68475,617140,88.579749,40707.590945,40707.709120,1, 0, 0, 1,2.297863,-2.017810,20.380739,-1,2
68475,617141,88.630382,40707.641578,40707.759753,0, 0, 0, 0,-99.000000,-99.000000,-99.000000,-1,1
68475,617142,88.745108,40707.756304,40707.874479,0, 0, 0, 0,-99.000000,-99.000000,-99.000000,-1,1
68475,617143,88.887260,40707.898455,40708.016631,1, 0, 0, 1,5.652372,5.901626,5.578021,-1,2
68475,617144,88.895298,40707.906494,40708.024670,1, 0, 0, 1,1.887309,3.721981,12.587455,-1,2
68475,617145,88.932907,40707.944103,40708.062279,0, 0, 0, 0,-99.000000,-99.000000,-99.000000,-1,1
68475,617146,88.970772,40707.981967,40708.100143,1, 0, 0, 1,0.512715,-3.700730,-12.307905,-1,2
68475,617147,89.167794,40708.178989,40708.297166,0, 0, 0, 0,-99.000000,-99.000000,-99.000000,-1,1
68475,617148,89.186706,40708.197901,40708.316078,0, 0, 0, 0,-99.000000,-99.000000,-99.000000,-1,0
68475,617149,89.284286,40708.295481,40708.413658,1, 0, 0, 1,3.352157,-5.108401,-7.054135,-1,2
68475,617150,89.341698,40708.352893,40708.471069,1, 0, 0, 1,4.162738,-2.562556,1.511356,-1,2
68475,617151,89.797159,40708.808352,40708.926530,1, 0, 0, 1,-5.574048,1.584796,-11.514202,-1,2
68475,617152,89.912175,40708.923369,40709.041547,1, 0, 0, 1,5.539836,0.030425,-4.720867,-1,2
68475,617153,89.946955,40708.958148,40709.076326,1, 0, 0, 1,3.714804,7.490030,18.107663,-1,2
68475,617154,89.993069,40709.004262,40709.122440,1, 0, 0, 1,2.463728,6.336504,13.864386,-1,2
68475,617155,90.174505,40709.185698,40709.303877,0, 0, 0, 0,-99.000000,-99.000000,-99.000000,-1,1
68475,617156,90.268570,40709.279763,40709.397941,1, 0, 0, 1,7.134821,2.405391,2.218220,-1,2
68475,617157,90.308479,40709.319671,40709.437850,0, 0, 0, 0,-99.000000,-99.000000,-99.000000,-1,1
68475,617158,90.325149,40709.336341,40709.454520,0, 0, 0, 0,-99.000000,-99.000000,-99.000000,-1,1
68475,617159,90.717611,40709.728803,40709.846982,0, 0, 0, 0,-99.000000,-99.000000,-99.000000,-1,0
68475,617160,90.747981,40709.759173,40709.877352,0, 0, 0, 0,-99.000000,-99.000000,-99.000000,-1,1
68475,617161,90.760752,40709.771944,40709.890124,1, 0, 0, 1,0.645925,-7.724672,3.593997,-1,2
68475,617162,90.901298,40709.912489,40710.030669,1, 0, 0, 1,-4.436471,3.676760,-15.145940,-1,2
68475,617163,90.931235,40709.942426,40710.060606,0, 0, 0, 0,-99.000000,-99.000000,-99.000000,-1,0
68475,617164,90.999818,40710.011009,40710.129189,1, 0, 0, 1,-1.342623,1.774930,-15.175033,-1,2
68475,617165,91.107389,40710.118579,40710.236760,0, 0, 0, 0,-99.000000,-99.000000,-99.000000,-1,1
68475,617166,91.311444,40710.322635,40710.440816,0, 0, 0, 0,-99.000000,-99.000000,-99.000000,-1,0
68475,617167,91.335960,40710.347151,40710.465332,0, 0, 0, 0,-99.000000,-99.000000,-99.000000,-1,1
68475,617168,91.348228,40710.359418,40710.477599,0, 0, 0, 0,-99.000000,-99.000000,-99.000000,-1,0
68475,617169,91.606598,40710.617788,40710.735969,1, 0, 0, 1,7.556710,-1.597062,-11.370991,-1,2
68475,617170,91.647021,40710.658211,40710.776392,1, 0, 0, 1,1.373016,7.012679,18.172800,-1,2
68475,617171,91.681112,40710.692301,40710.810483,0, 0, 0, 0,-99.000000,-99.000000,-99.000000,-1,1
68475,617172,91.983395,40710.994584,40711.112767,1, 0, 0, 1,-1.775375,-4.151932,-8.572454,-1,2
68475,617173,92.039410,40711.050599,40711.168782,1, 0, 0, 1,5.467118,5.074158,-2.328511,-1,2
68475,617174,92.116617,40711.127806,40711.245989,1, 0, 0, 1,-1.509537,-0.555531,-0.384070,-1,2
68475,617175,92.165188,40711.176377,40711.294559,0, 0, 0, 0,-99.000000,-99.000000,-99.000000,-1,0
68475,617176,92.321614,40711.332803,40711.450985,0, 0, 0, 0,-99.000000,-99.000000,-99.000000,-1,1
68475,617177,92.387252,40711.398440,40711.516623,0, 0, 0, 0,-99.000000,-99.000000,-99.000000,-1,0
68475,617178,92.594953,40711.606141,40711.724324,0, 0, 0, 0,-99.000000,-99.000000,-99.000000,-1,1
68475,617179,92.733074,40711.744262,40711.862446,1, 0, 0, 1,4.117242,2.302327,-0.477667,-1,2
68475,617180,92.741078,40711.752266,40711.870449,1, 0, 0, 1,-6.454579,-2.418169,13.401032,-1,2
68475,617181,92.754344,40711.765532,40711.883715,1, 0, 0, 1,-2.989253,2.779970,-3.090975,-1,2
68475,617182,92.801223,40711.812411,40711.930595,0, 0, 0, 0,-99.000000,-99.000000,-99.000000,-1,0
68475,617183,92.880434,40711.891621,40712.009805,1, 0, 0, 1,-6.607286,4.655685,-14.870611,-1,2
68475,617184,92.918786,40711.929973,40712.048157,1, 0, 0, 1,4.861840,-0.072749,-13.078320,-1,2
68475,617185,93.073143,40712.084330,40712.202514,0, 0, 0, 0,-99.000000,-99.000000,-99.000000,-1,1
68475,617186,93.142233,40712.153420,40712.271605,0, 0, 0, 0,-99.000000,-99.000000,-99.000000,-1,1
68475,617187,93.310747,40712.321934,40712.440118,0, 0, 0, 0,-99.000000,-99.000000,-99.000000,-1,1
68475,617188,93.313135,40712.324321,40712.442506,1, 0, 0, 1,3.072868,7.107000,-5.134352,-1,2
68475,617189,93.314084,40712.325271,40712.443455,0, 0, 0, 0,-99.000000,-99.000000,-99.000000,-1,0
68475,617190,93.340827,40712.352013,40712.470198,1, 0, 0, 1,-9.931428,-1.104780,8.010129,-1,2
68475,617191,93.603731,40712.614917,40712.733102,1, 0, 0, 1,4.678111,-2.902996,16.985327,-1,2
68475,617192,93.616496,40712.627682,40712.745868,0, 0, 0, 0,-99.000000,-99.000000,-99.000000,-1,1
68475,617193,93.947163,40712.958348,40713.076534,0, 0, 0, 0,-99.000000,-99.000000,-99.000000,-1,0
68475,617194,94.076434,40713.087620,40713.205806,1, 0, 0, 1,-6.128977,7.877458,15.311055,-1,2
68475,617195,94.116511,40713.127695,40713.245882,0, 0, 0, 0,-99.000000,-99.000000,-99.000000,-1,1
68475,617196,94.566529,40713.577713,40713.695900,0, 0, 0, 0,-99.000000,-99.000000,-99.000000,-1,1
68475,617197,94.583946,40713.595130,40713.713317,0, 0, 0, 0,-99.000000,-99.000000,-99.000000,-1,1
68475,617198,94.599536,40713.610720,40713.728907,0, 0, 0, 0,-99.000000,-99.000000,-99.000000,-1,1
68475,617199,95.018435,40714.029618,40714.147806,1, 0, 0, 1,-4.580894,-5.641070,15.144916,-1,3
68475,617200,95.130130,40714.141313,40714.259502,1, 0, 0, 1,-5.632975,2.114925,-16.104787,-1,2
68475,617201,95.277042,40714.288224,40714.406413,1, 0, 0, 1,-1.047788,4.083015,-22.603982,-1,2
68475,617202,95.299066,40714.310248,40714.428437,1, 0, 0, 1,1.405230,-3.828677,7.731476,-1,2
68475,617203,95.364495,40714.375677,40714.493866,0, 0, 0, 0,-99.000000,-99.000000,-99.000000,-1,1
68475,617204,95.487374,40714.498556,40714.616745,1, 0, 0, 1,-7.480063,2.393030,10.689966,-1,2
68475,617205,95.517974,40714.529156,40714.647345,0, 0, 0, 0,-99.000000,-99.000000,-99.000000,-1,0
68475,617206,95.618230,40714.629412,40714.747602,0, 0, 0, 0,-99.000000,-99.000000,-99.000000,-1,0
68475,617207,95.781241,40714.792423,40714.910612,0, 0, 0, 0,-99.000000,-99.000000,-99.000000,-1,1
68475,617208,95.840297,40714.851479,40714.969668,1, 0, 0, 1,-2.470390,-7.793065,2.627716,-1,2
68475,617209,95.843564,40714.854746,40714.972936,1, 0, 0, 1,-2.082250,-1.324598,-0.272385,-1,2
68475,617210,95.910995,40714.922176,40715.040366,1, 0, 0, 1,4.083647,9.999981,8.407055,-1,3
68475,617211,95.963192,40714.974374,40715.092564,1, 0, 0, 1,-7.984086,6.442089,17.638844,-1,2
68475,617212,96.121355,40715.132536,40715.250726,0, 0, 0, 0,-99.000000,-99.000000,-99.000000,-1,1
68475,617213,96.130272,40715.141453,40715.259644,0, 0, 0, 0,-99.000000,-99.000000,-99.000000,-1,1
68475,617214,96.185471,40715.196652,40715.314842,1, 0, 0, 1,4.648389,-4.008734,-2.829297,-1,2
68475,617215,96.534931,40715.546111,40715.664302,1, 0, 0, 1,-0.407209,-3.873249,7.534082,-1,2
68475,617216,96.574497,40715.585677,40715.703868,0, 0, 0, 0,-99.000000,-99.000000,-99.000000,-1,1
68475,617217,96.617982,40715.629162,40715.747353,1, 0, 0, 1,-1.857798,-0.727809,-12.360205,-1,2
68475,617218,96.787939,40715.799119,40715.917310,1, 0, 0, 1,0.351669,4.927428,-19.297419,-1,2
68475,617219,96.923263,40715.934443,40716.052635,1, 0, 0, 1,4.766290,2.943243,0.967120,-1,2
68475,617220,97.022649,40716.033828,40716.152020,1, 0, 0, 1,8.361184,0.102947,13.106226,-1,2
68475,617221,97.100422,40716.111601,40716.229793,1, 0, 0, 1,-4.830334,-1.485813,-7.411918,-1,2
68475,617222,97.147147,40716.158326,40716.276519,1, 0, 0, 1,0.586971,1.443056,-16.125155,-1,2
68475,617223,97.172642,40716.183820,40716.302013,1, 0, 0, 1,2.700491,-6.416774,9.025717,-1,2
68475,617224,97.172721,40716.183899,40716.302092,1, 0, 0, 1,-1.580597,0.243701,-13.052115,-1,2
68475,617225,97.335596,40716.346775,40716.464968,1, 0, 0, 1,0.337896,1.762297,-15.014456,-1,2
68475,617226,97.390888,40716.402066,40716.520259,1, 0, 0, 1,-3.468716,0.817433,-9.108883,-1,2
68475,617227,97.436652,40716.447831,40716.566024,0, 0, 0, 0,-99.000000,-99.000000,-99.000000,-1,0
68475,617228,97.445110,40716.456289,40716.574482,1, 0, 0, 1,-8.063148,4.788233,19.994919,-1,2
68475,617229,97.500782,40716.511960,40716.630153,0, 0, 0, 0,-99.000000,-99.000000,-99.000000,-1,0
68475,617230,97.506864,40716.518042,40716.636235,0, 0, 0, 0,-99.000000,-99.000000,-99.000000,-1,1
68475,617231,97.626756,40716.637934,40716.756127,0, 0, 0, 0,-99.000000,-99.000000,-99.000000,-1,0
68475,617232,97.780374,40716.791552,40716.909746,1, 0, 0, 1,-1.858475,6.521934,-4.113369,-1,2
68475,617233,97.849839,40716.861017,40716.979210,0, 0, 0, 0,-99.000000,-99.000000,-99.000000,-1,1
68475,617234,97.920937,40716.932114,40717.050308,1, 0, 0, 1,7.356560,2.100395,5.071182,-1,2
68475,617235,97.946876,40716.958054,40717.076248,1, 0, 0, 1,-5.341625,-2.249019,-4.375268,-1,2
68475,617236,97.975850,40716.987027,40717.105221,1, 0, 0, 1,7.545443,5.805515,9.019628,-1,2
68475,617237,97.996772,40717.007949,40717.126143,1, 0, 0, 1,2.056591,-8.761907,-12.653837,-1,2
68475,617238,98.400023,40717.411199,40717.529394,0, 0, 0, 0,-99.000000,-99.000000,-99.000000,-1,1
68475,617239,98.441963,40717.453140,40717.571335,1, 0, 0, 1,-3.128868,-7.053334,19.570181,-1,2
68475,617240,98.460976,40717.472152,40717.590347,0, 0, 0, 0,-99.000000,-99.000000,-99.000000,-1,1
68475,617241,98.466688,40717.477864,40717.596059,0, 0, 0, 0,-99.000000,-99.000000,-99.000000,-1,1
68475,617242,98.469896,40717.481072,40717.599267,1, 0, 0, 1,-5.374514,3.389758,10.653467,-1,2
68475,617243,98.478852,40717.490028,40717.608223,1, 0, 0, 1,8.142529,-2.401333,-15.980602,-1,2
68475,617244,98.586620,40717.597796,40717.715991,0, 0, 0, 0,-99.000000,-99.000000,-99.000000,-1,1
68475,617245,98.611128,40717.622304,40717.740499,1, 0, 0, 1,0.734153,-1.763632,5.474374,-1,2
68475,617246,98.641371,40717.652547,40717.770742,1, 0, 0, 1,0.500994,-12.398490,8.866776,-1,2
68475,617247,98.746231,40717.757407,40717.875602,1, 0, 0, 1,-7.117890,0.382670,-1.371292,-1,2
68475,617248,98.760591,40717.771766,40717.889962,1, 0, 0, 1,3.839719,3.481252,-4.254295,-1,2
68475,617249,98.793970,40717.805146,40717.923342,1, 0, 0, 1,-4.299333,-3.873583,3.138603,-1,2
68475,617250,98.804750,40717.815926,40717.934121,0, 0, 0, 0,-99.000000,-99.000000,-99.000000,-1,0
68475,617946,0.051232,40795.039489,40795.157838,0, 0, 0, 0,-99.000000,-99.000000,-99.000000,-1,1
68475,617947,0.117913,40795.106170,40795.224519,1, 0, 0, 1,-1.343939,5.338864,-0.586655,-1,2
68475,617948,0.133257,40795.121514,40795.239864,1, 0, 0, 1,3.561499,2.132856,-13.952813,-1,2
68475,617949,0.242865,40795.231121,40795.349471,0, 0, 0, 0,-99.000000,-99.000000,-99.000000,-1,0
68475,617950,0.242957,40795.231214,40795.349564,0, 0, 0, 0,-99.000000,-99.000000,-99.000000,-1,0
68475,617951,0.244601,40795.232858,40795.351208,0, 0, 0, 0,-99.000000,-99.000000,-99.000000,-1,0
68475,617952,0.250580,40795.238837,40795.357187,0, 0, 0, 0,-99.000000,-99.000000,-99.000000,-1,1
68475,617953,0.253407,40795.241664,40795.360014,1, 0, 0, 1,0.675397,5.099064,9.728569,-1,2
68475,617954,0.278698,40795.266955,40795.385305,1, 0, 0, 1,-3.975600,-10.963696,-19.294128,-1,2
68475,617955,0.353708,40795.341964,40795.460314,1, 0, 0, 1,0.393264,-0.416174,12.323900,-1,2
68475,617956,0.399239,40795.387495,40795.505846,0, 0, 0, 0,-99.000000,-99.000000,-99.000000,-1,0
68475,617957,0.437876,40795.426133,40795.544483,1, 0, 0, 1,-6.469056,2.260383,-5.751486,-1,2
68475,617958,0.787887,40795.776143,40795.894494,1, 0, 0, 1,7.060341,-3.691864,-11.581384,-1,2
68475,617959,0.868880,40795.857136,40795.975487,1, 0, 0, 1,1.417056,7.481804,19.627778,-1,2
68475,617960,0.909188,40795.897443,40796.015795,0, 0, 0, 0,-99.000000,-99.000000,-99.000000,-1,0
68475,617961,1.027590,40796.015845,40796.134196,1, 0, 0, 1,4.959568,1.277242,13.649178,-1,2
68475,617962,1.058368,40796.046623,40796.164975,1, 0, 0, 1,3.340458,-2.043049,-17.352647,-1,2
68475,617963,1.112872,40796.101127,40796.219479,1, 0, 0, 1,9.490909,-1.647535,-7.730405,-1,2
68475,617964,1.620102,40796.608356,40796.726709,1, 0, 0, 1,10.165991,6.968555,-15.175109,-1,2
68475,617965,1.879931,40796.868184,40796.986537,0, 0, 0, 0,-99.000000,-99.000000,-99.000000,-1,1
68475,617966,1.988708,40796.976961,40797.095315,1, 0, 0, 1,8.314885,-1.511486,-1.954987,-1,2
68475,617967,2.268117,40797.256369,40797.374723,1, 0, 0, 1,2.951229,5.422924,14.779101,-1,2
68475,617968,2.579002,40797.567254,40797.685609,1, 0, 0, 1,6.070784,6.236669,-10.270347,-1,2
68475,617969,3.197812,40798.186063,40798.304418,1, 0, 0, 1,-2.461409,-2.783842,-9.785883,-1,2
68475,617970,3.207200,40798.195451,40798.313807,0, 0, 0, 0,-99.000000,-99.000000,-99.000000,-1,0
68475,617971,3.239696,40798.227946,40798.346302,1, 0, 0, 1,3.671178,-1.859181,-7.990733,-1,2
68475,617972,3.258272,40798.246523,40798.364879,1, 0, 0, 1,-3.873916,-8.661491,14.702593,-1,2
68475,617973,3.432142,40798.420393,40798.538749,0, 0, 0, 0,-99.000000,-99.000000,-99.000000,-1,0
68475,617974,3.528599,40798.516849,40798.635205,1, 0, 0, 1,-15.345807,10.602680,0.631834,-1,2
68475,617975,3.578779,40798.567029,40798.685385,0, 0, 0, 0,-99.000000,-99.000000,-99.000000,-1,1
68475,617976,3.744325,40798.732575,40798.850932,0, 0, 0, 0,-99.000000,-99.000000,-99.000000,-1,1
68475,617977,3.935360,40798.923609,40799.041966,1, 0, 0, 1,-4.311462,-1.385839,-10.299450,-1,2
68475,617978,3.942653,40798.930902,40799.049260,0, 0, 0, 0,-99.000000,-99.000000,-99.000000,-1,1
68475,617979,4.236021,40799.224270,40799.342627,0, 0, 0, 0,-99.000000,-99.000000,-99.000000,-1,1
68475,617980,4.460876,40799.449124,40799.567483,1, 0, 0, 1,3.670009,-2.388216,-14.172909,-1,2
68475,617981,4.501185,40799.489433,40799.607791,0, 0, 0, 0,-99.000000,-99.000000,-99.000000,-1,0
68475,617982,4.592014,40799.580262,40799.698621,0, 0, 0, 0,-99.000000,-99.000000,-99.000000,-1,1
68475,617983,4.613494,40799.601742,40799.720101,1, 0, 0, 1,1.366374,-4.684386,-15.039476,-1,2
68475,617984,4.650653,40799.638901,40799.757260,1, 0, 0, 1,-1.349866,3.771789,-12.302764,-1,2
68475,617985,4.811556,40799.799804,40799.918163,0, 0, 0, 0,-99.000000,-99.000000,-99.000000,-1,0
68475,617986,4.886563,40799.874810,40799.993169,1, 0, 0, 1,-4.613854,1.905644,5.652401,-1,2
68475,617987,4.950406,40799.938653,40800.057013,1, 0, 0, 1,-0.885290,5.401964,-16.668995,-1,2
68475,617988,4.988541,40799.976788,40800.095148,0, 0, 0, 0,-99.000000,-99.000000,-99.000000,-1,0
68475,617989,5.189834,40800.178080,40800.296440,1, 0, 0, 1,8.437485,6.690321,6.551957,-1,2
68475,617990,5.205933,40800.194179,40800.312539,0, 0, 0, 0,-99.000000,-99.000000,-99.000000,-1,1
68475,617991,5.239303,40800.227550,40800.345910,0, 0, 0, 0,-99.000000,-99.000000,-99.000000,-1,1
68475,617992,5.439384,40800.427630,40800.545991,1, 0, 0, 1,2.388375,-6.707601,-18.850779,-1,2
68475,617993,5.509443,40800.497689,40800.616049,1, 0, 0, 1,7.828753,0.770413,-9.980072,-1,2
68475,617994,5.544342,40800.532588,40800.650949,0, 0, 0, 0,-99.000000,-99.000000,-99.000000,-1,1
68475,617995,5.816588,40800.804834,40800.923195,1, 0, 0, 1,-4.202514,0.252657,-5.480491,-1,2
68475,617996,5.857732,40800.845978,40800.964339,0, 0, 0, 0,-99.000000,-99.000000,-99.000000,-1,1
68475,617997,5.952929,40800.941175,40801.059536,1, 0, 0, 1,3.530355,4.531188,8.424565,-1,2
68475,617998,5.997727,40800.985972,40801.104333,0, 0, 0, 0,-99.000000,-99.000000,-99.000000,-1,1
68475,617999,6.618409,40801.606653,40801.725015,0, 0, 0, 0,-99.000000,-99.000000,-99.000000,-1,0
68475,618000,6.852712,40801.840956,40801.959319,1, 0, 0, 1,-13.884980,1.706631,-15.140429,-1,2
68475,618001,6.860578,40801.848821,40801.967184,0, 0, 0, 0,-99.000000,-99.000000,-99.000000,-1,1
68475,618002,6.918087,40801.906331,40802.024694,0, 0, 0, 0,-99.000000,-99.000000,-99.000000,-1,0
68475,618003,7.255647,40802.243889,40802.362253,0, 0, 0, 0,-99.000000,-99.000000,-99.000000,-1,1
68475,618004,7.259831,40802.248073,40802.366437,1, 0, 0, 1,-4.171053,4.297040,-7.256854,-1,2
68475,618005,7.267298,40802.255540,40802.373904,0, 0, 0, 0,-99.000000,-99.000000,-99.000000,-1,1
68475,618006,7.483271,40802.471514,40802.589878,1, 0, 0, 1,2.570688,0.168244,13.126685,-1,2
68475,618007,7.489246,40802.477489,40802.595853,0, 0, 0, 0,-99.000000,-99.000000,-99.000000,-1,1
68475,618008,7.491909,40802.480151,40802.598515,0, 0, 0, 0,-99.000000,-99.000000,-99.000000,-1,1
68475,618009,7.584758,40802.573000,40802.691364,1, 0, 0, 1,-1.626687,5.141036,-6.469987,-1,2
68475,618010,7.717898,40802.706140,40802.824504,1, 0, 0, 1,1.552356,3.892081,-6.507114,-1,2
68475,618011,7.915760,40802.904001,40803.022366,1, 0, 0, 1,6.007840,-2.239339,-8.083232,-1,2
68475,618012,7.967326,40802.955567,40803.073933,1, 0, 0, 1,-0.786737,-9.204865,10.566841,-1,2
68475,618013,8.164425,40803.152665,40803.271031,0, 0, 0, 0,-99.000000,-99.000000,-99.000000,-1,1
68475,618746,0.008445,40880.350961,40880.469480,0, 0, 0, 0,-99.000000,-99.000000,-99.000000,-1,1
68475,618747,0.015287,40880.357802,40880.476322,1, 0, 0, 1,6.014783,-2.397152,-6.287696,-1,2
68475,618748,0.136350,40880.478866,40880.597385,0, 0, 0, 0,-99.000000,-99.000000,-99.000000,-1,0
68475,618749,0.162069,40880.504584,40880.623104,0, 0, 0, 0,-99.000000,-99.000000,-99.000000,-1,1
68475,618750,0.522929,40880.865444,40880.983964,0, 0, 0, 0,-99.000000,-99.000000,-99.000000,-1,1
68475,618751,0.659763,40881.002278,40881.120798,1, 0, 0, 1,-5.180153,-3.362576,2.078329,-1,2
68475,618752,0.784378,40881.126893,40881.245413,1, 0, 0, 1,3.267992,6.345226,12.797739,-1,2
68475,618753,0.963716,40881.306230,40881.424751,0, 0, 0, 0,-99.000000,-99.000000,-99.000000,-1,0
68475,618754,1.387348,40881.729861,40881.848383,1, 1, 1, 1,-2.197610,-1.380322,-30.405835,-1,2
68475,618755,1.559496,40881.902008,40882.020530,1, 0, 0, 1,6.542404,1.910480,-3.988989,-1,2
68475,618756,1.596543,40881.939056,40882.057578,0, 0, 0, 0,-99.000000,-99.000000,-99.000000,-1,1
68475,618757,1.687653,40882.030165,40882.148687,0, 0, 0, 0,-99.000000,-99.000000,-99.000000,-1,0
68475,618758,1.752688,40882.095200,40882.213722,1, 0, 0, 1,-4.618383,-6.928461,18.726820,-1,2
68475,618759,2.183495,40882.526006,40882.644530,0, 0, 0, 0,-99.000000,-99.000000,-99.000000,-1,1
68475,618760,2.388638,40882.731149,40882.849673,0, 0, 0, 0,-99.000000,-99.000000,-99.000000,-1,1
68475,618761,2.799888,40883.142399,40883.260923,0, 0, 0, 0,-99.000000,-99.000000,-99.000000,-1,1
68475,618762,3.281004,40883.623513,40883.742038,1, 0, 0, 1,3.912413,2.863451,14.518396,-1,2
68475,618763,3.291982,40883.634492,40883.753017,0, 0, 0, 0,-99.000000,-99.000000,-99.000000,-1,1
68475,618764,3.430877,40883.773386,40883.891911,0, 0, 0, 0,-99.000000,-99.000000,-99.000000,-1,0
68475,618765,3.534818,40883.877327,40883.995853,1, 0, 0, 1,-2.413821,3.207458,-4.512024,-1,2
68475,618766,3.598755,40883.941264,40884.059790,1, 0, 0, 1,-1.322405,-4.503717,-11.823061,-1,2
68475,618767,3.641273,40883.983782,40884.102308,0, 0, 0, 0,-99.000000,-99.000000,-99.000000,-1,1
68475,618768,3.763211,40884.105719,40884.224246,0, 0, 0, 0,-99.000000,-99.000000,-99.000000,-1,1
68475,618769,4.128792,40884.471300,40884.589827,0, 0, 0, 0,-99.000000,-99.000000,-99.000000,-1,0
68475,618770,4.281019,40884.623526,40884.742053,1, 0, 0, 1,3.765840,6.931694,8.825372,-1,2
68475,618771,4.568801,40884.911308,40885.029836,0, 0, 0, 0,-99.000000,-99.000000,-99.000000,-1,0
68475,618772,4.717844,40885.060350,40885.178879,1, 0, 0, 1,-3.592683,-1.548525,-3.341918,-1,2
68475,618773,4.944610,40885.287116,40885.405645,0, 0, 0, 0,-99.000000,-99.000000,-99.000000,-1,1
68475,618774,5.182982,40885.525487,40885.644016,1, 0, 0, 1,-5.458990,-3.610913,-16.324036,-1,2
68475,618775,5.330078,40885.672583,40885.791113,1, 0, 0, 1,1.302398,1.223918,16.897926,-1,2
68475,618776,5.370786,40885.713291,40885.831821,1, 0, 0, 1,-0.134834,5.558906,6.106034,-1,2
68475,618777,5.375117,40885.717622,40885.836152,1, 0, 0, 1,7.716524,-0.433238,4.661428,-1,2
68475,618778,5.395093,40885.737598,40885.856128,1, 0, 0, 1,5.982852,2.002117,3.597806,-1,2
68475,618779,5.457242,40885.799747,40885.918277,1, 0, 0, 1,8.154423,1.938360,-8.739891,-1,2
68475,618780,5.490468,40885.832973,40885.951503,0, 0, 0, 0,-99.000000,-99.000000,-99.000000,-1,0
68475,618781,5.583641,40885.926145,40886.044675,1, 0, 0, 1,5.640966,-2.638242,6.885790,-1,2
68475,618782,5.723652,40886.066157,40886.184687,1, 0, 0, 1,-2.566157,-1.619127,5.877232,-1,2
68475,618783,5.731663,40886.074167,40886.192698,1, 0, 0, 1,-0.277157,2.354655,17.094422,-1,2
68475,618784,5.886107,40886.228611,40886.347142,1, 0, 0, 1,6.189105,-3.515005,1.423722,-1,2
68475,618785,5.903524,40886.246028,40886.364559,0, 0, 0, 0,-99.000000,-99.000000,-99.000000,-1,0
68475,618786,6.097697,40886.440200,40886.558732,0, 0, 0, 0,-99.000000,-99.000000,-99.000000,-1,0
68475,618787,6.136004,40886.478508,40886.597039,0, 0, 0, 0,-99.000000,-99.000000,-99.000000,-1,0
68475,618788,6.234899,40886.577402,40886.695934,0, 0, 0, 0,-99.000000,-99.000000,-99.000000,-1,1
68475,618789,6.238659,40886.581162,40886.699694,1, 0, 0, 1,2.397404,-1.691448,-12.962909,-1,2
68475,618790,6.265937,40886.608441,40886.726972,0, 0, 0, 0,-99.000000,-99.000000,-99.000000,-1,0
68475,618791,6.655350,40886.997853,40887.116385,0, 0, 0, 0,-99.000000,-99.000000,-99.000000,-1,1
68475,618792,6.717926,40887.060428,40887.178960,1, 0, 0, 1,0.639157,-2.830831,5.038968,-1,2
68475,618793,6.736073,40887.078575,40887.197107,1, 0, 0, 1,9.999981,-3.705708,-3.731205,-1,3
68475,618794,6.845237,40887.187739,40887.306272,0, 0, 0, 0,-99.000000,-99.000000,-99.000000,-1,1
68475,618795,6.984288,40887.326790,40887.445323,1, 0, 0, 1,-2.492315,-5.665932,12.534304,-1,2
68475,618796,7.025938,40887.368440,40887.486973,0, 0, 0, 0,-99.000000,-99.000000,-99.000000,-1,0
68475,618797,7.044287,40887.386789,40887.505322,0, 0, 0, 0,-99.000000,-99.000000,-99.000000,-1,1
68475,618798,7.093461,40887.435962,40887.554495,0, 0, 0, 0,-99.000000,-99.000000,-99.000000,-1,0
68475,618799,7.190801,40887.533303,40887.651836,1, 0, 0, 1,-1.169435,-7.012220,16.604900,-1,3
68475,618800,7.249049,40887.591550,40887.710083,1, 0, 0, 1,-1.477237,-6.382239,-1.527751,-1,3
68475,618801,7.253144,40887.595645,40887.714178,0, 0, 0, 0,-99.000000,-99.000000,-99.000000,-1,1
68475,618802,7.577671,40887.920172,40888.038706,1, 0, 0, 1,5.972021,-0.678839,16.828158,-1,2
68475,618803,7.753245,40888.095745,40888.214280,1, 0, 0, 1,-4.336584,4.728600,-6.370290,-1,2
68475,618804,7.764962,40888.107463,40888.225997,1, 0, 0, 1,-3.992975,4.064027,-16.990088,-1,2
68475,618805,7.898630,40888.241130,40888.359665,1, 0, 0, 1,-1.111902,-8.930945,12.437069,-1,2
68475,618806,7.942379,40888.284879,40888.403414,1, 0, 0, 1,0.933571,6.474028,4.727989,-1,3
68475,618807,8.078599,40888.421098,40888.539633,1, 0, 0, 1,1.074785,1.216555,7.161437,-1,2
68475,618808,8.119773,40888.462272,40888.580807,0, 0, 0, 0,-99.000000,-99.000000,-99.000000,-1,1
68475,619494,0.067808,40965.799768,40965.918456,1, 1, 1, 1,-2.553981,1.352070,-6.590512,-1,9
68475,619495,0.069189,40965.801149,40965.919837,1, 0, 0, 1,5.639112,4.992093,15.776371,-1,2
68475,619496,0.118762,40965.850722,40965.969410,1, 0, 0, 1,-7.651310,3.359645,-12.669790,-1,2
68475,619497,0.212527,40965.944487,40966.063175,1, 0, 0, 1,-1.010349,-2.612743,12.776547,-1,2
68475,619498,0.335746,40966.067705,40966.186393,1, 0, 0, 1,-2.223135,-5.089911,15.665153,-1,2
68475,619499,0.416623,40966.148582,40966.267270,1, 0, 0, 1,7.273209,0.621114,-21.392824,-1,2
68475,619500,0.492635,40966.224594,40966.343283,0, 0, 0, 0,-99.000000,-99.000000,-99.000000,-1,1
68475,619501,0.568070,40966.300029,40966.418718,1, 0, 0, 1,0.731132,3.671674,17.076862,-1,2
68475,619502,0.576846,40966.308805,40966.427494,0, 0, 0, 0,-99.000000,-99.000000,-99.000000,-1,0
68475,619503,0.602119,40966.334078,40966.452767,0, 0, 0, 0,-99.000000,-99.000000,-99.000000,-1,1
68475,619504,0.634082,40966.366040,40966.484729,1, 0, 0, 1,7.723785,6.240637,6.093599,-1,2
68475,619505,0.636118,40966.368076,40966.486765,1, 0, 0, 1,5.742967,-5.860862,13.262739,-1,2
68475,619506,0.644368,40966.376327,40966.495016,1, 0, 0, 1,3.382079,-3.665811,-13.446829,-1,2
68475,619507,0.816148,40966.548106,40966.666796,0, 0, 0, 0,-99.000000,-99.000000,-99.000000,-1,0
68475,619508,0.873904,40966.605863,40966.724552,0, 0, 0, 0,-99.000000,-99.000000,-99.000000,-1,1
68475,619509,0.949614,40966.681572,40966.800262,1, 0, 0, 1,-4.784648,-4.496457,7.699154,-1,2
68475,619510,1.015977,40966.747934,40966.866624,0, 0, 0, 0,-99.000000,-99.000000,-99.000000,-1,1
68475,619511,1.044276,40966.776234,40966.894924,1, 0, 0, 1,6.792165,-5.479293,20.083312,-1,2
68475,619512,1.124963,40966.856920,40966.975611,0, 0, 0, 0,-99.000000,-99.000000,-99.000000,-1,1
68475,619513,1.135731,40966.867689,40966.986379,0, 0, 0, 0,-99.000000,-99.000000,-99.000000,-1,1
68475,619514,1.192974,40966.924931,40967.043622,1, 0, 0, 1,-1.978533,3.317353,-1.823651,-1,2
68475,619515,1.281330,40967.013287,40967.131978,1, 0, 0, 1,5.091963,-0.764601,14.504001,-1,2
68475,619516,1.340932,40967.072889,40967.191580,1, 0, 0, 1,-2.137381,4.201759,-3.840379,-1,2
68475,619517,1.418021,40967.149978,40967.268669,0, 0, 0, 0,-99.000000,-99.000000,-99.000000,-1,1
68475,619518,1.451090,40967.183047,40967.301738,0, 0, 0, 0,-99.000000,-99.000000,-99.000000,-1,1
68475,619519,1.554066,40967.286023,40967.404714,1, 0, 0, 1,6.787640,2.566333,-17.075547,-1,2
68475,619520,1.683688,40967.415644,40967.534336,1, 0, 0, 1,-1.590511,5.247868,14.126609,-1,2
68475,619521,1.807002,40967.538959,40967.657650,1, 0, 0, 1,-2.471056,0.432853,-7.387417,-1,2
68475,619522,1.952945,40967.684901,40967.803593,0, 0, 0, 0,-99.000000,-99.000000,-99.000000,-1,1
68475,619523,1.955714,40967.687670,40967.806362,1, 0, 0, 1,-1.657333,-3.249506,17.734266,-1,2
68475,619524,2.253929,40967.985884,40968.104577,1, 0, 0, 1,8.319610,2.628429,-16.700831,-1,2
68475,619525,2.425116,40968.157071,40968.275764,1, 0, 0, 1,-0.821722,-3.060866,21.328845,-1,2
68475,619526,2.540276,40968.272231,40968.390924,1, 0, 0, 1,3.482744,4.726699,15.422541,-1,2
68475,619527,2.656546,40968.388500,40968.507194,1, 0, 0, 1,-0.817306,1.759070,-9.270488,-1,2
68475,619528,2.821280,40968.553234,40968.671927,1, 0, 0, 1,3.560658,-7.839012,-14.781664,-1,2
68475,619529,3.017615,40968.749569,40968.868263,1, 0, 0, 1,-4.087195,4.656122,2.641142,-1,2
68475,619530,3.040266,40968.772220,40968.890914,1, 0, 0, 1,-1.777507,0.253923,17.104867,-1,2
68475,619531,3.153199,40968.885153,40969.003847,1, 0, 0, 1,6.159754,5.285055,9.566982,-1,2
68475,619532,3.298974,40969.030928,40969.149622,1, 0, 0, 1,-5.958866,6.299534,-11.841427,-1,2
68475,619533,3.362710,40969.094663,40969.213358,1, 0, 0, 1,-4.545684,2.393611,-15.472153,-1,2
68475,619534,3.439411,40969.171364,40969.290059,1, 0, 0, 1,2.845733,-6.679393,14.400426,-1,2
68475,619535,3.465228,40969.197181,40969.315876,1, 0, 0, 1,-3.863930,2.301952,18.468893,-1,2
68475,619536,3.532121,40969.264074,40969.382769,1, 0, 0, 1,-0.069604,-3.491329,17.452938,-1,2
68475,619537,3.773056,40969.505008,40969.623703,1, 0, 0, 1,-7.347637,0.716318,12.691446,-1,2
68475,619538,3.802456,40969.534409,40969.653104,0, 0, 0, 0,-99.000000,-99.000000,-99.000000,-1,1
68475,619539,3.808333,40969.540285,40969.658980,0, 0, 0, 0,-99.000000,-99.000000,-99.000000,-1,1
68475,619540,3.891323,40969.623275,40969.741970,1, 0, 0, 1,-0.614236,-4.332142,-10.939437,-1,2
68475,619541,3.937431,40969.669383,40969.788079,1, 0, 0, 1,-2.808677,6.569196,10.794968,-1,2
68475,619542,3.959319,40969.691271,40969.809967,1, 0, 0, 1,6.137902,-3.383766,-14.120250,-1,2
68475,619543,3.987420,40969.719372,40969.838068,1, 0, 0, 1,-8.340752,7.237055,7.620456,-1,2
68475,619544,3.993713,40969.725665,40969.844361,0, 0, 0, 0,-99.000000,-99.000000,-99.000000,-1,0
68475,619545,4.130233,40969.862184,40969.980880,1, 0, 0, 1,2.625920,-9.283852,1.335217,-1,2
68475,619546,4.168061,40969.900013,40970.018709,0, 0, 0, 0,-99.000000,-99.000000,-99.000000,-1,0
68475,619547,4.232226,40969.964177,40970.082873,1, 0, 0, 1,-0.700600,-4.123465,-8.179073,-1,2
68475,619548,4.391251,40970.123203,40970.241899,0, 0, 0, 0,-99.000000,-99.000000,-99.000000,-1,1
68475,619549,4.503270,40970.235221,40970.353918,1, 0, 0, 1,-2.325268,-1.988432,15.126821,-1,2
68475,619550,4.644424,40970.376375,40970.495072,0, 0, 0, 0,-99.000000,-99.000000,-99.000000,-1,1
68475,619551,4.732323,40970.464274,40970.582971,1, 0, 0, 1,7.578905,-1.862370,3.730323,-1,2
68475,619552,4.845209,40970.577159,40970.695857,1, 0, 0, 1,-1.186562,-9.054250,9.901379,-1,2
68475,619553,4.846816,40970.578766,40970.697464,0, 0, 0, 0,-99.000000,-99.000000,-99.000000,-1,0
68475,619554,4.954531,40970.686481,40970.805179,1, 0, 0, 1,4.124754,2.887369,7.497408,-1,2
68475,619555,5.021593,40970.753543,40970.872241,1, 0, 0, 1,1.264396,-8.370224,9.843980,-1,2
68475,619556,5.140180,40970.872130,40970.990828,1, 0, 0, 1,0.514888,0.787879,8.472561,-1,2
68475,619557,5.182923,40970.914873,40971.033571,1, 0, 0, 1,-3.470735,-9.999981,-1.124915,-1,3
68475,619558,5.272167,40971.004117,40971.122815,1, 0, 0, 1,-8.247827,7.018986,-10.579258,-1,2
68475,619559,5.302121,40971.034070,40971.152769,1, 0, 0, 1,7.860894,-1.843495,19.926557,-1,2
68475,619560,5.325884,40971.057833,40971.176532,0, 0, 0, 0,-99.000000,-99.000000,-99.000000,-1,1
68475,619561,5.329313,40971.061262,40971.179961,1, 0, 0, 1,4.505451,2.274631,-11.998904,-1,2
68475,619562,5.484576,40971.216525,40971.335224,1, 0, 0, 1,-5.116125,-7.118935,-15.454104,-1,2
68475,619563,5.855889,40971.587838,40971.706537,0, 0, 0, 0,-99.000000,-99.000000,-99.000000,-1,1
68475,619564,5.868386,40971.600335,40971.719034,1, 0, 0, 1,-1.129095,-1.016087,2.010580,-1,2
68475,619565,5.943692,40971.675640,40971.794340,1, 0, 0, 1,-0.409918,4.955580,-2.051007,-1,2
68475,619566,6.088150,40971.820098,40971.938798,0, 0, 0, 0,-99.000000,-99.000000,-99.000000,-1,1
68475,619567,6.129323,40971.861271,40971.979971,0, 0, 0, 0,-99.000000,-99.000000,-99.000000,-1,1
68475,619568,6.147681,40971.879629,40971.998329,0, 0, 0, 0,-99.000000,-99.000000,-99.000000,-1,1
68475,619569,6.168649,40971.900597,40972.019297,1, 0, 0, 1,3.896702,5.757448,-6.720465,-1,2
68475,619570,6.178185,40971.910132,40972.028832,1, 0, 0, 1,1.840902,-6.733327,8.049718,-1,2
68475,619571,6.841485,40972.573431,40972.692132,0, 0, 0, 0,-99.000000,-99.000000,-99.000000,-1,0
68475,619572,6.891016,40972.622962,40972.741663,1, 0, 0, 1,4.327610,0.988169,-6.583654,-1,2
68475,619573,7.099282,40972.831228,40972.949930,1, 0, 0, 1,3.079822,2.709397,2.480907,-1,2
68475,619574,7.222060,40972.954006,40973.072708,1, 0, 0, 1,-3.575030,6.337324,-9.253278,-1,2
68475,619575,7.333468,40973.065413,40973.184116,0, 0, 0, 0,-99.000000,-99.000000,-99.000000,-1,0
68475,619576,7.356494,40973.088439,40973.207142,0, 0, 0, 0,-99.000000,-99.000000,-99.000000,-1,1
68475,619577,7.704491,40973.436436,40973.555139,1, 0, 0, 1,0.144259,0.573652,1.008456,-1,2
68475,619578,7.769685,40973.501630,40973.620333,0, 0, 0, 0,-99.000000,-99.000000,-99.000000,-1,1
68475,619579,7.870758,40973.602702,40973.721405,1, 0, 0, 1,4.833711,5.709812,4.567695,-1,2
68475,619580,7.893913,40973.625857,40973.744560,0, 0, 0, 0,-99.000000,-99.000000,-99.000000,-1,1
68475,619581,8.072439,40973.804383,40973.923087,1, 0, 0, 1,7.224272,-1.387843,1.549155,-1,2
68475,619582,8.077636,40973.809579,40973.928283,1, 0, 0, 1,-3.114503,-1.774198,14.334165,-1,2
68475,619583,8.187390,40973.919333,40974.038038,0, 0, 0, 0,-99.000000,-99.000000,-99.000000,-1,1
68475,620329,0.120144,41051.165141,41051.283997,1, 0, 0, 1,-0.780425,7.370822,-13.090466,-1,2
68475,620330,0.123132,41051.168129,41051.286985,1, 0, 0, 1,5.577690,8.157175,5.455690,-1,3
68475,620331,0.195527,41051.240524,41051.359381,1, 0, 0, 1,-2.897863,-2.336322,-17.843825,-1,2
68475,620332,0.256278,41051.301275,41051.420132,1, 0, 0, 1,-8.207785,3.023749,-8.662755,-1,2
68475,620333,0.286431,41051.331428,41051.450285,1, 0, 0, 1,1.689676,-2.125538,12.088585,-1,2
68475,620334,0.413996,41051.458992,41051.577849,1, 0, 0, 1,5.530497,1.596276,-7.946678,-1,2
68475,620335,0.670839,41051.715835,41051.834693,0, 0, 0, 0,-99.000000,-99.000000,-99.000000,-1,0
68475,620336,0.741966,41051.786962,41051.905819,0, 0, 0, 0,-99.000000,-99.000000,-99.000000,-1,1
68475,620337,0.767475,41051.812471,41051.931329,1, 0, 0, 1,3.515711,4.281778,-10.983196,-1,2
68475,620338,0.921798,41051.966794,41052.085652,1, 0, 0, 1,-4.200069,6.450485,-18.707127,-1,2
68475,620339,1.039592,41052.084587,41052.203445,1, 0, 0, 1,7.603834,3.327741,-7.295615,-1,2
68475,620340,1.102190,41052.147185,41052.266044,0, 0, 0, 0,-99.000000,-99.000000,-99.000000,-1,1
68475,620341,1.146314,41052.191309,41052.310168,1, 0, 0, 1,-1.827162,6.945697,1.180754,-1,2
68475,620342,1.197719,41052.242714,41052.361573,1, 0, 0, 1,-1.526433,8.955923,-1.828103,-1,2
68475,620343,1.212540,41052.257535,41052.376394,0, 0, 0, 0,-99.000000,-99.000000,-99.000000,-1,0
68475,620344,1.240775,41052.285770,41052.404629,0, 0, 0, 0,-99.000000,-99.000000,-99.000000,-1,1
68475,620345,1.414960,41052.459955,41052.578814,0, 0, 0, 0,-99.000000,-99.000000,-99.000000,-1,0
68475,620346,1.446251,41052.491245,41052.610104,1, 0, 0, 1,-2.625466,0.493099,-12.354873,-1,2
68475,620347,1.519775,41052.564769,41052.683628,0, 0, 0, 0,-99.000000,-99.000000,-99.000000,-1,1
68475,620348,1.591219,41052.636213,41052.755072,0, 0, 0, 0,-99.000000,-99.000000,-99.000000,-1,0
68475,620349,1.636649,41052.681643,41052.800503,1, 0, 0, 1,2.479052,0.817494,5.649873,-1,2
68475,620350,1.774644,41052.819637,41052.938497,1, 0, 0, 1,1.160499,7.301443,6.075013,-1,12
68475,620351,1.845615,41052.890609,41053.009469,0, 0, 0, 0,-99.000000,-99.000000,-99.000000,-1,1
68475,620352,1.912479,41052.957472,41053.076332,1, 0, 0, 1,0.458818,-4.234729,5.612322,-1,2
68475,620353,1.965687,41053.010680,41053.129540,0, 0, 0, 0,-99.000000,-99.000000,-99.000000,-1,0
68475,620354,1.982148,41053.027141,41053.146001,0, 0, 0, 0,-99.000000,-99.000000,-99.000000,-1,1
68475,620355,2.065534,41053.110527,41053.229387,1, 0, 0, 1,4.697076,0.632082,0.485417,-1,2
68475,620356,2.210566,41053.255559,41053.374420,0, 0, 0, 0,-99.000000,-99.000000,-99.000000,-1,1
68475,620357,2.333357,41053.378350,41053.497211,0, 0, 0, 0,-99.000000,-99.000000,-99.000000,-1,1
68475,620358,2.389472,41053.434465,41053.553326,1, 0, 0, 1,5.230734,1.886765,-10.424737,-1,2
68475,620359,2.731816,41053.776808,41053.895670,1, 0, 0, 1,2.749690,-1.022978,-0.100704,-1,3
68475,620360,2.889485,41053.934477,41054.053339,1, 0, 0, 1,-2.326216,-4.883065,-15.468755,-1,2
68475,620361,2.950055,41053.995047,41054.113909,1, 0, 0, 1,-3.267717,1.186152,0.555737,-1,2
68475,620362,3.151222,41054.196213,41054.315076,1, 0, 0, 1,-1.587442,0.098105,-2.700636,-1,2
68475,620363,3.359429,41054.404419,41054.523282,1, 0, 0, 1,3.771067,-3.472226,-2.016872,-1,2
68475,620364,3.688545,41054.733535,41054.852398,0, 0, 0, 0,-99.000000,-99.000000,-99.000000,-1,1
68475,620365,3.879043,41054.924033,41055.042897,1, 0, 0, 1,2.177217,2.932296,-15.326549,-1,2
68475,620366,4.000789,41055.045778,41055.164642,0, 0, 0, 0,-99.000000,-99.000000,-99.000000,-1,1
68475,620367,4.054553,41055.099542,41055.218406,1, 0, 0, 1,-7.961232,4.026067,-8.432861,-1,2
68475,620368,4.130305,41055.175294,41055.294158,0, 0, 0, 0,-99.000000,-99.000000,-99.000000,-1,1
68475,620369,4.131362,41055.176351,41055.295216,1, 0, 0, 1,-3.258190,-6.491791,-0.784872,-1,2
68475,620370,4.269146,41055.314134,41055.432999,1, 0, 0, 1,-2.846212,1.449045,9.260044,-1,2
68475,620371,4.477802,41055.522791,41055.641656,0, 0, 0, 0,-99.000000,-99.000000,-99.000000,-1,1
68475,620372,4.499608,41055.544596,41055.663462,0, 0, 0, 0,-99.000000,-99.000000,-99.000000,-1,1
68475,620373,4.539410,41055.584398,41055.703264,0, 0, 0, 0,-99.000000,-99.000000,-99.000000,-1,1
68475,620374,4.646322,41055.691310,41055.810175,0, 0, 0, 0,-99.000000,-99.000000,-99.000000,-1,1
68475,620375,4.761139,41055.806127,41055.924993,0, 0, 0, 0,-99.000000,-99.000000,-99.000000,-1,0
68475,620376,4.762272,41055.807260,41055.926126,0, 0, 0, 0,-99.000000,-99.000000,-99.000000,-1,1
68475,620377,4.827815,41055.872803,41055.991669,1, 0, 0, 1,-2.768150,-5.512801,9.548399,-1,2
68475,620378,4.874514,41055.919502,41056.038368,1, 0, 0, 1,3.872637,3.751519,13.273900,-1,2
68475,620379,4.969528,41056.014516,41056.133382,1, 0, 0, 1,2.142788,-6.647096,-2.919357,-1,2
68475,620380,4.978510,41056.023497,41056.142364,1, 0, 0, 1,7.309345,-4.464148,4.420640,-1,4
68475,620381,4.978916,41056.023903,41056.142770,1, 0, 0, 1,7.238999,1.297930,-5.194665,-1,2
68475,620382,4.980295,41056.025282,41056.144149,1, 0, 0, 1,-3.543429,5.870842,10.501400,-1,2
68475,620383,5.189910,41056.234897,41056.353764,0, 0, 0, 0,-99.000000,-99.000000,-99.000000,-1,1
68475,620384,5.441369,41056.486356,41056.605223,1, 0, 0, 1,0.147402,4.465882,-4.921494,-1,2
68475,620385,5.593654,41056.638640,41056.757508,0, 0, 0, 0,-99.000000,-99.000000,-99.000000,-1,1
68475,620386,5.596780,41056.641767,41056.760634,1, 0, 0, 1,-5.517794,0.464059,10.239082,-1,2
68475,620387,5.647483,41056.692470,41056.811337,1, 0, 0, 1,-0.207316,7.967861,-0.987604,-1,2
68475,620388,5.803859,41056.848844,41056.967712,1, 0, 0, 1,-16.895567,16.698563,-14.691404,-1,2
68475,620389,6.107319,41057.152304,41057.271173,1, 0, 0, 1,-1.002283,0.653964,-2.326666,-1,2
68475,620390,6.128886,41057.173871,41057.292739,0, 0, 0, 0,-99.000000,-99.000000,-99.000000,-1,0
68475,620391,6.176501,41057.221486,41057.340355,0, 0, 0, 0,-99.000000,-99.000000,-99.000000,-1,1
68475,620392,6.224720,41057.269705,41057.388573,0, 0, 0, 0,-99.000000,-99.000000,-99.000000,-1,1
68475,620393,6.260210,41057.305195,41057.424064,1, 0, 0, 1,-2.113664,-0.806182,14.452779,-1,2
68475,620394,6.325020,41057.370004,41057.488873,1, 0, 0, 1,2.377839,-4.601902,14.387334,-1,2
68475,620395,6.360100,41057.405085,41057.523954,1, 0, 0, 1,5.010641,3.284287,2.933025,-1,2
68475,620396,6.722616,41057.767600,41057.886470,1, 0, 0, 1,2.038220,3.321964,3.068247,-1,2
68475,620397,6.736556,41057.781540,41057.900409,1, 0, 0, 1,6.963776,-2.752783,17.252241,-1,2
68475,620398,6.778019,41057.823003,41057.941873,1, 0, 0, 1,0.890610,1.518666,9.752084,-1,2
68475,620399,7.018543,41058.063526,41058.182396,1, 0, 0, 1,2.097656,-1.361057,19.196341,-1,2
68475,620400,7.053066,41058.098049,41058.216919,0, 0, 0, 0,-99.000000,-99.000000,-99.000000,-1,1
68475,620401,7.240730,41058.285713,41058.404584,1, 0, 0, 1,-6.673802,1.844812,-9.796878,-1,2
68475,620402,7.365529,41058.410511,41058.529382,1, 0, 0, 1,-4.041815,7.045832,7.496697,-1,2
68475,620403,7.684185,41058.729167,41058.848039,1, 0, 0, 1,2.758421,-8.719144,-11.603948,-1,2
68475,620404,7.816160,41058.861142,41058.980014,0, 0, 0, 0,-99.000000,-99.000000,-99.000000,-1,1
68475,620405,7.900277,41058.945258,41059.064130,1, 0, 0, 1,-2.390009,-4.309338,10.550825,-1,2
68475,620406,7.928526,41058.973508,41059.092380,1, 0, 0, 1,5.953411,8.709945,-7.077460,-1,2
68475,620407,7.968300,41059.013281,41059.132153,1, 0, 0, 1,-7.350234,4.621348,-1.136955,-1,2
68475,620408,8.040839,41059.085820,41059.204692,1, 0, 0, 1,6.325100,3.562683,1.570990,-1,2
68475,620409,8.052856,41059.097837,41059.216710,1, 0, 0, 1,-6.024343,3.856569,-4.431493,-1,2
68475,620410,8.080666,41059.125647,41059.244519,1, 0, 0, 1,-5.697865,2.883016,-15.383766,-1,2
68475,620411,8.206938,41059.251919,41059.370792,0, 0, 0, 0,-99.000000,-99.000000,-99.000000,-1,1
68475,620412,8.232548,41059.277529,41059.396402,1, 0, 0, 1,3.794941,-1.791986,-20.790477,-1,2
68475,620413,8.254867,41059.299848,41059.418721,1, 0, 0, 1,2.504870,-6.117174,11.644136,-1,2
68475,621115,0.060511,41136.457310,41136.576335,0, 0, 0, 0,-99.000000,-99.000000,-99.000000,-1,1
68475,621116,0.145448,41136.542246,41136.661271,1, 0, 0, 1,1.170449,-6.762035,15.625468,-1,2
68475,621117,0.161434,41136.558233,41136.677258,0, 0, 0, 0,-99.000000,-99.000000,-99.000000,-1,0
68475,621118,0.661859,41137.058656,41137.177682,1, 0, 0, 1,6.343599,5.694845,0.889802,-1,2
68475,621119,0.757553,41137.154351,41137.273377,1, 0, 0, 1,2.867081,-2.691314,-6.697385,-1,2
68475,621120,0.853144,41137.249942,41137.368968,0, 0, 0, 0,-99.000000,-99.000000,-99.000000,-1,1
68475,621121,0.910781,41137.307578,41137.426604,1, 0, 0, 1,8.833801,-0.068546,-19.770246,-1,2
68475,621122,1.017850,41137.414647,41137.533674,1, 0, 0, 1,-4.060008,5.836678,7.590263,-1,2
68475,621123,1.051184,41137.447981,41137.567008,1, 0, 0, 1,4.512875,1.564064,-9.028619,-1,4
68475,621124,1.246022,41137.642819,41137.761846,1, 0, 0, 1,3.310585,2.875230,-4.300440,-1,2
68475,621125,1.311707,41137.708504,41137.827531,1, 0, 0, 1,-0.532143,-3.222285,-5.866661,-1,2
68475,621126,1.468420,41137.865217,41137.984244,1, 0, 0, 1,2.123934,3.299551,-11.015787,-1,2
68475,621127,1.493365,41137.890162,41138.009189,1, 0, 0, 1,-4.426117,-6.321214,18.271659,-1,2
68475,621128,1.513070,41137.909866,41138.028894,1, 0, 0, 1,-4.064222,-5.207773,16.070377,-1,2
68475,621129,1.566231,41137.963027,41138.082055,1, 0, 0, 1,-7.787308,3.770829,-19.085720,-1,2
68475,621130,1.707525,41138.104321,41138.223349,0, 0, 0, 0,-99.000000,-99.000000,-99.000000,-1,1
68475,621131,1.748739,41138.145535,41138.264563,1, 0, 0, 1,-5.758449,-1.264930,-10.589983,-1,2
68475,621132,1.798966,41138.195761,41138.314790,1, 0, 0, 1,-2.244943,-3.987000,-9.667657,-1,2
68475,621133,1.848522,41138.245318,41138.364346,1, 0, 0, 1,0.480799,-6.449584,-8.380346,-1,2
68475,621134,1.848620,41138.245416,41138.364444,0, 0, 0, 0,-99.000000,-99.000000,-99.000000,-1,0
68475,621135,1.916991,41138.313786,41138.432815,1, 0, 0, 1,-4.773384,-6.615770,14.413942,-1,2
68475,621136,1.986736,41138.383531,41138.502559,1, 0, 0, 1,-3.325420,1.979844,-2.422640,-1,2
68475,621137,2.038499,41138.435294,41138.554323,1, 0, 0, 1,-4.174833,4.961734,19.471527,-1,2
68475,621138,2.169918,41138.566713,41138.685742,0, 0, 0, 0,-99.000000,-99.000000,-99.000000,-1,1
68475,621139,2.448044,41138.844839,41138.963868,1, 0, 0, 1,6.825236,3.446039,-11.246193,-1,2
68475,621140,2.559915,41138.956709,41139.075738,1, 0, 0, 1,6.259797,3.293546,-8.159809,-1,2
68475,621141,2.622256,41139.019050,41139.138080,0, 0, 0, 0,-99.000000,-99.000000,-99.000000,-1,0
68475,621142,2.633412,41139.030206,41139.149236,0, 0, 0, 0,-99.000000,-99.000000,-99.000000,-1,1
68475,621143,3.374804,41139.771597,41139.890628,1, 0, 0, 1,1.107693,-1.369291,-15.637592,-1,2
68475,621144,3.405578,41139.802370,41139.921402,0, 0, 0, 0,-99.000000,-99.000000,-99.000000,-1,1
68475,621145,3.461530,41139.858323,41139.977354,0, 0, 0, 0,-99.000000,-99.000000,-99.000000,-1,0
68475,621146,3.539899,41139.936691,41140.055722,1, 0, 0, 1,-7.814084,0.820790,11.910441,-1,2
68475,621147,3.591975,41139.988767,41140.107799,0, 0, 0, 0,-99.000000,-99.000000,-99.000000,-1,1
68475,621148,3.678755,41140.075546,41140.194578,1, 0, 0, 1,-4.597725,2.646251,0.635174,-1,2
68475,621149,4.011031,41140.407822,41140.526855,1, 0, 0, 1,-3.303501,4.619440,6.824332,-1,2
68475,621150,4.049078,41140.445869,41140.564902,0, 0, 0, 0,-99.000000,-99.000000,-99.000000,-1,1
68475,621151,4.137644,41140.534435,41140.653467,0, 0, 0, 0,-99.000000,-99.000000,-99.000000,-1,1
68475,621152,4.183519,41140.580310,41140.699342,1, 0, 0, 1,-0.299037,2.926889,-15.073919,-1,2
68475,621153,4.286032,41140.682822,41140.801855,1, 0, 0, 1,-3.278635,1.396404,-10.450163,-1,2
68475,621154,4.292108,41140.688898,41140.807931,1, 0, 0, 1,1.481625,-0.721246,18.061024,-1,2
68475,621155,4.479692,41140.876483,41140.995516,1, 0, 0, 1,-5.035144,4.926869,7.940277,-1,2
68475,621156,4.554547,41140.951337,41141.070371,1, 0, 0, 1,-3.162519,-3.705678,-5.964064,-1,2
68475,621157,4.769562,41141.166352,41141.285386,0, 0, 0, 0,-99.000000,-99.000000,-99.000000,-1,1
68475,621158,4.771219,41141.168008,41141.287042,1, 0, 0, 1,1.458748,-0.188238,11.468242,-1,2
68475,621159,4.866020,41141.262809,41141.381843,1, 0, 0, 1,-3.556154,-4.490493,-12.933680,-1,2
68475,621160,4.943386,41141.340175,41141.459209,1, 0, 0, 1,-4.177114,-3.019182,7.094967,-1,2
68475,621161,4.987174,41141.383963,41141.502998,0, 0, 0, 0,-99.000000,-99.000000,-99.000000,-1,0
68475,621162,5.062556,41141.459345,41141.578380,0, 0, 0, 0,-99.000000,-99.000000,-99.000000,-1,0
68475,621163,5.077553,41141.474342,41141.593377,1, 0, 0, 1,-0.669440,2.716869,-5.777430,-1,2
68475,621164,5.283953,41141.680742,41141.799777,0, 0, 0, 0,-99.000000,-99.000000,-99.000000,-1,1
68475,621165,5.324317,41141.721105,41141.840141,1, 0, 0, 1,-6.016050,-1.106367,14.130880,-1,2
68475,621166,5.401809,41141.798598,41141.917633,1, 0, 0, 1,3.284046,1.053407,16.605729,-1,2
68475,621167,5.456922,41141.853710,41141.972745,1, 0, 0, 1,-2.308408,0.080015,1.254830,-1,2
68475,621168,5.588783,41141.985571,41142.104607,1, 0, 0, 1,0.579740,-0.973472,-6.989096,-1,2
68475,621169,5.607737,41142.004525,41142.123561,1, 0, 0, 1,10.090178,-7.824548,6.322618,-1,2
68475,621170,5.698659,41142.095447,41142.214483,0, 0, 0, 0,-99.000000,-99.000000,-99.000000,-1,1
68475,621171,5.856156,41142.252943,41142.371979,1, 0, 0, 1,-1.630044,-6.537313,-15.424932,-1,2
68475,621172,6.142299,41142.539086,41142.658123,0, 0, 0, 0,-99.000000,-99.000000,-99.000000,-1,0
68475,621173,6.489468,41142.886255,41143.005292,1, 0, 0, 1,-4.887769,-4.440828,2.158036,-1,4
68475,621174,6.491329,41142.888115,41143.007153,1, 0, 0, 1,3.008812,-3.550965,6.578601,-1,2
68475,621175,6.674775,41143.071561,41143.190599,1, 0, 0, 1,-0.728528,-2.550106,-14.755808,-1,3
68475,621176,6.700519,41143.097305,41143.216343,1, 0, 0, 1,7.932631,-2.609188,-17.534640,-1,2
68475,621177,6.783472,41143.180258,41143.299296,0, 0, 0, 0,-99.000000,-99.000000,-99.000000,-1,1
68475,621178,6.853981,41143.250767,41143.369805,1, 0, 0, 1,5.581675,2.861554,-3.129472,-1,2
68475,621179,6.941561,41143.338347,41143.457385,0, 0, 0, 0,-99.000000,-99.000000,-99.000000,-1,1
68475,621180,6.970118,41143.366903,41143.485941,1, 0, 0, 1,0.605345,-1.229924,5.712436,-1,2
68475,621181,7.072053,41143.468838,41143.587877,1, 0, 0, 1,6.079957,1.223308,-14.792269,-1,2
68475,621182,7.165612,41143.562397,41143.681436,1, 0, 0, 1,-0.087581,-5.132099,-14.939661,-1,2
68475,621183,7.181507,41143.578292,41143.697331,0, 0, 0, 0,-99.000000,-99.000000,-99.000000,-1,0
68475,621184,7.289824,41143.686609,41143.805648,0, 0, 0, 0,-99.000000,-99.000000,-99.000000,-1,1
68475,621185,7.403572,41143.800356,41143.919395,1, 0, 0, 1,4.313209,9.469326,14.541187,-1,4
68475,621186,7.473282,41143.870066,41143.989106,0, 0, 0, 0,-99.000000,-99.000000,-99.000000,-1,1
68475,621187,7.531439,41143.928223,41144.047263,1, 0, 0, 1,-6.915295,6.209737,-7.540473,-1,2
68475,621188,7.859137,41144.255920,41144.374960,0, 0, 0, 0,-99.000000,-99.000000,-99.000000,-1,0
68475,621189,7.995675,41144.392458,41144.511499,0, 0, 0, 0,-99.000000,-99.000000,-99.000000,-1,0
68475,621190,8.060299,41144.457082,41144.576123,1, 0, 0, 1,6.014487,-1.319039,-9.703020,-1,2
68475,621191,8.111513,41144.508296,41144.627337,1, 0, 0, 1,-7.943025,1.617908,4.992063,-1,2
68475,621887,0.086523,41221.831391,41221.950583,1, 0, 0, 1,-7.247176,0.093407,8.005807,-1,2
68475,621888,0.178477,41221.923345,41222.042538,1, 0, 0, 1,7.923862,2.336887,-17.089783,-1,2
68475,621889,0.341518,41222.086385,41222.205579,0, 0, 0, 0,-99.000000,-99.000000,-99.000000,-1,1
68475,621890,0.460091,41222.204958,41222.324152,1, 0, 0, 1,-2.046068,-7.976862,20.421233,-1,2
68475,621891,0.729737,41222.474603,41222.593797,1, 0, 0, 1,6.094299,2.690597,8.163126,-1,2
68475,621892,0.834614,41222.579480,41222.698674,0, 0, 0, 0,-99.000000,-99.000000,-99.000000,-1,1
68475,621893,0.945028,41222.689894,41222.809088,1, 0, 0, 1,-1.799140,-6.764160,8.856994,-1,2
68475,621894,0.958896,41222.703762,41222.822956,0, 0, 0, 0,-99.000000,-99.000000,-99.000000,-1,0
68475,621895,0.984963,41222.729829,41222.849023,1, 0, 0, 1,-3.547582,6.012476,14.570974,-1,2
68475,621896,1.144766,41222.889632,41223.008827,1, 0, 0, 1,-8.301251,1.598913,-4.643685,-1,2
68475,621897,1.203112,41222.947977,41223.067172,1, 0, 0, 1,2.455483,-1.138291,13.684905,-1,2
68475,621898,1.296516,41223.041382,41223.160577,0, 0, 0, 0,-99.000000,-99.000000,-99.000000,-1,1
68475,621899,1.476031,41223.220896,41223.340092,1, 0, 0, 1,1.191009,-3.393492,-14.446564,-1,2
68475,621900,1.496591,41223.241457,41223.360652,1, 0, 0, 1,2.649349,3.442837,-15.970970,-1,2
68475,621901,1.594102,41223.338967,41223.458162,0, 0, 0, 0,-99.000000,-99.000000,-99.000000,-1,1
68475,621902,1.633684,41223.378549,41223.497745,1, 0, 0, 1,-1.578126,-2.008365,-0.482199,-1,2
68475,621903,1.745306,41223.490171,41223.609367,1, 0, 0, 1,7.505063,-2.787939,-5.980732,-1,2
68475,621904,1.751747,41223.496612,41223.615808,1, 0, 0, 1,-3.034511,-8.887031,13.407065,-1,2
68475,621905,2.205407,41223.950271,41224.069468,1, 0, 0, 1,-1.895006,-6.202376,-2.623776,-1,2
68475,621906,2.220427,41223.965290,41224.084487,1, 0, 0, 1,-0.854056,-9.937875,10.386562,-1,2
68475,621907,2.426062,41224.170925,41224.290123,1, 0, 0, 1,-1.590399,-6.928394,0.304562,-1,2
68475,621908,2.441874,41224.186737,41224.305934,0, 0, 0, 0,-99.000000,-99.000000,-99.000000,-1,1
68475,621909,2.892729,41224.637592,41224.756790,1, 0, 0, 1,7.713771,2.554647,21.250258,-1,2
68475,621910,2.923204,41224.668066,41224.787265,1, 0, 0, 1,-3.324046,-0.405509,-12.672015,-1,2
68475,621911,3.027191,41224.772053,41224.891251,1, 0, 0, 1,-6.865709,0.025025,2.557737,-1,2
68475,621912,3.031176,41224.776038,41224.895236,0, 0, 0, 0,-99.000000,-99.000000,-99.000000,-1,1
68475,621913,3.087979,41224.832841,41224.952039,1, 0, 0, 1,-8.100688,2.231436,-2.887086,-1,2
68475,621914,3.108767,41224.853629,41224.972828,0, 0, 0, 0,-99.000000,-99.000000,-99.000000,-1,1
68475,621915,3.178226,41224.923088,41225.042287,1, 0, 0, 1,-2.589901,1.273434,-11.580075,-1,2
68475,621916,3.257959,41225.002820,41225.122019,1, 0, 0, 1,-1.446347,12.690473,7.270087,-1,2
68475,621917,3.264573,41225.009434,41225.128633,0, 0, 0, 0,-99.000000,-99.000000,-99.000000,-1,1
68475,621918,3.505022,41225.249883,41225.369083,1, 0, 0, 1,4.160240,3.123980,-19.601635,-1,2
68475,621919,3.523286,41225.268148,41225.387347,0, 0, 0, 0,-99.000000,-99.000000,-99.000000,-1,1
68475,621920,3.546084,41225.290945,41225.410145,1, 0, 0, 1,4.330013,0.385518,-17.009442,-1,2
68475,621921,3.589605,41225.334466,41225.453666,1, 0, 0, 1,-0.110001,-4.690298,1.344134,-1,2
68475,621922,3.594277,41225.339138,41225.458338,0, 0, 0, 0,-99.000000,-99.000000,-99.000000,-1,0
68475,621923,3.622482,41225.367343,41225.486542,0, 0, 0, 0,-99.000000,-99.000000,-99.000000,-1,1
68475,621924,3.785554,41225.530415,41225.649615,1, 0, 0, 1,3.883590,-7.270884,8.661880,-1,2
68475,621925,3.903953,41225.648813,41225.768014,1, 0, 0, 1,0.766651,-3.690656,8.615766,-1,2
68475,621926,4.137191,41225.882051,41226.001252,0, 0, 0, 0,-99.000000,-99.000000,-99.000000,-1,1
68475,621927,4.293204,41226.038063,41226.157264,0, 0, 0, 0,-99.000000,-99.000000,-99.000000,-1,1
68475,621928,4.340518,41226.085378,41226.204579,1, 0, 0, 1,-0.528681,-9.893755,-10.301071,-1,2
68475,621929,4.396821,41226.141680,41226.260881,0, 0, 0, 0,-99.000000,-99.000000,-99.000000,-1,0
68475,621930,4.419900,41226.164759,41226.283961,1, 0, 0, 1,-7.034705,1.818703,0.603098,-1,2
68475,621931,4.453463,41226.198322,41226.317523,1, 0, 0, 1,4.581519,-4.437677,-3.144884,-1,2
68475,621932,4.483269,41226.228128,41226.347329,1, 0, 0, 1,3.755080,1.643047,-17.807388,-1,2
68475,621933,4.670784,41226.415643,41226.534845,1, 0, 0, 1,-5.451937,5.217333,14.226760,-1,2
68475,621934,4.673645,41226.418503,41226.537705,1, 0, 0, 1,0.098886,-5.686084,-7.614082,-1,2
68475,621935,5.020720,41226.765579,41226.884781,1, 0, 0, 1,-3.157201,0.789668,-6.712772,-1,2
68475,621936,5.089447,41226.834305,41226.953508,1, 0, 0, 1,-2.781293,0.442269,6.382259,-1,2
68475,621937,5.096131,41226.840989,41226.960192,1, 0, 0, 1,2.628983,3.501418,7.533831,-1,2
68475,621938,5.107066,41226.851924,41226.971127,1, 0, 0, 1,-2.270882,3.684157,-15.549741,-1,2
68475,621939,5.302681,41227.047538,41227.166741,1, 0, 0, 1,-7.536626,-1.187335,-18.534642,-1,2
68475,621940,5.418117,41227.162974,41227.282177,0, 0, 0, 0,-99.000000,-99.000000,-99.000000,-1,1
68475,621941,5.427202,41227.172059,41227.291263,1, 0, 0, 1,3.137948,-0.330638,-9.060423,-1,2
68475,621942,5.633239,41227.378096,41227.497300,0, 0, 0, 0,-99.000000,-99.000000,-99.000000,-1,1
68475,621943,5.685807,41227.430664,41227.549868,0, 0, 0, 0,-99.000000,-99.000000,-99.000000,-1,1
68475,621944,5.866210,41227.611067,41227.730271,1, 0, 0, 1,-2.189173,5.272224,2.861376,-1,2
68475,621945,6.030297,41227.775154,41227.894358,1, 0, 0, 1,1.314979,-5.107764,15.055563,-1,2
68475,621946,6.131362,41227.876218,41227.995423,0, 0, 0, 0,-99.000000,-99.000000,-99.000000,-1,1
68475,621947,6.191683,41227.936539,41228.055744,0, 0, 0, 0,-99.000000,-99.000000,-99.000000,-1,0
68475,621948,6.650633,41228.395488,41228.514694,1, 0, 0, 1,-5.729918,5.558225,1.841148,-1,2
68475,621949,6.899819,41228.644673,41228.763880,1, 0, 0, 1,1.227207,-10.882842,3.657470,-1,2
68475,621950,6.923722,41228.668577,41228.787783,1, 0, 0, 1,1.609558,5.868244,6.799169,-1,2
68475,621951,7.092139,41228.836993,41228.956200,1, 0, 0, 1,-9.250883,-6.703804,-9.493610,-1,2
68475,621952,7.339727,41229.084580,41229.203787,1, 0, 0, 1,-4.979076,4.105068,4.384850,-1,2
68475,621953,7.533242,41229.278095,41229.397303,0, 0, 0, 0,-99.000000,-99.000000,-99.000000,-1,1
68475,621954,7.637886,41229.382739,41229.501947,1, 0, 0, 1,-9.207189,4.719231,21.626150,-1,2
68475,621955,7.642448,41229.387301,41229.506509,1, 0, 0, 1,-2.355893,5.068067,-14.952570,-1,2
68475,621956,7.645740,41229.390593,41229.509801,1, 0, 0, 1,-6.645603,6.787812,1.835099,-1,2
68475,621957,7.647702,41229.392555,41229.511763,1, 0, 0, 1,2.805404,0.209027,-3.890434,-1,2
68475,621958,7.753032,41229.497885,41229.617093,0, 0, 0, 0,-99.000000,-99.000000,-99.000000,-1,1
68475,621959,7.810654,41229.555506,41229.674714,0, 0, 0, 0,-99.000000,-99.000000,-99.000000,-1,0
68475,621960,7.836089,41229.580941,41229.700149,1, 0, 0, 1,7.229573,0.180545,4.668998,-1,2
68475,621961,7.901887,41229.646739,41229.765947,1, 0, 0, 1,3.044289,-2.715795,-18.592446,-1,2
68475,621962,7.937327,41229.682180,41229.801388,1, 0, 0, 1,-5.536188,-1.588937,-2.866499,-1,2
68475,621963,7.975382,41229.720235,41229.839443,1, 0, 0, 1,-3.626704,5.351574,-16.299826,-1,2
68475,621964,8.300264,41230.045116,41230.164325,1, 0, 0, 1,-3.394156,-3.282990,12.638856,-1,2
68475,622707,0.056837,41307.168475,41307.287835,1, 0, 0, 1,-5.308108,2.941929,3.841827,-1,2
68475,622708,0.102778,41307.214416,41307.333777,0, 0, 0, 0,-99.000000,-99.000000,-99.000000,-1,0
68475,622709,0.361393,41307.473030,41307.592392,1, 0, 0, 1,-5.809152,3.161634,13.900773,-1,2
68475,622710,0.363049,41307.474686,41307.594047,1, 0, 0, 1,3.946047,-7.097226,-13.744777,-1,2
68475,622711,0.650223,41307.761859,41307.881221,0, 0, 0, 0,-99.000000,-99.000000,-99.000000,-1,1
68475,622712,0.707912,41307.819548,41307.938910,1, 0, 0, 1,0.371220,-1.991470,10.074367,-1,2
68475,622713,0.932335,41308.043971,41308.163333,1, 0, 0, 1,0.157573,-1.875139,16.466856,-1,2
68475,622714,1.011270,41308.122906,41308.242269,0, 0, 0, 0,-99.000000,-99.000000,-99.000000,-1,1
68475,622715,1.026790,41308.138425,41308.257788,0, 0, 0, 0,-99.000000,-99.000000,-99.000000,-1,1
68475,622716,1.226655,41308.338290,41308.457653,0, 0, 0, 0,-99.000000,-99.000000,-99.000000,-1,1
68475,622717,1.315625,41308.427260,41308.546623,0, 0, 0, 0,-99.000000,-99.000000,-99.000000,-1,0
68475,622718,1.421685,41308.533320,41308.652683,1, 0, 0, 1,-5.123507,-2.807504,14.137628,-1,2
68475,622719,1.617859,41308.729493,41308.848857,0, 0, 0, 0,-99.000000,-99.000000,-99.000000,-1,0
68475,622720,1.723489,41308.835123,41308.954487,0, 0, 0, 0,-99.000000,-99.000000,-99.000000,-1,0
68475,622721,1.998269,41309.109903,41309.229268,0, 0, 0, 0,-99.000000,-99.000000,-99.000000,-1,1
68475,622722,2.007716,41309.119350,41309.238714,1, 0, 0, 1,-1.719553,9.605634,17.857048,-1,3
68475,622723,2.069390,41309.181023,41309.300388,0, 0, 0, 0,-99.000000,-99.000000,-99.000000,-1,1
68475,622724,2.183185,41309.294818,41309.414183,1, 0, 0, 1,-3.918698,9.341308,-18.700904,-1,3
68475,622725,2.203746,41309.315379,41309.434744,0, 0, 0, 0,-99.000000,-99.000000,-99.000000,-1,1
68475,622726,2.350886,41309.462519,41309.581884,1, 0, 0, 1,-6.473248,4.966416,11.142392,-1,2
68475,622727,2.613686,41309.725319,41309.844684,0, 0, 0, 0,-99.000000,-99.000000,-99.000000,-1,0
68475,622728,2.688330,41309.799962,41309.919328,0, 0, 0, 0,-99.000000,-99.000000,-99.000000,-1,0
68475,622729,2.793618,41309.905250,41310.024617,1, 0, 0, 1,2.143069,-1.763416,-7.674001,-1,2
68475,622730,2.940573,41310.052205,41310.171571,0, 0, 0, 0,-99.000000,-99.000000,-99.000000,-1,0
68475,622731,2.955890,41310.067522,41310.186889,1, 0, 0, 1,1.839480,-0.195172,15.400442,-1,2
68475,622732,2.979628,41310.091260,41310.210626,1, 0, 0, 1,4.475284,0.805417,-6.922401,-1,2
68475,622733,2.988016,41310.099648,41310.219015,0, 0, 0, 0,-99.000000,-99.000000,-99.000000,-1,0
68475,622734,3.031651,41310.143282,41310.262649,1, 0, 0, 1,-1.224802,3.256788,0.980419,-1,2
68475,622735,3.419212,41310.530843,41310.650210,0, 0, 0, 0,-99.000000,-99.000000,-99.000000,-1,1
68475,622736,3.474724,41310.586354,41310.705722,1, 0, 0, 1,-1.281261,9.157659,-3.304495,-1,2
68475,622737,3.635381,41310.747011,41310.866379,0, 0, 0, 0,-99.000000,-99.000000,-99.000000,-1,1
68475,622738,3.648559,41310.760189,41310.879557,0, 0, 0, 0,-99.000000,-99.000000,-99.000000,-1,1
68475,622739,3.690033,41310.801664,41310.921032,1, 0, 0, 1,1.805855,1.342967,-5.920339,-1,2
68475,622740,3.803787,41310.915417,41311.034786,1, 0, 0, 1,-7.113444,-2.999517,15.344643,-1,2
68475,622741,3.831387,41310.943017,41311.062385,1, 0, 0, 1,-6.234456,0.455184,-17.014007,-1,2
68475,622742,3.930247,41311.041877,41311.161245,1, 0, 0, 1,-4.144581,4.893376,-5.967853,-1,2
68475,622743,3.966353,41311.077983,41311.197351,0, 0, 0, 0,-99.000000,-99.000000,-99.000000,-1,0
68475,622744,4.111359,41311.222989,41311.342358,0, 0, 0, 0,-99.000000,-99.000000,-99.000000,-1,1
68475,622745,4.244019,41311.355648,41311.475018,0, 0, 0, 0,-99.000000,-99.000000,-99.000000,-1,0
68475,622746,4.433778,41311.545407,41311.664776,0, 0, 0, 0,-99.000000,-99.000000,-99.000000,-1,1
68475,622747,4.552888,41311.664517,41311.783886,1, 0, 0, 1,-8.928448,-1.528581,-12.561367,-1,2
68475,622748,4.776914,41311.888542,41312.007912,1, 0, 0, 1,0.126636,-0.062076,19.702764,-1,3
68475,622749,5.164815,41312.276442,41312.395813,0, 0, 0, 0,-99.000000,-99.000000,-99.000000,-1,1
68475,622750,5.263173,41312.374800,41312.494171,1, 0, 0, 1,2.967640,-8.912901,19.236170,-1,2
68475,622751,5.467680,41312.579306,41312.698678,0, 0, 0, 0,-99.000000,-99.000000,-99.000000,-1,1
68475,622752,5.540374,41312.652001,41312.771373,0, 0, 0, 0,-99.000000,-99.000000,-99.000000,-1,1
68475,622753,5.621306,41312.732933,41312.852305,0, 0, 0, 0,-99.000000,-99.000000,-99.000000,-1,1
68475,622754,5.792997,41312.904623,41313.023995,0, 0, 0, 0,-99.000000,-99.000000,-99.000000,-1,1
68475,622755,5.940364,41313.051990,41313.171363,1, 0, 0, 1,-5.267992,-1.759290,3.298533,-1,2
68475,622756,5.992747,41313.104372,41313.223745,0, 0, 0, 0,-99.000000,-99.000000,-99.000000,-1,1
68475,622757,6.004356,41313.115982,41313.235355,1, 0, 0, 1,5.822072,2.179830,-2.208618,-1,2
68475,622758,6.810915,41313.922539,41314.041913,0, 0, 0, 0,-99.000000,-99.000000,-99.000000,-1,0
68475,622759,6.820447,41313.932071,41314.051446,1, 0, 0, 1,-3.925074,6.663024,-14.099848,-1,2
68475,622760,6.846096,41313.957720,41314.077094,0, 0, 0, 0,-99.000000,-99.000000,-99.000000,-1,1
68475,622761,7.023361,41314.134985,41314.254360,1, 0, 0, 1,-2.154206,-5.613783,-17.947415,-1,2
68475,622762,7.068926,41314.180550,41314.299924,1, 0, 0, 1,4.307384,4.747908,17.736881,-1,2
68475,622763,7.229253,41314.340877,41314.460252,1, 0, 0, 1,-1.367681,8.158923,3.457547,-1,5
68475,622764,7.260331,41314.371955,41314.491330,1, 0, 0, 1,0.876789,-1.317743,8.782560,-1,2
68475,622765,7.287429,41314.399052,41314.518428,0, 0, 0, 0,-99.000000,-99.000000,-99.000000,-1,1
68475,622766,7.375010,41314.486633,41314.606008,0, 0, 0, 0,-99.000000,-99.000000,-99.000000,-1,0
68475,622767,7.428264,41314.539887,41314.659263,1, 0, 0, 1,6.317867,5.272664,-9.749734,-1,2
68475,622768,7.429581,41314.541204,41314.660580,1, 0, 0, 1,-5.022366,2.472681,-14.246799,-1,2
68475,622769,7.442699,41314.554322,41314.673698,1, 0, 0, 1,-6.356374,6.045871,-5.034649,-1,2
68475,622770,7.596986,41314.708608,41314.827984,0, 0, 0, 0,-99.000000,-99.000000,-99.000000,-1,1
68475,622771,7.628807,41314.740429,41314.859805,0, 0, 0, 0,-99.000000,-99.000000,-99.000000,-1,0
68475,622772,7.656250,41314.767872,41314.887248,1, 0, 0, 1,-1.056932,-9.795029,-7.983538,-1,2
68475,622773,7.859872,41314.971494,41315.090870,0, 0, 0, 0,-99.000000,-99.000000,-99.000000,-1,0
68475,622774,7.908826,41315.020448,41315.139825,1, 0, 0, 1,-1.998655,3.278189,-17.221109,-1,2
68475,622775,7.926603,41315.038225,41315.157601,1, 0, 0, 1,3.788570,-6.202696,-17.915893,-1,2
68475,622776,7.947662,41315.059284,41315.178660,0, 0, 0, 0,-99.000000,-99.000000,-99.000000,-1,0
68475,622777,8.160074,41315.271696,41315.391073,0, 0, 0, 0,-99.000000,-99.000000,-99.000000,-1,1
68475,622778,8.288485,41315.400106,41315.519483,1, 0, 0, 1,-5.095176,-3.841922,16.927343,-1,2
68475,623508,0.010603,41392.479150,41392.598679,1, 0, 0, 1,7.915277,0.163143,-17.438947,-1,2
68475,623509,0.031797,41392.500344,41392.619873,1, 0, 0, 1,6.075015,4.604435,1.145034,-1,2
68475,623510,0.043985,41392.512531,41392.632061,1, 0, 0, 1,-1.558542,-0.849615,-1.704012,-1,2
68475,623511,0.310591,41392.779137,41392.898667,1, 0, 0, 1,-7.574067,-3.237509,-10.136677,-1,2
68475,623512,0.608553,41393.077099,41393.196629,1, 0, 0, 1,-3.156275,2.542714,0.719531,-1,2
68475,623513,0.661349,41393.129895,41393.249425,0, 0, 0, 0,-99.000000,-99.000000,-99.000000,-1,1
68475,623514,0.661790,41393.130335,41393.249865,0, 0, 0, 0,-99.000000,-99.000000,-99.000000,-1,0
68475,623515,0.745845,41393.214390,41393.333921,0, 0, 0, 0,-99.000000,-99.000000,-99.000000,-1,1
68475,623516,1.344772,41393.813316,41393.932848,0, 0, 0, 0,-99.000000,-99.000000,-99.000000,-1,1
68475,623517,1.376559,41393.845102,41393.964634,1, 0, 0, 1,-0.239262,-5.185029,-14.599759,-1,2
68475,623518,1.685110,41394.153653,41394.273186,0, 0, 0, 0,-99.000000,-99.000000,-99.000000,-1,1
68475,623519,1.719762,41394.188305,41394.307837,0, 0, 0, 0,-99.000000,-99.000000,-99.000000,-1,1
68475,623520,1.752497,41394.221040,41394.340573,0, 0, 0, 0,-99.000000,-99.000000,-99.000000,-1,1
68475,623521,1.764365,41394.232908,41394.352440,1, 0, 0, 1,5.377969,-0.588974,19.467202,-1,2
68475,623522,1.782548,41394.251091,41394.370624,0, 0, 0, 0,-99.000000,-99.000000,-99.000000,-1,1
68475,623523,1.870671,41394.339214,41394.458747,0, 0, 0, 0,-99.000000,-99.000000,-99.000000,-1,1
68475,623524,2.248220,41394.716762,41394.836296,1, 0, 0, 1,6.149181,4.057740,-16.952940,-1,6
68475,623525,2.288524,41394.757066,41394.876600,0, 0, 0, 0,-99.000000,-99.000000,-99.000000,-1,1
68475,623526,2.352164,41394.820706,41394.940240,0, 0, 0, 0,-99.000000,-99.000000,-99.000000,-1,1
68475,623527,2.355405,41394.823946,41394.943481,1, 0, 0, 1,4.095238,-3.519879,-5.040244,-1,2
68475,623528,2.488605,41394.957147,41395.076681,1, 0, 0, 1,-3.846595,0.879886,-7.435162,-1,2
68475,623529,2.637602,41395.106143,41395.225678,1, 0, 0, 1,-7.909977,0.301911,22.087140,-1,2
68475,623530,2.714878,41395.183419,41395.302954,1, 0, 0, 1,4.437070,5.602403,-3.469608,-1,2
68475,623531,2.737278,41395.205819,41395.325354,0, 0, 0, 0,-99.000000,-99.000000,-99.000000,-1,0
68475,623532,2.749752,41395.218293,41395.337828,1, 0, 0, 1,1.759837,-0.272229,-11.458832,-1,2
68475,623533,2.825959,41395.294500,41395.414035,1, 0, 0, 1,2.291067,-5.005286,4.752177,-1,2
68475,623534,2.999388,41395.467928,41395.587464,0, 0, 0, 0,-99.000000,-99.000000,-99.000000,-1,1
68475,623535,3.321522,41395.790062,41395.909598,0, 0, 0, 0,-99.000000,-99.000000,-99.000000,-1,1
68475,623536,3.329198,41395.797738,41395.917273,1, 0, 0, 1,-6.679870,2.821099,-14.406488,-1,2
68475,623537,3.568864,41396.037403,41396.156940,0, 0, 0, 0,-99.000000,-99.000000,-99.000000,-1,1
68475,623538,3.762291,41396.230830,41396.350367,1, 0, 0, 1,6.525468,-0.148028,10.831443,-1,2
68475,623539,3.818550,41396.287089,41396.406626,1, 0, 0, 1,5.567244,-5.542135,14.398047,-1,2
68475,623540,3.892826,41396.361365,41396.480902,1, 0, 0, 1,9.999981,-9.071131,11.523630,-1,4
68475,623541,3.911837,41396.380376,41396.499913,0, 0, 0, 0,-99.000000,-99.000000,-99.000000,-1,0
68475,623542,3.922229,41396.390768,41396.510305,0, 0, 0, 0,-99.000000,-99.000000,-99.000000,-1,1
68475,623543,4.071099,41396.539638,41396.659175,1, 0, 0, 1,-0.394484,3.275402,-8.626816,-1,2
68475,623544,4.755781,41397.224318,41397.343857,0, 0, 0, 0,-99.000000,-99.000000,-99.000000,-1,1
68475,623545,4.997737,41397.466274,41397.585813,1, 0, 0, 1,3.368233,-0.398504,-11.181536,-1,2
68475,623546,5.155611,41397.624147,41397.743687,0, 0, 0, 0,-99.000000,-99.000000,-99.000000,-1,1
68475,623547,5.198099,41397.666635,41397.786174,0, 0, 0, 0,-99.000000,-99.000000,-99.000000,-1,1
68475,623548,5.353107,41397.821643,41397.941183,0, 0, 0, 0,-99.000000,-99.000000,-99.000000,-1,1
68475,623549,5.534142,41398.002678,41398.122218,1, 0, 0, 1,1.228029,0.319364,-6.793502,-1,2
68475,623550,5.589575,41398.058111,41398.177651,1, 0, 0, 1,3.402066,-0.675826,-10.794703,-1,2
68475,623551,5.803278,41398.271813,41398.391354,1, 0, 0, 1,0.245078,5.121957,4.168336,-1,2
68475,623552,5.818954,41398.287489,41398.407030,0, 0, 0, 0,-99.000000,-99.000000,-99.000000,-1,1
68475,623553,6.039552,41398.508087,41398.627628,0, 0, 0, 0,-99.000000,-99.000000,-99.000000,-1,1
68475,623554,6.608009,41399.076542,41399.196085,0, 0, 0, 0,-99.000000,-99.000000,-99.000000,-1,0
68475,623555,6.625293,41399.093826,41399.213369,0, 0, 0, 0,-99.000000,-99.000000,-99.000000,-1,1
68475,623556,6.676905,41399.145439,41399.264981,0, 0, 0, 0,-99.000000,-99.000000,-99.000000,-1,0
68475,623557,6.730575,41399.199108,41399.318651,0, 0, 0, 0,-99.000000,-99.000000,-99.000000,-1,1
68475,623558,6.753915,41399.222448,41399.341991,1, 0, 0, 1,-3.840048,13.149623,11.009596,-1,2
68475,623559,6.802645,41399.271178,41399.390721,0, 0, 0, 0,-99.000000,-99.000000,-99.000000,-1,1
68475,623560,6.814498,41399.283031,41399.402574,1, 0, 0, 1,-4.966958,-6.507184,-20.483654,-1,2
68475,623561,6.902320,41399.370853,41399.490396,0, 0, 0, 0,-99.000000,-99.000000,-99.000000,-1,0
68475,623562,6.968666,41399.437199,41399.556742,1, 0, 0, 1,10.249323,1.357090,-12.311628,-1,2
68475,623563,7.036838,41399.505371,41399.624914,1, 0, 0, 1,0.538026,-2.336969,-1.513489,-1,2
68475,623564,7.213947,41399.682480,41399.802023,1, 0, 0, 1,2.054748,6.489000,-13.021293,-1,2
68475,623565,7.346052,41399.814584,41399.934128,1, 0, 0, 1,1.654461,8.773689,8.127990,-1,2
68475,623566,7.562271,41400.030802,41400.150347,0, 0, 0, 0,-99.000000,-99.000000,-99.000000,-1,1
68475,623567,7.774455,41400.242986,41400.362531,1, 0, 0, 1,-3.755519,-6.840077,3.533381,-1,2
68475,623568,7.779359,41400.247890,41400.367435,1, 0, 0, 1,-1.407623,2.915044,-4.732474,-1,2
68475,623569,8.016283,41400.484814,41400.604359,1, 0, 0, 1,-0.469734,2.474758,1.584286,-1,2
68475,623570,8.081852,41400.550382,41400.669928,1, 0, 0, 1,-1.985089,-9.190498,3.807668,-1,2
68475,623571,8.118630,41400.587161,41400.706706,1, 0, 0, 1,1.304507,-2.925407,1.234283,-1,3
68475,624317,0.386660,41478.233143,41478.352842,1, 0, 0, 1,-5.053625,-4.027609,4.894998,-1,3
68475,624318,0.417024,41478.263507,41478.383206,0, 0, 0, 0,-99.000000,-99.000000,-99.000000,-1,1
68475,624319,0.557453,41478.403936,41478.523636,0, 0, 0, 0,-99.000000,-99.000000,-99.000000,-1,1
68475,624320,0.605577,41478.452060,41478.571760,1, 0, 0, 1,2.615920,-4.978102,15.532358,-1,2
68475,624321,0.746995,41478.593477,41478.713177,0, 0, 0, 0,-99.000000,-99.000000,-99.000000,-1,1
68475,624322,0.842799,41478.689282,41478.808981,0, 0, 0, 0,-99.000000,-99.000000,-99.000000,-1,0
68475,624323,0.877189,41478.723671,41478.843371,1, 0, 0, 1,8.107461,-0.486636,15.471693,-1,2
68475,624324,0.963791,41478.810274,41478.929974,1, 0, 0, 1,1.953728,1.339594,11.506046,-1,2
68475,624325,1.003192,41478.849675,41478.969375,0, 0, 0, 0,-99.000000,-99.000000,-99.000000,-1,1
68475,624326,1.088295,41478.934777,41479.054477,1, 0, 0, 1,2.665250,4.821433,-18.714664,-1,2
68475,624327,1.239046,41479.085528,41479.205228,1, 0, 0, 1,-2.729298,0.651269,13.003782,-1,3
68475,624328,1.367328,41479.213809,41479.333510,1, 0, 0, 1,-4.732308,-3.193357,-8.278548,-1,2
68475,624329,1.464244,41479.310725,41479.430426,0, 0, 0, 0,-99.000000,-99.000000,-99.000000,-1,0
68475,624330,1.813274,41479.659755,41479.779456,0, 0, 0, 0,-99.000000,-99.000000,-99.000000,-1,1
68475,624331,2.002230,41479.848710,41479.968412,1, 0, 0, 1,2.341849,7.248315,4.077295,-1,2
68475,624332,2.037335,41479.883816,41480.003518,1, 0, 0, 1,-3.675303,10.078400,-9.546580,-1,2
68475,624333,2.060416,41479.906896,41480.026598,0, 0, 0, 0,-99.000000,-99.000000,-99.000000,-1,1
68475,624334,2.102196,41479.948676,41480.068378,1, 0, 0, 1,6.319098,-1.915822,-10.955577,-1,2
68475,624335,2.131666,41479.978146,41480.097848,1, 0, 0, 1,-1.864248,2.263319,10.434518,-1,2
68475,624336,2.228320,41480.074800,41480.194502,1, 0, 0, 1,8.364316,0.794615,-2.484540,-1,2
68475,624337,2.228413,41480.074893,41480.194596,1, 0, 0, 1,0.425528,1.765202,-5.326153,-1,2
68475,624338,2.424047,41480.270526,41480.390229,1, 0, 0, 1,3.969789,-3.545082,9.183715,-1,2
68475,624339,2.540254,41480.386734,41480.506437,0, 0, 0, 0,-99.000000,-99.000000,-99.000000,-1,1
68475,624340,2.695659,41480.542138,41480.661841,0, 0, 0, 0,-99.000000,-99.000000,-99.000000,-1,1
68475,624341,2.912631,41480.759110,41480.878814,0, 0, 0, 0,-99.000000,-99.000000,-99.000000,-1,1
68475,624342,2.946826,41480.793305,41480.913009,0, 0, 0, 0,-99.000000,-99.000000,-99.000000,-1,1
68475,624343,3.232071,41481.078549,41481.198253,0, 0, 0, 0,-99.000000,-99.000000,-99.000000,-1,0
68475,624344,3.430960,41481.277437,41481.397142,0, 0, 0, 0,-99.000000,-99.000000,-99.000000,-1,1
68475,624345,3.440167,41481.286644,41481.406349,1, 1, 0, 1,2.265054,2.559758,14.858805,-1,3
68475,624346,3.505088,41481.351565,41481.471270,0, 0, 0, 0,-99.000000,-99.000000,-99.000000,-1,1
68475,624347,3.611882,41481.458360,41481.578065,1, 0, 0, 1,-7.057151,4.131164,6.297285,-1,2
68475,624348,3.777288,41481.623764,41481.743470,1, 0, 0, 1,-2.113291,4.802611,12.986623,-1,2
68475,624349,3.818321,41481.664798,41481.784503,1, 0, 0, 1,-6.048161,-4.331898,-8.447729,-1,2
68475,624350,3.818477,41481.664954,41481.784660,0, 0, 0, 0,-99.000000,-99.000000,-99.000000,-1,1
68475,624351,3.832353,41481.678830,41481.798536,1, 0, 0, 1,-4.614954,1.231907,9.826595,-1,2
68475,624352,4.009943,41481.856420,41481.976126,0, 0, 0, 0,-99.000000,-99.000000,-99.000000,-1,1
68475,624353,4.147757,41481.994233,41482.113940,1, 0, 0, 1,-1.529889,-0.630205,9.641188,-1,2
68475,624354,4.375662,41482.222138,41482.341845,1, 0, 0, 1,3.536580,3.006129,-10.821245,-1,2
68475,624355,4.544554,41482.391029,41482.510736,1, 0, 0, 1,-4.089955,-7.931861,-10.234911,-1,8
68475,624356,4.566910,41482.413385,41482.533092,0, 0, 0, 0,-99.000000,-99.000000,-99.000000,-1,0
68475,624357,4.607859,41482.454334,41482.574041,0, 0, 0, 0,-99.000000,-99.000000,-99.000000,-1,1
68475,624358,4.619289,41482.465764,41482.585471,0, 0, 0, 0,-99.000000,-99.000000,-99.000000,-1,1
68475,624359,5.096678,41482.943152,41483.062860,0, 0, 0, 0,-99.000000,-99.000000,-99.000000,-1,0
68475,624360,5.288313,41483.134787,41483.254495,0, 0, 0, 0,-99.000000,-99.000000,-99.000000,-1,0
68475,624361,5.393061,41483.239534,41483.359243,0, 0, 0, 0,-99.000000,-99.000000,-99.000000,-1,1
68475,624362,5.548109,41483.394583,41483.514291,1, 0, 0, 1,5.923178,5.301234,-13.549658,-1,2
68475,624363,5.956908,41483.803380,41483.923090,1, 0, 0, 1,8.391588,-1.209463,-12.250009,-1,2
68475,624364,6.187141,41484.033613,41484.153323,1, 0, 0, 1,2.415705,2.105967,8.905951,-1,2
68475,624365,6.198633,41484.045105,41484.164815,1, 0, 0, 1,1.395494,0.454663,-12.549840,-1,2
68475,624366,6.329941,41484.176413,41484.296123,0, 0, 0, 0,-99.000000,-99.000000,-99.000000,-1,0
68475,624367,6.423623,41484.270095,41484.389806,0, 0, 0, 0,-99.000000,-99.000000,-99.000000,-1,0
68475,624368,6.541442,41484.387914,41484.507625,0, 0, 0, 0,-99.000000,-99.000000,-99.000000,-1,0
68475,624369,6.713476,41484.559948,41484.679659,0, 0, 0, 0,-99.000000,-99.000000,-99.000000,-1,1
68475,624370,6.854651,41484.701122,41484.820834,1, 0, 0, 1,-2.976682,3.029564,3.682693,-1,2
68475,624371,6.881813,41484.728284,41484.847995,1, 0, 0, 1,-6.973350,-2.408302,6.357014,-1,2
68475,624372,7.638126,41485.484595,41485.604308,0, 0, 0, 0,-99.000000,-99.000000,-99.000000,-1,1
68475,624373,7.801434,41485.647903,41485.767617,1, 0, 0, 1,-1.129739,5.029714,-7.912504,-1,2
68475,624374,7.896474,41485.742942,41485.862656,1, 0, 0, 1,2.065437,6.781628,-6.638873,-1,2
68475,624375,8.218570,41486.065038,41486.184752,1, 0, 0, 1,-4.159636,1.229548,10.039903,-1,2
68475,624376,8.271966,41486.118434,41486.238148,0, 0, 0, 0,-99.000000,-99.000000,-99.000000,-1,1
68475,625119,0.372207,41563.574060,41563.693927,1, 0, 0, 1,0.495930,0.809192,8.984517,-1,2
68475,625120,0.453292,41563.655144,41563.775012,1, 0, 0, 1,0.499090,1.618681,18.865283,-1,2
68475,625121,0.494466,41563.696319,41563.816186,0, 0, 0, 0,-99.000000,-99.000000,-99.000000,-1,0
68475,625122,0.875215,41564.077067,41564.196935,1, 0, 0, 1,1.238127,-4.810011,14.196476,-1,2
68475,625123,0.955614,41564.157466,41564.277334,1, 0, 0, 1,6.836852,-3.052181,-7.727762,-1,2
68475,625124,0.959495,41564.161347,41564.281215,1, 0, 0, 1,-1.990792,3.524908,-8.289493,-1,2
68475,625125,1.028654,41564.230505,41564.350374,1, 0, 0, 1,0.711568,2.357944,0.298217,-1,2
68475,625126,1.063148,41564.264999,41564.384868,1, 0, 0, 1,-2.811977,-2.782793,-2.324392,-1,2
68475,625127,1.249710,41564.451561,41564.571430,0, 0, 0, 0,-99.000000,-99.000000,-99.000000,-1,1
68475,625128,1.414907,41564.616758,41564.736627,0, 0, 0, 0,-99.000000,-99.000000,-99.000000,-1,1
68475,625129,1.415310,41564.617161,41564.737030,0, 0, 0, 0,-99.000000,-99.000000,-99.000000,-1,1
68475,625130,1.465326,41564.667176,41564.787046,1, 0, 0, 1,-3.046675,6.164925,-13.411541,-1,2
68475,625131,1.519745,41564.721595,41564.841465,0, 0, 0, 0,-99.000000,-99.000000,-99.000000,-1,1
68475,625132,1.593352,41564.795202,41564.915072,0, 0, 0, 0,-99.000000,-99.000000,-99.000000,-1,1
68475,625133,1.607686,41564.809536,41564.929406,1, 0, 0, 1,6.636824,-0.791533,-10.255237,-1,2
68475,625134,1.783248,41564.985097,41565.104968,1, 0, 0, 1,-0.864235,6.798492,-18.400548,-1,2
68475,625135,1.802831,41565.004681,41565.124551,0, 0, 0, 0,-99.000000,-99.000000,-99.000000,-1,0
68475,625136,2.068642,41565.270491,41565.390362,1, 0, 0, 1,5.885286,0.883944,-11.821715,-1,3
68475,625137,2.180610,41565.382459,41565.502330,1, 0, 0, 1,-6.391730,2.754623,-16.428286,-1,2
68475,625138,2.238513,41565.440362,41565.560233,1, 0, 0, 1,0.227272,-4.214839,5.759668,-1,2
68475,625139,2.301730,41565.503579,41565.623450,0, 0, 0, 0,-99.000000,-99.000000,-99.000000,-1,1
68475,625140,2.325785,41565.527634,41565.647505,1, 0, 0, 1,-7.809417,1.211750,-18.229490,-1,2
68475,625141,2.832448,41566.034295,41566.154168,1, 0, 0, 1,-2.071556,6.004587,5.879308,-1,2
68475,625142,2.850419,41566.052267,41566.172139,0, 0, 0, 0,-99.000000,-99.000000,-99.000000,-1,1
68475,625143,3.000831,41566.202678,41566.322551,1, 0, 0, 1,-1.711773,3.572892,-17.416005,-1,2
68475,625144,3.021259,41566.223106,41566.342979,0, 0, 0, 0,-99.000000,-99.000000,-99.000000,-1,0
68475,625145,3.277013,41566.478860,41566.598733,0, 0, 0, 0,-99.000000,-99.000000,-99.000000,-1,1
68475,625146,3.401662,41566.603508,41566.723382,1, 0, 0, 1,7.149610,-11.285223,-2.320534,-1,2
68475,625147,3.414413,41566.616259,41566.736133,1, 0, 0, 1,1.392599,0.949791,6.821998,-1,2
68475,625148,3.509732,41566.711578,41566.831452,1, 0, 0, 1,-8.101247,-3.008500,-16.483392,-1,2
68475,625149,3.598681,41566.800527,41566.920401,0, 0, 0, 0,-99.000000,-99.000000,-99.000000,-1,1
68475,625150,3.624775,41566.826621,41566.946495,1, 0, 0, 1,-4.392392,0.926318,-5.241631,-1,2
68475,625151,3.675005,41566.876851,41566.996725,1, 0, 0, 1,-7.575614,2.606975,-10.622023,-1,2
68475,625152,3.712314,41566.914159,41567.034034,1, 0, 0, 1,1.295220,-7.015827,-6.930239,-1,2
68475,625153,3.723452,41566.925298,41567.045172,0, 0, 0, 0,-99.000000,-99.000000,-99.000000,-1,1
68475,625154,3.806243,41567.008089,41567.127963,1, 0, 0, 1,0.514990,-10.194352,12.181129,-1,2
68475,625155,3.834419,41567.036265,41567.156139,1, 0, 0, 1,1.331074,4.868944,19.364676,-1,2
68475,625156,3.843317,41567.045162,41567.165037,1, 0, 0, 1,6.779209,4.230281,7.882361,-1,2
68475,625157,3.903719,41567.105565,41567.225439,0, 0, 0, 0,-99.000000,-99.000000,-99.000000,-1,1
68475,625158,3.941616,41567.143461,41567.263336,1, 0, 0, 1,5.851419,0.337136,-2.009987,-1,2
68475,625159,4.079189,41567.281035,41567.400909,1, 0, 0, 1,-4.340072,-0.316288,-13.648171,-1,2
68475,625160,4.110388,41567.312233,41567.432108,0, 0, 0, 0,-99.000000,-99.000000,-99.000000,-1,1
68475,625161,4.197691,41567.399536,41567.519411,1, 0, 0, 1,3.595500,0.253909,-11.882433,-1,2
68475,625162,4.230219,41567.432064,41567.551939,1, 0, 0, 1,-2.889541,-2.248498,-18.775321,-1,2
68475,625163,4.402652,41567.604497,41567.724372,1, 0, 0, 1,7.116139,-1.872592,-11.363145,-1,2
68475,625164,4.506792,41567.708636,41567.828512,0, 0, 0, 0,-99.000000,-99.000000,-99.000000,-1,0
68475,625165,4.653007,41567.854851,41567.974727,0, 0, 0, 0,-99.000000,-99.000000,-99.000000,-1,0
68475,625166,4.743561,41567.945405,41568.065281,1, 0, 0, 1,5.510274,14.058330,-17.129394,-1,2
68475,625167,4.755554,41567.957397,41568.077274,1, 0, 0, 1,3.579101,4.916415,-6.763356,-1,2
68475,625168,4.962070,41568.163913,41568.283790,0, 0, 0, 0,-99.000000,-99.000000,-99.000000,-1,1
68475,625169,4.994477,41568.196320,41568.316197,1, 0, 0, 1,-0.942420,-6.086851,-8.171555,-1,2
68475,625170,5.039615,41568.241458,41568.361335,1, 0, 0, 1,0.610998,-1.842167,0.094871,-1,2
68475,625171,5.210177,41568.412020,41568.531897,1, 0, 0, 1,-2.368634,-1.589376,-11.619700,-1,2
68475,625172,5.213444,41568.415287,41568.535164,0, 0, 0, 0,-99.000000,-99.000000,-99.000000,-1,1
68475,625173,5.264090,41568.465933,41568.585810,0, 0, 0, 0,-99.000000,-99.000000,-99.000000,-1,1
68475,625174,5.314149,41568.515992,41568.635869,1, 0, 0, 1,-5.540257,-1.557945,-0.955060,-1,2
68475,625175,5.737542,41568.939384,41569.059262,1, 0, 0, 1,-4.895713,-12.205218,-16.792736,-1,2
68475,625176,5.796137,41568.997979,41569.117857,0, 0, 0, 0,-99.000000,-99.000000,-99.000000,-1,1
68475,625177,5.863866,41569.065708,41569.185586,1, 0, 0, 1,5.722816,-2.642726,-15.297248,-1,2
68475,625178,5.972237,41569.174078,41569.293957,1, 0, 0, 1,-3.492598,4.603938,4.040721,-1,2
68475,625179,6.017163,41569.219004,41569.338883,1, 0, 0, 1,3.111278,-7.426689,16.306158,-1,2
68475,625180,6.044666,41569.246507,41569.366386,1, 0, 0, 1,-2.955269,6.697241,-12.910905,-1,2
68475,625181,6.047000,41569.248841,41569.368720,0, 0, 0, 0,-99.000000,-99.000000,-99.000000,-1,1
68475,625182,6.283299,41569.485140,41569.605019,1, 0, 0, 1,7.825226,-0.852167,-11.142840,-1,2
68475,625183,6.324251,41569.526091,41569.645971,0, 0, 0, 0,-99.000000,-99.000000,-99.000000,-1,0
68475,625184,6.332310,41569.534151,41569.654030,1, 0, 0, 1,3.394712,-6.118804,14.360683,-1,2
68475,625185,6.348300,41569.550141,41569.670020,1, 0, 0, 1,2.925257,-2.894146,-1.147635,-1,2
68475,625186,6.365391,41569.567231,41569.687111,1, 0, 0, 1,2.166342,4.416128,18.550139,-1,2
68475,625187,6.396676,41569.598516,41569.718396,0, 0, 0, 0,-99.000000,-99.000000,-99.000000,-1,1
68475,625188,6.409936,41569.611776,41569.731656,1, 0, 0, 1,0.543547,6.388478,17.568873,-1,2
68475,625189,6.412695,41569.614536,41569.734415,0, 0, 0, 0,-99.000000,-99.000000,-99.000000,-1,1
68475,625190,6.670789,41569.872629,41569.992509,1, 0, 0, 1,7.591102,-2.494689,-10.423280,-1,2
68475,625191,6.903971,41570.105811,41570.225691,1, 0, 0, 1,5.366099,0.066278,-9.525301,-1,2
68475,625192,6.943723,41570.145563,41570.265443,0, 0, 0, 0,-99.000000,-99.000000,-99.000000,-1,1
68475,625193,6.945930,41570.147770,41570.267650,1, 0, 0, 1,-8.653087,-0.420531,6.729941,-1,2
68475,625194,6.961755,41570.163594,41570.283475,1, 0, 0, 1,4.630129,4.969466,17.971188,-1,2
68475,625195,6.992183,41570.194023,41570.313903,1, 0, 0, 1,-1.173012,0.850300,12.492082,-1,2
68475,625196,6.993660,41570.195499,41570.315380,0, 0, 0, 0,-99.000000,-99.000000,-99.000000,-1,0
68475,625197,7.070432,41570.272272,41570.392152,0, 0, 0, 0,-99.000000,-99.000000,-99.000000,-1,0
68475,625198,7.355159,41570.556998,41570.676879,1, 0, 0, 1,-5.688965,6.519377,-12.408186,-1,2
68475,625199,7.476524,41570.678362,41570.798244,1, 0, 0, 1,1.578393,6.189046,-13.743700,-1,2
68475,625200,7.501763,41570.703601,41570.823483,1, 0, 0, 1,1.507316,-0.163637,-4.430162,-1,2
68475,625201,7.624331,41570.826169,41570.946051,1, 0, 0, 1,-3.841774,0.226287,-6.551154,-1,2
68475,625202,7.683768,41570.885606,41571.005488,1, 0, 0, 1,2.151346,-7.865949,17.464869,-1,2
68475,625203,7.749072,41570.950910,41571.070792,1, 0, 0, 1,-6.431635,1.684062,-11.509513,-1,2
68475,625204,7.861433,41571.063271,41571.183153,0, 0, 0, 0,-99.000000,-99.000000,-99.000000,-1,1
68475,625205,7.906991,41571.108828,41571.228711,0, 0, 0, 0,-99.000000,-99.000000,-99.000000,-1,1
68475,625206,7.971445,41571.173283,41571.293165,0, 0, 0, 0,-99.000000,-99.000000,-99.000000,-1,0
68475,625207,8.024759,41571.226597,41571.346479,1, 0, 0, 1,-2.676533,-1.864426,-7.688055,-1,2
68475,625208,8.082516,41571.284353,41571.404236,0, 0, 0, 0,-99.000000,-99.000000,-99.000000,-1,1
68475,625209,8.548690,41571.750526,41571.870410,1, 0, 0, 1,1.300833,-1.368573,-15.965456,-1,2
68475,625210,8.815899,41572.017735,41572.137619,0, 0, 0, 0,-99.000000,-99.000000,-99.000000,-1,1
68475,625211,8.953247,41572.155083,41572.274967,1, 0, 0, 1,5.725412,2.837885,9.840068,-1,2
68475,625212,8.970153,41572.171988,41572.291873,1, 0, 0, 1,-9.818241,4.352228,10.261787,-1,2
68475,625213,9.011380,41572.213215,41572.333100,1, 0, 0, 1,-5.405969,2.282945,1.724004,-1,2
68475,625214,9.165322,41572.367157,41572.487042,0, 0, 0, 0,-99.000000,-99.000000,-99.000000,-1,1
68475,625215,9.312124,41572.513959,41572.633844,1, 0, 0, 1,-2.563888,6.254405,-4.310364,-1,2
68475,625216,9.312685,41572.514520,41572.634405,0, 0, 0, 0,-99.000000,-99.000000,-99.000000,-1,1
68475,625217,9.348306,41572.550141,41572.670026,0, 0, 0, 0,-99.000000,-99.000000,-99.000000,-1,1
68475,625218,9.414384,41572.616219,41572.736104,1, 0, 0, 1,-7.689686,2.841885,-6.298608,-1,2
68475,625219,9.436655,41572.638489,41572.758375,1, 0, 0, 1,2.686337,-4.241890,-10.200998,-1,2
68475,625220,9.553872,41572.755707,41572.875592,0, 0, 0, 0,-99.000000,-99.000000,-99.000000,-1,1
68475,625221,9.644986,41572.846820,41572.966706,0, 0, 0, 0,-99.000000,-99.000000,-99.000000,-1,0
68475,625222,9.731166,41572.933000,41573.052886,1, 0, 0, 1,-7.805307,-2.031386,20.275722,-1,2
68475,625223,9.909923,41573.111757,41573.231643,1, 0, 0, 1,-1.403210,0.368328,7.577919,-1,2
68475,625224,10.071399,41573.273232,41573.393119,1, 0, 0, 1,-2.752111,3.732695,12.979619,-1,2
68475,625225,10.282428,41573.484261,41573.604148,1, 0, 0, 1,-4.015699,-3.995443,2.671504,-1,2
68475,625226,10.306385,41573.508217,41573.628105,1, 1, 0, 1,0.680567,-0.227462,-12.021449,-1,5
68475,625227,10.462693,41573.664526,41573.784413,0, 0, 0, 0,-99.000000,-99.000000,-99.000000,-1,1
68475,625228,10.509529,41573.711361,41573.831249,0, 0, 0, 0,-99.000000,-99.000000,-99.000000,-1,0
68475,625229,10.589281,41573.791114,41573.911001,0, 0, 0, 0,-99.000000,-99.000000,-99.000000,-1,0
68475,625230,10.596333,41573.798166,41573.918053,0, 0, 0, 0,-99.000000,-99.000000,-99.000000,-1,1
68475,625231,10.846157,41574.047988,41574.167877,1, 0, 0, 1,1.371886,-8.743676,-18.345473,-1,2
68475,625232,10.899663,41574.101495,41574.221383,1, 0, 0, 1,3.670041,7.144365,0.493933,-1,2
68475,625233,10.919178,41574.121010,41574.240898,1, 0, 0, 1,5.857215,0.649972,9.341058,-1,2
68475,625234,10.937789,41574.139620,41574.259509,1, 0, 0, 1,2.743790,-3.183215,-13.884423,-1,2
68475,625235,10.966845,41574.168677,41574.288565,1, 0, 0, 1,-4.573168,-0.953666,-6.039137,-1,2
68475,625236,11.232789,41574.434620,41574.554509,0, 0, 0, 0,-99.000000,-99.000000,-99.000000,-1,1
68475,625237,11.299533,41574.501364,41574.621253,1, 0, 0, 1,-5.083495,-0.312096,-15.159051,-1,3
68475,625238,11.323214,41574.525045,41574.644934,1, 0, 0, 1,7.506390,4.356092,-10.657555,-1,2
68475,625239,11.449890,41574.651721,41574.771610,0, 0, 0, 0,-99.000000,-99.000000,-99.000000,-1,1
68475,625240,11.679769,41574.881599,41575.001489,1, 0, 0, 1,-5.563961,-6.155814,-7.319311,-1,2
68475,625241,11.723499,41574.925330,41575.045219,0, 0, 0, 0,-99.000000,-99.000000,-99.000000,-1,0
68475,625242,11.872891,41575.074721,41575.194611,1, 0, 0, 1,-5.020633,-3.934041,2.241147,-1,3
68475,625243,11.910979,41575.112809,41575.232699,1, 0, 0, 1,4.415587,7.978269,18.661562,-1,2
68475,625244,12.060973,41575.262802,41575.382693,0, 0, 0, 0,-99.000000,-99.000000,-99.000000,-1,1
68475,625245,12.109390,41575.311219,41575.431110,0, 0, 0, 0,-99.000000,-99.000000,-99.000000,-1,1
68475,625246,12.146852,41575.348682,41575.468572,0, 0, 0, 0,-99.000000,-99.000000,-99.000000,-1,0
68475,625247,12.163129,41575.364958,41575.484849,1, 0, 0, 1,7.963217,-2.064022,17.912631,-1,2
68475,625248,12.254162,41575.455991,41575.575882,0, 0, 0, 0,-99.000000,-99.000000,-99.000000,-1,1
68475,625249,12.258598,41575.460427,41575.580318,0, 0, 0, 0,-99.000000,-99.000000,-99.000000,-1,1
68475,625250,12.266670,41575.468499,41575.588390,1, 0, 0, 1,3.529577,-3.597725,13.338914,-1,2
68475,625251,12.559521,41575.761349,41575.881241,0, 0, 0, 0,-99.000000,-99.000000,-99.000000,-1,1
68475,625252,12.699239,41575.901067,41576.020959,0, 0, 0, 0,-99.000000,-99.000000,-99.000000,-1,0
68475,625253,12.701313,41575.903141,41576.023033,1, 0, 0, 1,0.063980,1.057803,14.120870,-1,2
68475,625254,12.940516,41576.142344,41576.262236,1, 0, 0, 1,-2.700420,5.790620,-10.223207,-1,2
68475,625255,13.114246,41576.316073,41576.435966,1, 0, 0, 1,1.150854,-7.744823,-14.770122,-1,2
68475,625256,13.160159,41576.361986,41576.481879,0, 0, 0, 0,-99.000000,-99.000000,-99.000000,-1,1
68475,625257,13.334706,41576.536533,41576.656426,0, 0, 0, 0,-99.000000,-99.000000,-99.000000,-1,1
68475,625258,13.593833,41576.795659,41576.915553,1, 0, 0, 1,-1.497630,5.014136,-16.178005,-1,2
68475,625259,14.009754,41577.211580,41577.331474,1, 0, 0, 1,3.960131,1.328554,-8.014770,-1,2
68475,625260,14.047483,41577.249309,41577.369203,1, 0, 0, 1,7.297011,-3.733027,9.101154,-1,2
68475,625261,14.065414,41577.267240,41577.387134,1, 0, 0, 1,0.339180,5.125418,-11.330309,-1,2
68475,625262,14.090256,41577.292082,41577.411976,0, 0, 0, 0,-99.000000,-99.000000,-99.000000,-1,1
68475,625263,14.111590,41577.313415,41577.433310,1, 0, 0, 1,-1.877416,3.534977,-3.384508,-1,2
68475,625264,14.154698,41577.356523,41577.476418,1, 0, 0, 1,-2.035941,-0.318111,-1.275323,-1,2
68475,625265,14.227366,41577.429191,41577.549086,0, 0, 0, 0,-99.000000,-99.000000,-99.000000,-1,1
68475,625266,14.289399,41577.491224,41577.611119,0, 0, 0, 0,-99.000000,-99.000000,-99.000000,-1,0
68475,625267,14.368536,41577.570361,41577.690256,1, 0, 0, 1,-8.942927,2.992941,9.655612,-1,2
68475,625268,14.462716,41577.664540,41577.784436,1, 0, 0, 1,0.534497,-9.972141,15.178068,-1,2
68475,625269,14.514954,41577.716778,41577.836674,0, 0, 0, 0,-99.000000,-99.000000,-99.000000,-1,1
68475,625270,14.831698,41578.033522,41578.153418,1, 0, 0, 1,-2.282314,0.471839,7.944876,-1,2
68475,625271,14.884408,41578.086232,41578.206128,1, 0, 0, 1,-6.684436,-3.771565,10.319062,-1,3
68475,625272,15.157080,41578.358904,41578.478800,0, 0, 0, 0,-99.000000,-99.000000,-99.000000,-1,1
68475,625273,15.320732,41578.522555,41578.642452,1, 0, 0, 1,-0.633367,-2.637636,17.358816,-1,2
68475,625274,15.986270,41579.188091,41579.307990,0, 0, 0, 0,-99.000000,-99.000000,-99.000000,-1,1
68475,625275,16.334050,41579.535871,41579.655770,1, 0, 0, 1,0.584699,-1.601903,2.449847,-1,2
68475,625276,16.592057,41579.793877,41579.913777,0, 0, 0, 0,-99.000000,-99.000000,-99.000000,-1,1
68475,625277,16.611436,41579.813257,41579.933156,0, 0, 0, 0,-99.000000,-99.000000,-99.000000,-1,1
68475,625278,17.325224,41580.527043,41580.646944,1, 0, 0, 1,0.112997,-5.271733,-11.666538,-1,2
68475,625279,17.528471,41580.730290,41580.850191,1, 0, 0, 1,7.004295,-5.090101,-16.286937,-1,2
68475,625280,17.545525,41580.747344,41580.867245,0, 0, 0, 0,-99.000000,-99.000000,-99.000000,-1,1
68475,625281,17.554617,41580.756435,41580.876337,1, 0, 0, 1,1.429854,-8.182742,-16.330707,-1,2
68475,625282,17.677260,41580.879078,41580.998980,1, 0, 0, 1,-0.763732,0.855636,1.022869,-1,2
68475,625283,17.817080,41581.018898,41581.138800,0, 0, 0, 0,-99.000000,-99.000000,-99.000000,-1,1
68475,625284,18.061725,41581.263543,41581.383445,0, 0, 0, 0,-99.000000,-99.000000,-99.000000,-1,0
68475,625285,18.193115,41581.394932,41581.514835,1, 0, 0, 1,-14.131785,-6.589312,-17.211695,-1,2
68475,625286,18.448802,41581.650619,41581.770522,1, 0, 0, 1,5.946771,4.736204,17.016400,-1,2
68475,625287,18.604524,41581.806341,41581.926244,0, 0, 0, 0,-99.000000,-99.000000,-99.000000,-1,1
68475,625288,18.750721,41581.952537,41582.072441,1, 0, 0, 1,6.250803,3.883640,15.358013,-1,2
68475,625289,19.091304,41582.293120,41582.413024,1, 0, 0, 1,-8.295088,-0.606222,-13.002347,-1,2
68475,625290,19.138403,41582.340219,41582.460123,0, 0, 0, 0,-99.000000,-99.000000,-99.000000,-1,1
68475,625291,19.209975,41582.411790,41582.531695,1, 0, 0, 1,-0.467435,6.888350,1.112018,-1,2
68475,625292,19.294868,41582.496684,41582.616588,1, 0, 0, 1,-3.554702,0.929002,-15.993742,-1,2
68475,625293,19.409687,41582.611502,41582.731407,1, 0, 0, 1,-3.058489,7.155139,10.869497,-1,2
68475,625294,19.452344,41582.654159,41582.774064,0, 0, 0, 0,-99.000000,-99.000000,-99.000000,-1,1
68475,625295,19.676208,41582.878023,41582.997928,0, 0, 0, 0,-99.000000,-99.000000,-99.000000,-1,1
68475,625296,19.697565,41582.899379,41583.019285,1, 0, 0, 1,4.999569,1.074837,5.492875,-1,2
68475,625297,19.869183,41583.070997,41583.190903,1, 0, 0, 1,-9.027360,4.584372,-13.457816,-1,2
68475,625298,19.897364,41583.099178,41583.219084,1, 0, 0, 1,2.152201,1.995945,-7.487051,-1,2
68475,625299,20.015697,41583.217511,41583.337417,0, 0, 0, 0,-99.000000,-99.000000,-99.000000,-1,0
68475,625300,20.083630,41583.285444,41583.405350,0, 0, 0, 0,-99.000000,-99.000000,-99.000000,-1,1
68475,625301,20.104910,41583.306723,41583.426630,1, 0, 0, 1,-2.052960,1.895639,11.093050,-1,2
68475,625302,20.252059,41583.453872,41583.573779,1, 0, 0, 1,-5.192734,1.125800,7.747337,-1,2
68475,625303,20.485422,41583.687234,41583.807142,1, 0, 0, 1,1.219861,-1.122801,0.335668,-1,2
68475,625304,20.505783,41583.707596,41583.827503,0, 0, 0, 0,-99.000000,-99.000000,-99.000000,-1,1
68475,625305,20.596447,41583.798260,41583.918167,1, 0, 0, 1,-4.792383,-1.678123,-9.743445,-1,2
68475,625306,20.683592,41583.885404,41584.005312,0, 0, 0, 0,-99.000000,-99.000000,-99.000000,-1,1
68475,625307,20.726237,41583.928049,41584.047957,0, 0, 0, 0,-99.000000,-99.000000,-99.000000,-1,1
68475,625308,20.761734,41583.963547,41584.083454,1, 0, 0, 1,-2.951571,-0.155735,-2.006922,-1,2
68475,625309,20.836285,41584.038097,41584.158005,0, 0, 0, 0,-99.000000,-99.000000,-99.000000,-1,1
68475,625310,20.864456,41584.066268,41584.186176,0, 0, 0, 0,-99.000000,-99.000000,-99.000000,-1,1
68475,625311,21.077954,41584.279766,41584.399674,0, 0, 0, 0,-99.000000,-99.000000,-99.000000,-1,1
68475,625312,21.149900,41584.351711,41584.471620,0, 0, 0, 0,-99.000000,-99.000000,-99.000000,-1,0
68475,625313,21.377915,41584.579726,41584.699635,0, 0, 0, 0,-99.000000,-99.000000,-99.000000,-1,1
68475,625314,21.676439,41584.878249,41584.998159,0, 0, 0, 0,-99.000000,-99.000000,-99.000000,-1,0
68475,625315,21.772295,41584.974105,41585.094015,1, 0, 0, 1,0.273084,-8.482821,-15.304612,-1,3
68475,625316,21.874916,41585.076726,41585.196636,0, 0, 0, 0,-99.000000,-99.000000,-99.000000,-1,1
68475,625317,21.943342,41585.145152,41585.265062,0, 0, 0, 0,-99.000000,-99.000000,-99.000000,-1,1
68475,625318,21.997570,41585.199380,41585.319290,1, 0, 0, 1,-1.802674,1.243735,-16.845479,-1,2
68475,625319,22.123167,41585.324977,41585.444887,1, 0, 0, 1,-6.663450,-2.767247,-4.067522,-1,2
68475,625320,22.265120,41585.466929,41585.586840,0, 0, 0, 0,-99.000000,-99.000000,-99.000000,-1,1
68475,625321,22.366406,41585.568215,41585.688126,0, 0, 0, 0,-99.000000,-99.000000,-99.000000,-1,0
68475,625322,22.408026,41585.609835,41585.729746,1, 0, 0, 1,3.521666,-0.667768,-21.710267,-1,2
68475,625323,22.492793,41585.694602,41585.814513,1, 0, 0, 1,-2.797606,-0.431891,11.298602,-1,2
68475,625324,22.503259,41585.705068,41585.824979,0, 0, 0, 0,-99.000000,-99.000000,-99.000000,-1,1
68475,625325,22.660974,41585.862783,41585.982694,1, 0, 0, 1,4.046043,1.422282,-14.183982,-1,2
68475,625326,22.883075,41586.084883,41586.204795,1, 0, 0, 1,-2.451358,-0.711724,-19.015422,-1,2
68475,625327,23.029344,41586.231152,41586.351064,0, 0, 0, 0,-99.000000,-99.000000,-99.000000,-1,1
68475,625328,23.083223,41586.285030,41586.404943,1, 0, 0, 1,-5.628323,8.053212,2.367116,-1,2
68475,625329,23.348284,41586.550091,41586.670004,0, 0, 0, 0,-99.000000,-99.000000,-99.000000,-1,1
68475,625330,23.468103,41586.669910,41586.789823,0, 0, 0, 0,-99.000000,-99.000000,-99.000000,-1,1
68475,625331,23.649878,41586.851685,41586.971598,1, 0, 0, 1,-3.370386,-8.811679,2.396206,-1,2
68475,625332,23.746095,41586.947901,41587.067815,0, 0, 0, 0,-99.000000,-99.000000,-99.000000,-1,0
68475,625333,23.812106,41587.013912,41587.133826,0, 0, 0, 0,-99.000000,-99.000000,-99.000000,-1,0
68475,625334,23.858554,41587.060360,41587.180274,1, 0, 0, 1,-4.250053,3.370759,5.006258,-1,2
68475,625335,23.969558,41587.171364,41587.291278,1, 0, 0, 1,-1.716687,0.481459,-16.724273,-1,2
68475,625336,24.025266,41587.227072,41587.346986,0, 0, 0, 0,-99.000000,-99.000000,-99.000000,-1,1
68475,625337,24.152838,41587.354643,41587.474558,1, 0, 0, 1,-2.168826,8.534756,16.081558,-1,2
68475,625338,24.284251,41587.486057,41587.605971,0, 0, 0, 0,-99.000000,-99.000000,-99.000000,-1,1
68475,625339,24.663103,41587.864907,41587.984823,1, 0, 0, 1,3.187926,-7.560870,17.177581,-1,2
68475,625340,24.813409,41588.015213,41588.135129,1, 0, 0, 1,-1.848196,-4.487898,-0.456752,-1,2
68475,625341,24.875513,41588.077317,41588.197233,1, 0, 0, 1,-5.527178,6.357777,-13.319319,-1,2
68475,625342,24.930726,41588.132530,41588.252446,0, 0, 0, 0,-99.000000,-99.000000,-99.000000,-1,1
68475,625343,24.940352,41588.142156,41588.262072,0, 0, 0, 0,-99.000000,-99.000000,-99.000000,-1,1
68475,625344,25.247036,41588.448839,41588.568756,0, 0, 0, 0,-99.000000,-99.000000,-99.000000,-1,0
68475,625345,25.353177,41588.554980,41588.674897,0, 0, 0, 0,-99.000000,-99.000000,-99.000000,-1,1
68475,625346,25.504466,41588.706269,41588.826186,1, 0, 0, 1,0.223682,-1.674061,17.685568,-1,2
68475,625347,25.697954,41588.899756,41589.019674,1, 0, 0, 1,5.177364,-2.362417,18.112724,-1,2
68475,625348,25.769625,41588.971428,41589.091345,1, 0, 0, 1,-6.482484,1.610987,10.810261,-1,2
68475,625349,25.874085,41589.075887,41589.195805,1, 0, 0, 1,7.466770,0.493640,-3.546317,-1,2
68475,625350,25.932198,41589.134000,41589.253918,0, 0, 0, 0,-99.000000,-99.000000,-99.000000,-1,0
68475,625351,25.991430,41589.193232,41589.313150,1, 0, 0, 1,-3.053627,-4.557976,-7.808828,-1,2
68475,625352,26.065666,41589.267468,41589.387386,1, 0, 0, 1,2.222693,0.214127,-4.820574,-1,2
68475,625353,26.245856,41589.447657,41589.567576,1, 0, 0, 1,7.075148,3.458080,16.104541,-1,2
68475,625354,26.246447,41589.448249,41589.568167,1, 0, 0, 1,0.614807,-1.590101,15.834594,-1,2
68475,625355,26.488541,41589.690342,41589.810261,0, 0, 0, 0,-99.000000,-99.000000,-99.000000,-1,1
68475,625356,26.577161,41589.778962,41589.898881,0, 0, 0, 0,-99.000000,-99.000000,-99.000000,-1,1
68475,625357,26.630854,41589.832654,41589.952574,0, 0, 0, 0,-99.000000,-99.000000,-99.000000,-1,1
68475,625358,26.829437,41590.031237,41590.151157,1, 0, 0, 1,-2.991523,3.158475,-13.238219,-1,2
68475,625359,26.841451,41590.043251,41590.163171,0, 0, 0, 0,-99.000000,-99.000000,-99.000000,-1,1
68475,625360,26.851610,41590.053410,41590.173330,0, 0, 0, 0,-99.000000,-99.000000,-99.000000,-1,1
68475,625361,26.938122,41590.139922,41590.259842,1, 0, 0, 1,-6.411607,1.604665,9.401443,-1,2
68475,625362,26.969144,41590.170944,41590.290864,1, 0, 0, 1,-7.752446,2.281694,-19.671457,-1,2
68475,625363,27.048931,41590.250731,41590.370651,0, 0, 0, 0,-99.000000,-99.000000,-99.000000,-1,1
68475,625364,27.087979,41590.289779,41590.409699,1, 0, 0, 1,-0.321728,-0.267839,9.646172,-1,2
68475,625365,27.315475,41590.517274,41590.637195,1, 0, 0, 1,-2.410756,2.158091,16.516459,-1,2
68475,625366,27.341195,41590.542994,41590.662915,1, 0, 0, 1,7.655000,7.909838,15.427295,-1,4
68475,625367,27.386262,41590.588061,41590.707982,1, 0, 0, 1,2.566004,9.999981,-15.592584,-1,5
68475,625368,27.450447,41590.652246,41590.772167,1, 0, 0, 1,-9.552368,-1.004449,10.649959,-1,2
68475,625369,27.510541,41590.712340,41590.832261,0, 0, 0, 0,-99.000000,-99.000000,-99.000000,-1,0
68475,625370,27.595621,41590.797420,41590.917341,1, 0, 0, 1,-6.982486,-5.667776,-2.178202,-1,2
68475,625371,27.604469,41590.806268,41590.926189,1, 0, 0, 1,-5.048921,9.443113,5.049087,-1,2
68475,625372,27.721270,41590.923069,41591.042990,1, 0, 0, 1,-0.518662,-4.215018,-12.071362,-1,2
68475,625373,27.935827,41591.137625,41591.257547,0, 0, 0, 0,-99.000000,-99.000000,-99.000000,-1,1
68475,625374,28.100909,41591.302706,41591.422629,1, 0, 0, 1,4.587598,-1.672828,0.139407,-1,2
68475,625375,28.234619,41591.436417,41591.556339,0, 0, 0, 0,-99.000000,-99.000000,-99.000000,-1,0
68475,625376,28.363916,41591.565713,41591.685636,1, 0, 0, 1,2.470705,3.732871,-5.592690,-1,2
68475,625377,28.367498,41591.569295,41591.689218,0, 0, 0, 0,-99.000000,-99.000000,-99.000000,-1,1
68475,625378,28.493314,41591.695111,41591.815034,1, 0, 0, 1,4.085104,4.620095,18.039562,-1,2
68475,625379,28.549738,41591.751535,41591.871458,1, 0, 0, 1,0.518192,2.823239,9.885874,-1,2
68475,625380,28.582919,41591.784716,41591.904639,1, 0, 0, 1,8.654464,-1.384853,-14.885214,-1,2
68475,625381,28.820410,41592.022207,41592.142130,1, 0, 0, 1,6.793849,-0.197265,-1.137116,-1,2
68475,625382,29.059910,41592.261706,41592.381630,0, 0, 0, 0,-99.000000,-99.000000,-99.000000,-1,1
68475,625383,29.071693,41592.273488,41592.393413,0, 0, 0, 0,-99.000000,-99.000000,-99.000000,-1,1
68475,625384,29.348449,41592.550244,41592.670169,0, 0, 0, 0,-99.000000,-99.000000,-99.000000,-1,1
68475,625385,29.367529,41592.569324,41592.689249,1, 0, 0, 1,-4.457099,7.084321,5.475024,-1,2
68475,625386,29.429289,41592.631084,41592.751009,1, 0, 0, 1,2.785160,-8.632766,-13.783825,-1,2
68475,625387,29.591493,41592.793288,41592.913213,0, 0, 0, 0,-99.000000,-99.000000,-99.000000,-1,0
68475,625388,30.403422,41593.605215,41593.725142,1, 0, 0, 1,2.119238,-2.984542,-11.139628,-1,2
68475,625389,30.437119,41593.638912,41593.758839,0, 0, 0, 0,-99.000000,-99.000000,-99.000000,-1,1
68475,625390,31.018684,41594.220476,41594.340404,0, 0, 0, 0,-99.000000,-99.000000,-99.000000,-1,0
68475,625391,31.024098,41594.225890,41594.345818,0, 0, 0, 0,-99.000000,-99.000000,-99.000000,-1,1
68475,625392,31.115924,41594.317716,41594.437644,0, 0, 0, 0,-99.000000,-99.000000,-99.000000,-1,1
68475,625393,31.135971,41594.337763,41594.457691,1, 0, 0, 1,-5.802758,-1.491465,-2.976133,-1,2
68475,625394,31.158081,41594.359872,41594.479801,1, 0, 0, 1,4.014925,2.863928,-17.348785,-1,2
68475,625395,31.350116,41594.551907,41594.671836,0, 0, 0, 0,-99.000000,-99.000000,-99.000000,-1,0
68475,625396,31.385447,41594.587238,41594.707167,1, 0, 0, 1,2.203735,-9.873784,2.019499,-1,2
68475,625397,31.446977,41594.648769,41594.768697,0, 0, 0, 0,-99.000000,-99.000000,-99.000000,-1,1
68475,625398,31.456961,41594.658752,41594.778681,1, 0, 0, 1,-4.583513,-3.948822,-11.615028,-1,2
68475,625399,31.540193,41594.741984,41594.861913,0, 0, 0, 0,-99.000000,-99.000000,-99.000000,-1,1
68475,625400,31.582916,41594.784707,41594.904636,0, 0, 0, 0,-99.000000,-99.000000,-99.000000,-1,0
68475,625401,31.597032,41594.798822,41594.918752,1, 0, 0, 1,-7.439617,-0.775375,-7.761981,-1,2
68475,625402,31.735282,41594.937072,41595.057002,1, 0, 0, 1,-3.605952,-0.137851,-9.331280,-1,2
68475,625403,31.804550,41595.006341,41595.126270,0, 0, 0, 0,-99.000000,-99.000000,-99.000000,-1,1
68475,625404,31.968269,41595.170059,41595.289989,0, 0, 0, 0,-99.000000,-99.000000,-99.000000,-1,1
68475,625405,31.996940,41595.198730,41595.318660,0, 0, 0, 0,-99.000000,-99.000000,-99.000000,-1,1
68475,625406,32.123325,41595.325115,41595.445045,0, 0, 0, 0,-99.000000,-99.000000,-99.000000,-1,1
68475,625407,32.289931,41595.491720,41595.611651,0, 0, 0, 0,-99.000000,-99.000000,-99.000000,-1,1
68475,625408,32.309564,41595.511354,41595.631284,1, 0, 0, 1,1.399996,3.494930,-8.882379,-1,2
68475,625409,32.383731,41595.585520,41595.705451,0, 0, 0, 0,-99.000000,-99.000000,-99.000000,-1,0
68475,625410,32.419218,41595.621007,41595.740938,1, 0, 0, 1,1.399104,-8.955751,10.566662,-1,2
68475,625411,32.496959,41595.698748,41595.818679,1, 0, 0, 1,-7.276353,0.436137,-12.170495,-1,2
68475,625412,32.595487,41595.797275,41595.917207,0, 0, 0, 0,-99.000000,-99.000000,-99.000000,-1,1
68475,625413,32.635850,41595.837639,41595.957570,0, 0, 0, 0,-99.000000,-99.000000,-99.000000,-1,1
68475,625414,32.741144,41595.942932,41596.062864,0, 0, 0, 0,-99.000000,-99.000000,-99.000000,-1,1
68475,625415,32.767749,41595.969538,41596.089469,1, 0, 0, 1,-2.797829,-0.024387,-6.822251,-1,2
68475,625416,32.949304,41596.151092,41596.271024,0, 0, 0, 0,-99.000000,-99.000000,-99.000000,-1,0
68475,625417,33.011281,41596.213069,41596.333001,0, 0, 0, 0,-99.000000,-99.000000,-99.000000,-1,0
68475,625418,33.016568,41596.218356,41596.338288,1, 0, 0, 1,8.206951,0.471241,14.530474,-1,2
68475,625419,33.154226,41596.356014,41596.475946,0, 0, 0, 0,-99.000000,-99.000000,-99.000000,-1,0
68475,625420,33.292733,41596.494521,41596.614453,1, 0, 0, 1,-5.152152,-6.542537,11.189180,-1,2
68475,625421,33.378242,41596.580030,41596.699962,1, 0, 0, 1,-5.681797,6.234340,8.041419,-1,2
68475,625422,33.537828,41596.739615,41596.859548,1, 0, 0, 1,5.914084,-8.887002,3.477682,-1,2
68475,625423,33.590761,41596.792548,41596.912481,0, 0, 0, 0,-99.000000,-99.000000,-99.000000,-1,0
68475,625424,33.612908,41596.814695,41596.934628,1, 0, 0, 1,7.476277,0.344399,4.110284,-1,2
68475,625425,33.785665,41596.987452,41597.107385,0, 0, 0, 0,-99.000000,-99.000000,-99.000000,-1,1
68475,625426,33.845205,41597.046991,41597.166925,0, 0, 0, 0,-99.000000,-99.000000,-99.000000,-1,1
68475,625427,33.931086,41597.132873,41597.252806,1, 0, 0, 1,6.727051,-4.366443,-6.612548,-1,2
68475,625428,33.943290,41597.145076,41597.265010,1, 0, 0, 1,7.877739,8.664641,9.211317,-1,2
68475,625429,33.955338,41597.157125,41597.277058,0, 0, 0, 0,-99.000000,-99.000000,-99.000000,-1,1
68475,625430,33.990793,41597.192579,41597.312513,1, 0, 0, 1,-7.902686,1.365398,8.217378,-1,2
68475,625431,34.022444,41597.224231,41597.344164,0, 0, 0, 0,-99.000000,-99.000000,-99.000000,-1,1
68475,625432,34.095377,41597.297163,41597.417097,0, 0, 0, 0,-99.000000,-99.000000,-99.000000,-1,1
68475,625433,34.098550,41597.300336,41597.420270,1, 0, 0, 1,-8.328671,3.204964,-12.421741,-1,2
68475,625434,34.180992,41597.382777,41597.502712,0, 0, 0, 0,-99.000000,-99.000000,-99.000000,-1,1
68475,625435,34.186257,41597.388042,41597.507977,0, 0, 0, 0,-99.000000,-99.000000,-99.000000,-1,1
68475,625436,34.202615,41597.404401,41597.524335,0, 0, 0, 0,-99.000000,-99.000000,-99.000000,-1,1
68475,625437,34.258142,41597.459928,41597.579862,1, 0, 0, 1,6.732617,-1.446977,12.255712,-1,2
68475,625438,34.314541,41597.516327,41597.636261,0, 0, 0, 0,-99.000000,-99.000000,-99.000000,-1,0
68475,625439,34.345374,41597.547159,41597.667094,0, 0, 0, 0,-99.000000,-99.000000,-99.000000,-1,1
68475,625440,34.447673,41597.649458,41597.769393,0, 0, 0, 0,-99.000000,-99.000000,-99.000000,-1,1
68475,625441,34.496777,41597.698562,41597.818497,0, 0, 0, 0,-99.000000,-99.000000,-99.000000,-1,1
68475,625442,34.539941,41597.741726,41597.861661,1, 0, 0, 1,4.230118,-5.590710,-13.108665,-1,2
68475,625443,34.598267,41597.800052,41597.919987,0, 0, 0, 0,-99.000000,-99.000000,-99.000000,-1,0
68475,625444,34.606204,41597.807989,41597.927924,1, 0, 0, 1,-4.630806,-11.397595,-1.357542,-1,2
68475,625445,34.653196,41597.854981,41597.974916,1, 0, 0, 1,-6.503715,-4.295543,-3.563504,-1,2
68475,625446,34.785875,41597.987659,41598.107595,0, 0, 0, 0,-99.000000,-99.000000,-99.000000,-1,1
68475,625447,34.795733,41597.997517,41598.117453,1, 0, 0, 1,-6.420355,-4.820466,6.404675,-1,4
68475,625448,34.857405,41598.059189,41598.179125,0, 0, 0, 0,-99.000000,-99.000000,-99.000000,-1,1
68475,625449,34.919394,41598.121179,41598.241114,0, 0, 0, 0,-99.000000,-99.000000,-99.000000,-1,1
68475,625450,35.015163,41598.216947,41598.336883,0, 0, 0, 0,-99.000000,-99.000000,-99.000000,-1,1
68475,625451,35.161314,41598.363098,41598.483034,0, 0, 0, 0,-99.000000,-99.000000,-99.000000,-1,1
68475,625452,35.175881,41598.377665,41598.497601,1, 0, 0, 1,-7.338302,3.190297,-15.211943,-1,2
68475,625453,35.255835,41598.457619,41598.577555,1, 0, 0, 1,-1.297259,-9.112978,13.267569,-1,2
68475,625454,35.395313,41598.597096,41598.717033,0, 0, 0, 0,-99.000000,-99.000000,-99.000000,-1,1
68475,625455,35.415077,41598.616861,41598.736797,1, 0, 0, 1,7.034386,-1.318331,16.716179,-1,2
68475,625456,35.418357,41598.620140,41598.740077,1, 0, 0, 1,3.455182,-0.057042,9.385888,-1,2
68475,625457,35.506020,41598.707803,41598.827740,1, 0, 0, 1,1.422746,-1.703970,-4.721739,-1,2
68475,625458,35.520061,41598.721844,41598.841781,1, 0, 0, 1,-8.574920,2.704186,1.824653,-1,2
68475,625459,35.596533,41598.798316,41598.918253,1, 0, 0, 1,7.709364,1.676074,7.667176,-1,2
68475,625460,35.667995,41598.869778,41598.989715,1, 0, 0, 1,5.275164,-4.780191,13.877683,-1,2
68475,625461,35.742744,41598.944527,41599.064464,1, 0, 0, 1,-0.497346,-2.332779,8.993589,-1,2
68475,625462,35.803657,41599.005440,41599.125377,0, 0, 0, 0,-99.000000,-99.000000,-99.000000,-1,1
68475,625463,36.142954,41599.344736,41599.464674,0, 0, 0, 0,-99.000000,-99.000000,-99.000000,-1,0
68475,625464,36.302827,41599.504609,41599.624547,1, 0, 0, 1,-4.070677,5.653366,-12.520618,-1,2
68475,625465,36.365958,41599.567739,41599.687678,1, 0, 0, 1,-0.169852,7.516407,10.644645,-1,2
68475,625466,36.645143,41599.846924,41599.966863,1, 0, 0, 1,-5.640675,0.067164,-10.594391,-1,2
68475,625467,36.753018,41599.954799,41600.074738,1, 0, 0, 1,1.523157,-4.797448,8.022002,-1,2
68475,625468,37.153412,41600.355192,41600.475132,0, 0, 0, 0,-99.000000,-99.000000,-99.000000,-1,1
68475,625469,37.293326,41600.495106,41600.615046,1, 0, 0, 1,7.614515,-3.016069,4.695002,-1,2
68475,625470,37.391369,41600.593148,41600.713089,1, 0, 0, 1,8.970753,4.228216,-13.799542,-1,3
68475,625471,37.492399,41600.694178,41600.814119,1, 0, 0, 1,-1.132527,-9.495933,-15.647340,-1,2
68475,625472,37.785379,41600.987157,41601.107099,0, 0, 0, 0,-99.000000,-99.000000,-99.000000,-1,1
68475,625473,37.798878,41601.000656,41601.120598,1, 0, 0, 1,0.646563,4.103206,-0.825849,-1,2
68475,625474,38.011948,41601.213726,41601.333668,0, 0, 0, 0,-99.000000,-99.000000,-99.000000,-1,1
68475,625475,38.052416,41601.254194,41601.374136,0, 0, 0, 0,-99.000000,-99.000000,-99.000000,-1,1
68475,625476,38.453052,41601.654829,41601.774772,0, 0, 0, 0,-99.000000,-99.000000,-99.000000,-1,1
68475,625477,38.591546,41601.793323,41601.913266,1, 0, 0, 1,-7.783504,-0.880939,-0.111280,-1,2
68475,625478,38.794208,41601.995985,41602.115928,1, 0, 0, 1,-2.685901,-1.064241,-0.340869,-1,2
68475,625479,38.825975,41602.027752,41602.147695,1, 0, 0, 1,6.198490,1.231268,-8.344482,-1,2
68475,625480,38.833470,41602.035246,41602.155190,1, 0, 0, 1,3.730692,6.903086,15.991359,-1,2
68475,625481,38.905134,41602.106911,41602.226854,0, 0, 0, 0,-99.000000,-99.000000,-99.000000,-1,1
68475,625482,38.954476,41602.156252,41602.276196,1, 0, 0, 1,4.391112,1.517852,-2.772590,-1,2
68475,625483,39.189064,41602.390840,41602.510784,0, 0, 0, 0,-99.000000,-99.000000,-99.000000,-1,1
68475,625484,39.229469,41602.431245,41602.551189,1, 0, 0, 1,-2.209309,5.182996,11.910925,-1,2
68475,625485,39.347699,41602.549474,41602.669419,1, 0, 0, 1,2.579256,-6.926885,9.363484,-1,2
68475,625486,39.422308,41602.624083,41602.744028,1, 0, 0, 1,2.065202,-9.118278,-10.165097,-1,2
68475,625487,39.566245,41602.768020,41602.887965,0, 0, 0, 0,-99.000000,-99.000000,-99.000000,-1,1
68475,625488,39.567631,41602.769406,41602.889351,0, 0, 0, 0,-99.000000,-99.000000,-99.000000,-1,1
68475,625489,39.599705,41602.801480,41602.921425,0, 0, 0, 0,-99.000000,-99.000000,-99.000000,-1,1
68475,625490,39.642306,41602.844081,41602.964026,1, 0, 0, 1,-0.788999,9.175726,17.078262,-1,2
68475,625491,39.714292,41602.916067,41603.036012,0, 0, 0, 0,-99.000000,-99.000000,-99.000000,-1,1
68475,625492,40.004921,41603.206695,41603.326641,1, 0, 0, 1,2.975189,-0.822729,1.131354,-1,2
68475,625493,40.062473,41603.264247,41603.384193,1, 0, 0, 1,4.323865,-3.434769,21.334272,-1,2
68475,625494,40.408785,41603.610559,41603.730505,1, 0, 0, 1,1.947046,-2.575126,-6.786339,-1,2
68475,625495,40.461320,41603.663093,41603.783040,1, 0, 0, 1,-3.899945,1.976410,-16.344159,-1,3
68475,625496,40.478236,41603.680009,41603.799956,1, 0, 0, 1,-2.789759,-4.331017,-15.901622,-1,2
68475,625497,40.499870,41603.701643,41603.821590,1, 0, 0, 1,3.705728,-0.507894,7.279232,-1,2
68475,625498,40.573820,41603.775593,41603.895540,1, 0, 0, 1,-4.116163,6.043367,13.043557,-1,2
68475,625499,40.644297,41603.846070,41603.966017,1, 0, 0, 1,-5.975670,4.876331,-15.301780,-1,2
68475,625500,41.162811,41604.364583,41604.484531,0, 0, 0, 0,-99.000000,-99.000000,-99.000000,-1,1
68475,625501,41.212800,41604.414571,41604.534520,0, 0, 0, 0,-99.000000,-99.000000,-99.000000,-1,1
68475,625502,41.217743,41604.419515,41604.539463,1, 0, 0, 1,0.443334,9.999981,9.404536,-1,3
68475,625503,41.543230,41604.745001,41604.864950,0, 0, 0, 0,-99.000000,-99.000000,-99.000000,-1,0
68475,625504,41.553808,41604.755580,41604.875528,1, 0, 0, 1,6.777932,-1.155027,-12.810540,-1,2
68475,625505,41.584382,41604.786154,41604.906102,0, 0, 0, 0,-99.000000,-99.000000,-99.000000,-1,1
68475,625506,41.787327,41604.989098,41605.109047,1, 0, 0, 1,1.800173,2.824521,-9.824368,-1,2
68475,625507,41.792685,41604.994455,41605.114405,1, 0, 0, 1,5.838145,-2.517376,2.535780,-1,2
68475,625508,41.799530,41605.001301,41605.121250,1, 0, 0, 1,-6.963814,1.747762,7.255116,-1,2
68475,625509,41.956589,41605.158360,41605.278309,1, 0, 0, 1,-0.931785,1.258811,12.322540,-1,2
68475,625510,42.034705,41605.236475,41605.356425,1, 0, 0, 1,7.452538,1.431160,-8.652279,-1,2
68475,625511,42.269022,41605.470792,41605.590742,1, 0, 0, 1,1.822675,5.171444,-0.002223,-1,2
68475,625512,42.336854,41605.538624,41605.658574,1, 0, 0, 1,-2.924951,0.556753,9.440765,-1,2
68475,625513,42.390850,41605.592620,41605.712570,0, 0, 0, 0,-99.000000,-99.000000,-99.000000,-1,1
68475,625514,42.419108,41605.620878,41605.740828,1, 0, 0, 1,3.133953,-0.728896,9.326613,-1,2
68475,625515,42.669382,41605.871151,41605.991102,0, 0, 0, 0,-99.000000,-99.000000,-99.000000,-1,1
68475,625516,42.683203,41605.884972,41606.004923,0, 0, 0, 0,-99.000000,-99.000000,-99.000000,-1,1
68475,625517,42.707353,41605.909121,41606.029073,1, 0, 0, 1,0.993032,-9.028861,-7.081203,-1,2
68475,625518,42.743757,41605.945526,41606.065477,0, 0, 0, 0,-99.000000,-99.000000,-99.000000,-1,1
68475,625519,42.860533,41606.062301,41606.182253,0, 0, 0, 0,-99.000000,-99.000000,-99.000000,-1,0
68475,625520,42.932998,41606.134766,41606.254718,0, 0, 0, 0,-99.000000,-99.000000,-99.000000,-1,1
68475,625521,42.983847,41606.185615,41606.305567,0, 0, 0, 0,-99.000000,-99.000000,-99.000000,-1,1
68475,625522,42.993962,41606.195730,41606.315682,1, 0, 0, 1,4.173613,-3.574164,7.187171,-1,2
68475,625523,43.222151,41606.423919,41606.543871,1, 0, 0, 1,0.712937,-0.564602,-14.479218,-1,2
68475,625524,43.292990,41606.494758,41606.614710,1, 0, 0, 1,-6.823622,-3.089844,-14.593790,-1,2
68475,625525,43.410716,41606.612483,41606.732436,1, 0, 0, 1,5.563690,6.573139,-7.350078,-1,2
68475,625526,43.459367,41606.661134,41606.781087,1, 0, 0, 1,7.372214,2.481446,9.425788,-1,2
68475,625527,43.472320,41606.674088,41606.794040,1, 0, 0, 1,-6.484564,3.153156,-4.023470,-1,2
68475,625528,43.546717,41606.748484,41606.868437,1, 0, 0, 1,3.294481,-3.518170,7.619344,-1,2
68475,625529,43.548104,41606.749872,41606.869824,1, 0, 0, 1,-5.021152,5.593234,-8.707089,-1,2
68475,625530,43.665623,41606.867390,41606.987343,0, 0, 0, 0,-99.000000,-99.000000,-99.000000,-1,0
68475,625531,43.672045,41606.873811,41606.993765,1, 0, 0, 1,-5.939565,-0.448710,-19.988365,-1,2
68475,625532,43.778010,41606.979777,41607.099730,1, 0, 0, 1,-8.424227,0.333783,-7.611299,-1,2
68475,625533,43.946081,41607.147848,41607.267801,0, 0, 0, 0,-99.000000,-99.000000,-99.000000,-1,0
68475,625534,44.171665,41607.373431,41607.493385,1, 0, 0, 1,-0.970718,2.499858,-7.678223,-1,2
68475,625535,44.272991,41607.474757,41607.594711,1, 0, 0, 1,-1.551730,0.477275,10.391521,-1,2
68475,625536,44.424078,41607.625844,41607.745798,0, 0, 0, 0,-99.000000,-99.000000,-99.000000,-1,1
68475,625537,44.434199,41607.635964,41607.755919,0, 0, 0, 0,-99.000000,-99.000000,-99.000000,-1,1
68475,625538,44.748358,41607.950123,41608.070078,0, 0, 0, 0,-99.000000,-99.000000,-99.000000,-1,1
68475,625539,44.753506,41607.955271,41608.075226,1, 0, 0, 1,-5.512186,-0.979899,1.533523,-1,2
68475,625540,44.872461,41608.074226,41608.194181,0, 0, 0, 0,-99.000000,-99.000000,-99.000000,-1,1
68475,625541,44.939369,41608.141134,41608.261089,1, 0, 0, 1,-5.529353,2.944018,11.648918,-1,2
68475,625542,44.968358,41608.170122,41608.290078,1, 0, 0, 1,-5.980167,-1.935495,-6.727412,-1,2
68475,625543,45.039738,41608.241502,41608.361458,1, 0, 0, 1,4.135926,-6.363608,0.682199,-1,2
68475,625544,45.106029,41608.307793,41608.427749,0, 0, 0, 0,-99.000000,-99.000000,-99.000000,-1,1
68475,625545,45.119056,41608.320820,41608.440776,1, 0, 0, 1,-1.166543,-6.898263,-5.681964,-1,2
68475,625546,45.131236,41608.333000,41608.452956,0, 0, 0, 0,-99.000000,-99.000000,-99.000000,-1,1
68475,625547,45.191987,41608.393751,41608.513707,1, 0, 0, 1,1.135227,7.213727,-14.293421,-1,2
68475,625548,45.235052,41608.436816,41608.556772,1, 0, 0, 1,-5.904061,-4.865105,5.644197,-1,3
68475,625549,45.268514,41608.470278,41608.590234,1, 0, 0, 1,5.173986,2.793267,-0.056136,-1,2
68475,625550,45.529026,41608.730789,41608.850746,1, 0, 0, 1,-7.665461,4.448039,-0.270822,-1,2
68475,625551,45.634744,41608.836507,41608.956464,1, 0, 0, 1,-1.978812,-7.277986,6.378420,-1,2
68475,625552,45.671648,41608.873411,41608.993368,1, 0, 0, 1,7.239970,7.206807,-9.144171,-1,2
68475,625553,45.681335,41608.883098,41609.003055,1, 0, 0, 1,-0.044308,-0.694787,-14.406949,-1,2
68475,625554,45.849276,41609.051038,41609.170996,1, 0, 0, 1,7.686495,3.968565,-5.885113,-1,2
68475,625555,45.976930,41609.178693,41609.298650,1, 0, 0, 1,3.160812,9.217700,-19.367559,-1,2
68475,625556,45.984503,41609.186265,41609.306223,1, 0, 0, 1,2.713241,2.226000,-17.173183,-1,2
68475,625557,45.984998,41609.186761,41609.306718,0, 0, 0, 0,-99.000000,-99.000000,-99.000000,-1,1
68475,625558,46.127594,41609.329356,41609.449314,1, 0, 0, 1,-7.423261,1.622194,7.340903,-1,2
68475,625559,46.201326,41609.403088,41609.523046,1, 0, 0, 1,-0.984202,1.034258,20.986444,-1,2
68475,625560,46.320702,41609.522464,41609.642422,1, 0, 0, 1,6.117292,-2.782411,19.371025,-1,2
68475,625561,46.543943,41609.745704,41609.865663,1, 0, 0, 1,7.090311,-3.930097,-6.229264,-1,2
68475,625562,46.570301,41609.772062,41609.892021,0, 0, 0, 0,-99.000000,-99.000000,-99.000000,-1,1
68475,625563,46.635700,41609.837461,41609.957420,1, 0, 0, 1,1.755472,-1.222762,8.577331,-1,2
68475,625564,46.661243,41609.863004,41609.982963,0, 0, 0, 0,-99.000000,-99.000000,-99.000000,-1,0
68475,625565,46.795035,41609.996796,41610.116755,0, 0, 0, 0,-99.000000,-99.000000,-99.000000,-1,0
68475,625566,46.815040,41610.016801,41610.136760,0, 0, 0, 0,-99.000000,-99.000000,-99.000000,-1,1
68475,625567,47.003999,41610.205760,41610.325719,0, 0, 0, 0,-99.000000,-99.000000,-99.000000,-1,0
68475,625568,47.110076,41610.311836,41610.431796,1, 0, 0, 1,-5.890519,-5.315419,9.216588,-1,2
68475,625569,47.448262,41610.650021,41610.769982,1, 0, 0, 1,1.451860,-5.381915,17.134840,-1,2
68475,625570,47.480460,41610.682220,41610.802180,1, 0, 0, 1,7.733125,-2.048937,0.622228,-1,2
68475,625571,47.575168,41610.776928,41610.896888,1, 0, 0, 1,-2.948122,4.951573,-19.150216,-1,2
68475,625572,47.690695,41610.892454,41611.012415,1, 0, 0, 1,8.249966,2.632805,-9.961431,-1,2
68475,625573,47.842728,41611.044487,41611.164448,0, 0, 0, 0,-99.000000,-99.000000,-99.000000,-1,0
68475,625574,47.855750,41611.057508,41611.177470,0, 0, 0, 0,-99.000000,-99.000000,-99.000000,-1,1
68475,625575,47.875104,41611.076863,41611.196824,1, 0, 0, 1,-8.113659,0.268474,7.606319,-1,2
68475,625576,47.890001,41611.091759,41611.211721,0, 0, 0, 0,-99.000000,-99.000000,-99.000000,-1,1
68475,625577,48.052611,41611.254369,41611.374331,1, 0, 0, 1,7.954871,0.413031,-16.159591,-1,2
68475,625578,48.231479,41611.433237,41611.553199,1, 0, 0, 1,5.759174,0.146654,6.262119,-1,2
68475,625579,48.296787,41611.498545,41611.618507,1, 0, 0, 1,-0.137472,-7.056637,8.946097,-1,2
68475,625580,48.549134,41611.750891,41611.870854,0, 0, 0, 0,-99.000000,-99.000000,-99.000000,-1,0
68475,625581,48.580698,41611.782455,41611.902418,0, 0, 0, 0,-99.000000,-99.000000,-99.000000,-1,1
68475,625582,48.696002,41611.897759,41612.017722,1, 0, 0, 1,-1.797368,2.722938,-9.080361,-1,2
68475,625583,48.775098,41611.976854,41612.096818,0, 0, 0, 0,-99.000000,-99.000000,-99.000000,-1,1
68475,625584,48.812856,41612.014613,41612.134576,1, 0, 0, 1,6.329905,-6.506670,-15.918673,-1,2
68475,625585,48.888032,41612.089789,41612.209752,0, 0, 0, 0,-99.000000,-99.000000,-99.000000,-1,1
68475,625586,48.926131,41612.127887,41612.247851,1, 0, 0, 1,-7.814296,2.718716,2.263015,-1,2
68475,625587,48.938517,41612.140274,41612.260237,0, 0, 0, 0,-99.000000,-99.000000,-99.000000,-1,0
68475,625588,49.013231,41612.214988,41612.334951,1, 0, 0, 1,0.285888,4.364858,12.497231,-1,2
68475,625589,49.273761,41612.475517,41612.595481,0, 0, 0, 0,-99.000000,-99.000000,-99.000000,-1,0
68475,625590,49.571601,41612.773356,41612.893321,0, 0, 0, 0,-99.000000,-99.000000,-99.000000,-1,1
68475,625591,50.268895,41613.470649,41613.590615,0, 0, 0, 0,-99.000000,-99.000000,-99.000000,-1,1
68475,625592,50.472882,41613.674635,41613.794602,0, 0, 0, 0,-99.000000,-99.000000,-99.000000,-1,1
68475,625593,50.545680,41613.747434,41613.867400,0, 0, 0, 0,-99.000000,-99.000000,-99.000000,-1,0
68475,625594,50.824587,41614.026340,41614.146307,1, 0, 0, 1,2.012049,-2.931300,10.110375,-1,2
68475,625595,50.878128,41614.079880,41614.199848,1, 0, 0, 1,1.658549,1.486662,-12.656379,-1,2
68475,625596,51.011780,41614.213532,41614.333500,0, 0, 0, 0,-99.000000,-99.000000,-99.000000,-1,0
68475,625597,51.091050,41614.292803,41614.412770,0, 0, 0, 0,-99.000000,-99.000000,-99.000000,-1,1
68475,625598,51.343779,41614.545530,41614.665499,1, 1, 0, 1,2.754514,-1.642469,-7.181599,-1,3
68475,625599,51.366154,41614.567906,41614.687874,0, 0, 0, 0,-99.000000,-99.000000,-99.000000,-1,0
68475,625600,51.455935,41614.657687,41614.777655,0, 0, 0, 0,-99.000000,-99.000000,-99.000000,-1,1
68475,625601,51.619925,41614.821676,41614.941645,0, 0, 0, 0,-99.000000,-99.000000,-99.000000,-1,1
68475,625602,51.640597,41614.842348,41614.962317,1, 0, 0, 1,6.071760,3.365044,12.136036,-1,2
68475,625603,51.748776,41614.950527,41615.070496,1, 0, 0, 1,3.403609,-2.629326,4.384570,-1,2
68475,625604,51.905446,41615.107197,41615.227166,0, 0, 0, 0,-99.000000,-99.000000,-99.000000,-1,1
68475,625605,51.932956,41615.134707,41615.254676,0, 0, 0, 0,-99.000000,-99.000000,-99.000000,-1,1
68475,625606,52.039319,41615.241069,41615.361039,0, 0, 0, 0,-99.000000,-99.000000,-99.000000,-1,0
68475,625607,52.154891,41615.356641,41615.476611,1, 0, 0, 1,3.319512,4.992802,-15.213178,-1,2
68475,625608,52.248263,41615.450013,41615.569983,1, 0, 0, 1,7.197220,-3.112633,-7.832618,-1,2
68475,625609,52.265115,41615.466865,41615.586835,1, 0, 0, 1,1.758565,1.444713,-10.854689,-1,2
68475,625610,52.340130,41615.541880,41615.661850,0, 0, 0, 0,-99.000000,-99.000000,-99.000000,-1,0
68475,625611,52.357334,41615.559084,41615.679054,0, 0, 0, 0,-99.000000,-99.000000,-99.000000,-1,1
68475,625612,52.414460,41615.616210,41615.736180,0, 0, 0, 0,-99.000000,-99.000000,-99.000000,-1,0
68475,625613,52.435860,41615.637609,41615.757580,0, 0, 0, 0,-99.000000,-99.000000,-99.000000,-1,0
68475,625614,52.542313,41615.744062,41615.864033,1, 0, 0, 1,7.309164,1.884627,-4.880815,-1,2
68475,625615,52.573660,41615.775410,41615.895380,0, 0, 0, 0,-99.000000,-99.000000,-99.000000,-1,0
68475,625616,52.589541,41615.791290,41615.911261,1, 0, 0, 1,-2.868624,-2.795205,-10.162838,-1,6
68475,625617,52.642051,41615.843800,41615.963771,1, 0, 0, 1,7.532288,0.595386,5.280842,-1,2
68475,625618,52.755035,41615.956784,41616.076755,1, 0, 0, 1,-8.406814,4.886975,-18.170559,-1,2
68475,625619,52.834220,41616.035968,41616.155940,1, 0, 0, 1,-7.833976,4.122557,0.635374,-1,2
68475,625620,52.838793,41616.040542,41616.160513,0, 0, 0, 0,-99.000000,-99.000000,-99.000000,-1,1
68475,625621,52.922376,41616.124125,41616.244096,0, 0, 0, 0,-99.000000,-99.000000,-99.000000,-1,0
68475,625622,53.011109,41616.212857,41616.332829,1, 0, 0, 1,-1.576215,-2.029856,-6.154298,-1,2
68475,625623,53.340746,41616.542494,41616.662466,0, 0, 0, 0,-99.000000,-99.000000,-99.000000,-1,1
68475,625624,53.773055,41616.974802,41617.094775,1, 0, 0, 1,1.361027,-8.355947,16.347646,-1,2
68475,625625,53.960597,41617.162343,41617.282317,0, 0, 0, 0,-99.000000,-99.000000,-99.000000,-1,1
68475,625626,53.961226,41617.162973,41617.282946,1, 1, 0, 1,-3.641643,1.171795,1.343548,-1,2
68475,625627,54.015445,41617.217191,41617.337165,1, 0, 0, 1,-1.706276,-1.593465,-16.527109,-1,2
68475,625628,54.203402,41617.405148,41617.525122,0, 0, 0, 0,-99.000000,-99.000000,-99.000000,-1,1
68475,625629,54.400023,41617.601769,41617.721743,1, 0, 0, 1,-3.352366,6.287025,10.992090,-1,2
68475,625630,54.600771,41617.802517,41617.922491,1, 0, 0, 1,6.088392,1.809978,-5.422219,-1,2
68475,625631,54.654522,41617.856267,41617.976242,1, 0, 0, 1,-6.787193,2.081638,20.209158,-1,2
68475,625632,54.784800,41617.986545,41618.106520,1, 0, 0, 1,-6.340020,1.749709,16.293054,-1,2
68475,625633,54.842544,41618.044289,41618.164264,0, 0, 0, 0,-99.000000,-99.000000,-99.000000,-1,0
68475,625634,54.916763,41618.118508,41618.238483,1, 0, 0, 1,-6.693990,3.405926,19.281727,-1,2
68475,625635,54.951909,41618.153653,41618.273629,1, 0, 0, 1,-5.590072,-5.029536,11.652951,-1,2
68475,625636,54.995492,41618.197236,41618.317212,1, 0, 0, 1,2.713994,-5.764890,16.350231,-1,2
68475,625637,55.164049,41618.365793,41618.485769,1, 0, 0, 1,3.170443,-6.171273,7.690147,-1,2
68475,625638,55.262730,41618.464474,41618.584450,0, 0, 0, 0,-99.000000,-99.000000,-99.000000,-1,1
68475,625639,55.281081,41618.482825,41618.602801,1, 0, 0, 1,-4.577694,-4.684925,4.934967,-1,2
68475,625640,55.430234,41618.631977,41618.751954,1, 0, 0, 1,2.284032,4.026296,-6.118315,-1,2
68475,625641,55.541642,41618.743386,41618.863362,0, 0, 0, 0,-99.000000,-99.000000,-99.000000,-1,1
68475,625642,55.561602,41618.763345,41618.883322,1, 0, 0, 1,-2.186247,-11.704255,-7.340325,-1,2
68475,625643,55.567644,41618.769388,41618.889364,1, 0, 0, 1,4.146649,-3.788737,16.380427,-1,2
68475,625644,55.568287,41618.770031,41618.890007,1, 0, 0, 1,2.109969,6.543052,15.459658,-1,2
68475,625645,55.630003,41618.831746,41618.951723,1, 0, 0, 1,11.413515,-8.872428,0.628432,-1,2
68475,625646,55.640621,41618.842364,41618.962341,1, 0, 0, 1,3.797707,3.295021,6.089763,-1,2
68475,625647,55.814349,41619.016092,41619.136069,0, 0, 0, 0,-99.000000,-99.000000,-99.000000,-1,0
68475,625648,55.944390,41619.146132,41619.266110,1, 0, 0, 1,-8.604986,1.798500,-14.905851,-1,2
68475,625649,55.951616,41619.153358,41619.273336,1, 0, 0, 1,-0.015597,4.685420,9.808822,-1,2
68475,625650,56.085680,41619.287422,41619.407400,0, 0, 0, 0,-99.000000,-99.000000,-99.000000,-1,0
68475,625651,56.196776,41619.398519,41619.518496,0, 0, 0, 0,-99.000000,-99.000000,-99.000000,-1,1
68475,625652,56.290161,41619.491903,41619.611881,0, 0, 0, 0,-99.000000,-99.000000,-99.000000,-1,1
68475,625653,56.421114,41619.622856,41619.742834,1, 0, 0, 1,-7.566588,4.309475,-16.003919,-1,2
68475,625654,56.553441,41619.755183,41619.875161,0, 0, 0, 0,-99.000000,-99.000000,-99.000000,-1,1
68475,625655,56.558818,41619.760559,41619.880538,0, 0, 0, 0,-99.000000,-99.000000,-99.000000,-1,1
68475,625656,56.699530,41619.901271,41620.021250,1, 0, 0, 1,-6.504555,-1.848641,-1.348438,-1,2
68475,625657,56.769067,41619.970808,41620.090787,1, 0, 0, 1,1.603467,8.841643,6.894375,-1,3
68475,625658,56.826564,41620.028305,41620.148284,1, 0, 0, 1,-1.643774,8.987386,9.374542,-1,2
68475,625659,57.006038,41620.207778,41620.327758,1, 0, 0, 1,-4.905539,3.998897,-11.401096,-1,2
68475,625660,57.071336,41620.273077,41620.393056,0, 0, 0, 0,-99.000000,-99.000000,-99.000000,-1,1
68475,625661,57.107156,41620.308896,41620.428876,0, 0, 0, 0,-99.000000,-99.000000,-99.000000,-1,1
68475,625662,57.145970,41620.347710,41620.467690,0, 0, 0, 0,-99.000000,-99.000000,-99.000000,-1,1
68475,625663,57.185126,41620.386866,41620.506846,0, 0, 0, 0,-99.000000,-99.000000,-99.000000,-1,1
68475,625664,57.307966,41620.509706,41620.629686,1, 0, 0, 1,-7.540702,-1.708014,8.171168,-1,2
68475,625665,57.475976,41620.677716,41620.797696,1, 0, 0, 1,-2.092224,8.523968,-4.634493,-1,2
68475,625666,57.572653,41620.774392,41620.894373,1, 0, 0, 1,-5.572825,0.828295,-16.836890,-1,2
68475,625667,57.847987,41621.049726,41621.169707,0, 0, 0, 0,-99.000000,-99.000000,-99.000000,-1,1
68475,625668,58.033490,41621.235229,41621.355210,0, 0, 0, 0,-99.000000,-99.000000,-99.000000,-1,0
68475,625669,58.272438,41621.474176,41621.594158,1, 0, 0, 1,5.861631,4.219132,6.546742,-1,2
68475,625670,58.731544,41621.933281,41622.053264,1, 0, 0, 1,1.553396,-1.393712,11.269705,-1,2
68475,625671,58.822301,41622.024038,41622.144021,1, 0, 0, 1,3.177576,0.280901,-4.180274,-1,2
68475,625672,59.013713,41622.215450,41622.335433,1, 0, 0, 1,-4.974223,2.006146,-6.500255,-1,2
68475,625673,59.023231,41622.224968,41622.344951,1, 0, 0, 1,5.137515,-4.830864,7.425148,-1,2
68475,625674,59.096563,41622.298300,41622.418283,1, 0, 0, 1,-3.925723,-4.017542,20.690653,-1,2
68475,625675,59.156939,41622.358675,41622.478659,0, 0, 0, 0,-99.000000,-99.000000,-99.000000,-1,0
68475,625676,59.306249,41622.507985,41622.627969,1, 0, 0, 1,-1.660566,1.485313,-12.470175,-1,2
68475,625677,59.741270,41622.943005,41623.062990,1, 0, 0, 1,-2.407421,6.695989,15.548078,-1,2
68475,625678,59.824988,41623.026723,41623.146708,1, 0, 0, 1,-0.815521,1.076189,14.059157,-1,2
68475,625679,59.981201,41623.182935,41623.302921,1, 0, 0, 1,-5.494413,2.907549,15.713939,-1,2
68475,625680,60.082443,41623.284177,41623.404163,0, 0, 0, 0,-99.000000,-99.000000,-99.000000,-1,1
68475,625681,60.104669,41623.306403,41623.426389,0, 0, 0, 0,-99.000000,-99.000000,-99.000000,-1,1
68475,625682,60.187707,41623.389441,41623.509427,1, 0, 0, 1,0.435148,-0.538165,-6.330120,-1,2
68475,625683,60.220887,41623.422621,41623.542607,0, 0, 0, 0,-99.000000,-99.000000,-99.000000,-1,0
68475,625684,60.231728,41623.433462,41623.553448,1, 0, 0, 1,-6.677466,-14.009571,15.036637,-1,2
68475,625685,60.276844,41623.478578,41623.598564,1, 0, 0, 1,-6.699800,2.289496,0.703548,-1,3
68475,625686,60.366244,41623.567977,41623.687964,0, 0, 0, 0,-99.000000,-99.000000,-99.000000,-1,0
68475,625687,60.490536,41623.692269,41623.812256,1, 0, 0, 1,-1.285801,7.156715,-10.615325,-1,2
68475,625688,60.588617,41623.790351,41623.910337,1, 0, 0, 1,-7.551609,-4.323678,-6.657179,-1,2
68475,625689,60.602561,41623.804295,41623.924281,1, 0, 0, 1,2.905386,4.195090,-9.716329,-1,2
68475,625690,60.632232,41623.833965,41623.953952,0, 0, 0, 0,-99.000000,-99.000000,-99.000000,-1,1
68475,625691,60.811499,41624.013232,41624.133219,0, 0, 0, 0,-99.000000,-99.000000,-99.000000,-1,1
68475,625692,60.865624,41624.067357,41624.187344,1, 0, 0, 1,-6.739105,4.574096,-7.463722,-1,4
68475,625693,60.933685,41624.135418,41624.255405,1, 0, 0, 1,-2.536013,6.343562,-12.322591,-1,2
68475,625694,61.117371,41624.319104,41624.439091,1, 0, 0, 1,8.745895,3.058023,-1.979528,-1,2
68475,625695,61.275742,41624.477475,41624.597462,0, 0, 0, 0,-99.000000,-99.000000,-99.000000,-1,1
68475,625696,61.433720,41624.635452,41624.755440,1, 0, 0, 1,2.990055,-6.458012,14.849732,-1,2
68475,625697,61.503700,41624.705432,41624.825420,0, 0, 0, 0,-99.000000,-99.000000,-99.000000,-1,1
68475,625698,61.577144,41624.778876,41624.898864,0, 0, 0, 0,-99.000000,-99.000000,-99.000000,-1,1
68475,625699,61.600499,41624.802230,41624.922219,1, 0, 0, 1,2.232207,0.310046,20.880242,-1,2
68475,625700,61.744327,41624.946059,41625.066047,1, 0, 0, 1,5.502582,9.199710,-9.129008,-1,2
68475,625701,61.753015,41624.954746,41625.074735,0, 0, 0, 0,-99.000000,-99.000000,-99.000000,-1,0
68475,625702,61.771495,41624.973226,41625.093215,1, 0, 0, 1,-5.786202,-0.223560,-2.236255,-1,2
68475,625703,61.876742,41625.078473,41625.198462,1, 0, 0, 1,2.315739,-1.272501,17.047636,-1,2
68475,625704,62.071390,41625.273120,41625.393110,0, 0, 0, 0,-99.000000,-99.000000,-99.000000,-1,1
68475,625705,62.198287,41625.400017,41625.520007,1, 0, 0, 1,3.727358,2.005280,-9.275256,-1,2
68475,625706,62.250624,41625.452354,41625.572344,0, 0, 0, 0,-99.000000,-99.000000,-99.000000,-1,0
68475,625707,62.353238,41625.554968,41625.674958,1, 0, 0, 1,5.553521,2.813588,1.295673,-1,2
68475,625708,62.410526,41625.612256,41625.732246,0, 0, 0, 0,-99.000000,-99.000000,-99.000000,-1,1
68475,625709,62.446943,41625.648673,41625.768663,0, 0, 0, 0,-99.000000,-99.000000,-99.000000,-1,0
68475,625710,62.547658,41625.749387,41625.869378,1, 0, 0, 1,3.206592,9.995422,-0.970859,-1,2
68475,625711,62.606461,41625.808190,41625.928181,1, 0, 0, 1,0.838555,5.861802,9.510793,-1,2
68475,625712,62.784303,41625.986032,41626.106023,1, 0, 0, 1,3.299115,6.482217,16.354666,-1,2
68475,625713,62.797394,41625.999123,41626.119114,1, 0, 0, 1,3.719689,3.455330,-13.116407,-1,2
68475,625714,62.898443,41626.100172,41626.220163,0, 0, 0, 0,-99.000000,-99.000000,-99.000000,-1,1
68475,625715,63.103313,41626.305042,41626.425033,1, 0, 0, 1,-3.639489,-5.959890,-9.360752,-1,2
68475,625716,63.440763,41626.642491,41626.762483,0, 0, 0, 0,-99.000000,-99.000000,-99.000000,-1,1
68475,625717,63.441030,41626.642758,41626.762750,0, 0, 0, 0,-99.000000,-99.000000,-99.000000,-1,1
68475,625718,63.618985,41626.820712,41626.940705,1, 0, 0, 1,-0.939834,1.745339,-4.181151,-1,2
68475,625719,63.629717,41626.831444,41626.951437,0, 0, 0, 0,-99.000000,-99.000000,-99.000000,-1,1
68475,625720,63.661569,41626.863296,41626.983289,0, 0, 0, 0,-99.000000,-99.000000,-99.000000,-1,1
68475,625721,63.751438,41626.953165,41627.073158,0, 0, 0, 0,-99.000000,-99.000000,-99.000000,-1,0
68475,625722,63.903390,41627.105117,41627.225110,0, 0, 0, 0,-99.000000,-99.000000,-99.000000,-1,1
68475,625723,63.980759,41627.182486,41627.302479,0, 0, 0, 0,-99.000000,-99.000000,-99.000000,-1,0
68475,625724,64.474581,41627.676307,41627.796301,0, 0, 0, 0,-99.000000,-99.000000,-99.000000,-1,0
68475,625725,64.684206,41627.885931,41628.005926,1, 0, 0, 1,-1.665923,1.063148,4.909237,-1,2
68475,625726,64.745574,41627.947299,41628.067294,1, 0, 0, 1,3.393273,-3.862065,-11.685343,-1,2
68475,625727,64.840042,41628.041768,41628.161762,0, 0, 0, 0,-99.000000,-99.000000,-99.000000,-1,1
68475,625728,64.884226,41628.085951,41628.205946,0, 0, 0, 0,-99.000000,-99.000000,-99.000000,-1,1
68475,625729,64.891571,41628.093296,41628.213291,1, 0, 0, 1,-3.559442,-0.804038,-2.648854,-1,2
68475,625730,64.903959,41628.105684,41628.225679,0, 0, 0, 0,-99.000000,-99.000000,-99.000000,-1,1
68475,625731,64.936659,41628.138384,41628.258379,0, 0, 0, 0,-99.000000,-99.000000,-99.000000,-1,1
68475,625732,64.939234,41628.140959,41628.260954,1, 0, 0, 1,-6.055165,-0.908439,-14.566401,-1,2
68475,625733,65.038940,41628.240665,41628.360660,0, 0, 0, 0,-99.000000,-99.000000,-99.000000,-1,1
68475,625734,65.045794,41628.247519,41628.367514,1, 0, 0, 1,-2.597917,6.296881,14.630712,-1,2
68475,625735,65.058046,41628.259771,41628.379766,1, 1, 1, 1,1.790950,-1.901788,0.283763,-1,4
68475,625736,65.342319,41628.544043,41628.664039,1, 0, 0, 1,-5.592239,5.420334,8.203292,-1,2
68475,625737,65.557680,41628.759404,41628.879400,1, 0, 0, 1,-4.720067,0.444031,-6.795220,-1,2
68475,625738,65.566137,41628.767861,41628.887857,0, 0, 0, 0,-99.000000,-99.000000,-99.000000,-1,0
68475,625739,65.585729,41628.787452,41628.907449,1, 0, 0, 1,-2.959611,0.510845,2.363327,-1,3
68475,625740,65.618764,41628.820488,41628.940484,1, 0, 0, 1,0.679875,2.467102,-20.077486,-1,2
68475,625741,65.665293,41628.867016,41628.987013,1, 0, 0, 1,-1.619183,4.320990,0.137707,-1,2
68475,625742,65.687315,41628.889039,41629.009035,1, 0, 0, 1,-7.072306,-0.864800,-19.322693,-1,2
68475,625743,65.789725,41628.991448,41629.111445,1, 0, 0, 1,3.292348,10.794727,-6.615402,-1,2
68475,625744,66.136262,41629.337984,41629.457982,1, 0, 0, 1,-1.690389,10.783955,15.766041,-1,2
68475,625745,66.208156,41629.409879,41629.529876,1, 0, 0, 1,-1.311625,-3.536765,-21.123915,-1,2
68475,625746,66.631107,41629.832829,41629.952827,1, 0, 0, 1,-8.504174,0.514167,-8.265155,-1,2
68475,625747,66.789515,41629.991236,41630.111235,1, 0, 0, 1,-8.203208,0.998884,17.573023,-1,2
68475,625748,66.908608,41630.110328,41630.230328,0, 0, 0, 0,-99.000000,-99.000000,-99.000000,-1,1
68475,625749,67.008684,41630.210404,41630.330404,1, 0, 0, 1,-6.312497,-0.190759,-18.506983,-1,2
68475,625750,67.030841,41630.232561,41630.352561,1, 0, 0, 1,-5.929140,1.218473,-8.728039,-1,2
68475,625751,67.159314,41630.361035,41630.481034,1, 0, 0, 1,-2.595130,3.356425,-0.991221,-1,2
68475,625752,67.327124,41630.528844,41630.648844,1, 0, 0, 1,0.338261,4.180366,12.285208,-1,2
68475,625753,67.487829,41630.689549,41630.809549,1, 0, 0, 1,-5.053622,4.686440,17.326940,-1,2
68475,625754,67.732025,41630.933745,41631.053745,1, 0, 0, 1,0.826145,-15.195498,-3.156780,-1,2
68475,625755,67.809191,41631.010910,41631.130911,1, 0, 0, 1,3.723318,4.894167,8.383117,-1,2
68475,625756,67.846851,41631.048570,41631.168571,1, 0, 0, 1,-0.350325,10.192295,-10.111697,-1,2
68475,625757,67.884102,41631.085821,41631.205822,0, 0, 0, 0,-99.000000,-99.000000,-99.000000,-1,0
68475,625758,67.907418,41631.109137,41631.229138,1, 0, 0, 1,-2.243169,-8.432458,13.094438,-1,2
68475,625759,68.080238,41631.281957,41631.401958,1, 0, 0, 1,4.917289,0.026999,-16.114341,-1,2
68475,625760,68.195801,41631.397519,41631.517521,1, 0, 0, 1,0.671052,11.203682,7.592735,-1,2
68475,625761,68.297647,41631.499365,41631.619367,0, 0, 0, 0,-99.000000,-99.000000,-99.000000,-1,1
68475,625762,68.306686,41631.508404,41631.628406,1, 0, 0, 1,-7.140479,0.268750,7.253466,-1,2
68475,625763,68.342815,41631.544533,41631.664535,0, 0, 0, 0,-99.000000,-99.000000,-99.000000,-1,0
68475,625764,68.427749,41631.629467,41631.749469,0, 0, 0, 0,-99.000000,-99.000000,-99.000000,-1,0
68475,625765,68.427828,41631.629546,41631.749548,0, 0, 0, 0,-99.000000,-99.000000,-99.000000,-1,0
68475,625766,68.430022,41631.631740,41631.751742,1, 0, 0, 1,4.068382,2.534120,-2.235535,-1,2
68475,625767,68.437421,41631.639139,41631.759141,1, 0, 0, 1,-3.956426,5.530955,-12.235248,-1,2
68475,625768,68.579666,41631.781384,41631.901386,0, 0, 0, 0,-99.000000,-99.000000,-99.000000,-1,1
68475,625769,68.911917,41632.113634,41632.233637,1, 0, 0, 1,1.643917,3.352357,-3.889516,-1,2
68475,625770,68.925433,41632.127149,41632.247153,1, 0, 0, 1,-0.747249,-3.245878,12.094844,-1,2
68475,625771,69.021783,41632.223500,41632.343503,1, 0, 0, 1,-0.776472,-4.128111,17.347257,-1,2
68475,625772,69.226951,41632.428668,41632.548671,0, 0, 0, 0,-99.000000,-99.000000,-99.000000,-1,1
68475,625773,69.257302,41632.459018,41632.579022,0, 0, 0, 0,-99.000000,-99.000000,-99.000000,-1,1
68475,625774,69.306548,41632.508265,41632.628268,0, 0, 0, 0,-99.000000,-99.000000,-99.000000,-1,1
68475,625775,69.393324,41632.595040,41632.715044,1, 0, 0, 1,7.887891,-5.118239,-10.208256,-1,2
68475,625776,69.766272,41632.967987,41633.087992,0, 0, 0, 0,-99.000000,-99.000000,-99.000000,-1,1
68475,625777,70.298472,41633.500187,41633.620192,1, 0, 0, 1,0.352805,-1.252997,2.209440,-1,2
68475,625778,70.499523,41633.701237,41633.821243,1, 0, 0, 1,-6.618938,4.429956,-9.440337,-1,2
68475,625779,70.617204,41633.818918,41633.938924,1, 0, 0, 1,4.231128,7.128421,-8.467888,-1,2
68475,625780,70.728508,41633.930221,41634.050228,1, 0, 0, 1,-7.240784,0.141164,11.631054,-1,2
68475,625781,70.763623,41633.965336,41634.085343,0, 0, 0, 0,-99.000000,-99.000000,-99.000000,-1,1
68475,625782,70.871371,41634.073084,41634.193091,0, 0, 0, 0,-99.000000,-99.000000,-99.000000,-1,1
68475,625783,70.936404,41634.138117,41634.258124,1, 0, 0, 1,2.817695,6.908945,-10.200399,-1,8
68475,625784,71.058902,41634.260615,41634.380622,1, 0, 0, 1,-5.420290,-2.742285,-2.520328,-1,3
68475,625785,71.082534,41634.284247,41634.404254,1, 0, 0, 1,1.111730,-1.664548,-2.478151,-1,2
68475,625786,71.290159,41634.491871,41634.611879,1, 0, 0, 1,-2.080402,1.474150,-9.908166,-1,2
68475,625787,71.406690,41634.608402,41634.728410,1, 0, 0, 1,5.354915,4.085265,11.016511,-1,2
68475,625788,71.570993,41634.772705,41634.892713,0, 0, 0, 0,-99.000000,-99.000000,-99.000000,-1,1
68475,625789,71.720761,41634.922472,41635.042481,1, 0, 0, 1,-0.394998,-1.631013,-11.829618,-1,2
68475,625790,71.751138,41634.952850,41635.072858,1, 0, 0, 1,6.016043,2.985816,-14.415336,-1,2
68475,625791,71.845339,41635.047050,41635.167059,0, 0, 0, 0,-99.000000,-99.000000,-99.000000,-1,1
68475,625792,72.037334,41635.239045,41635.359054,0, 0, 0, 0,-99.000000,-99.000000,-99.000000,-1,1
68475,625793,72.144648,41635.346358,41635.466368,1, 0, 0, 1,4.580998,1.660190,-15.287399,-1,2
68475,625794,72.190912,41635.392623,41635.512632,1, 0, 0, 1,-1.382541,1.760213,-3.877349,-1,2
68475,625795,72.279809,41635.481519,41635.601529,1, 0, 0, 1,0.453167,-1.878432,-1.804673,-1,2
68475,625796,72.283728,41635.485438,41635.605448,1, 0, 0, 1,3.388419,1.347060,-9.328851,-1,2
68475,625797,72.405843,41635.607553,41635.727563,0, 0, 0, 0,-99.000000,-99.000000,-99.000000,-1,1
68475,625798,72.661146,41635.862855,41635.982866,0, 0, 0, 0,-99.000000,-99.000000,-99.000000,-1,0
68475,625799,73.052601,41636.254310,41636.374321,1, 0, 0, 1,-0.710957,-5.054557,14.130815,-1,9
68475,625800,73.466042,41636.667750,41636.787762,1, 0, 0, 1,2.060516,-3.573375,7.107458,-1,2
68475,625801,73.475087,41636.676795,41636.796807,0, 0, 0, 0,-99.000000,-99.000000,-99.000000,-1,1
68475,625802,73.476425,41636.678133,41636.798145,1, 0, 0, 1,6.477975,-6.871692,-17.570588,-1,3
68475,625803,73.504182,41636.705890,41636.825902,1, 0, 0, 1,-0.940126,1.928912,8.836292,-1,2
68475,625804,73.512850,41636.714558,41636.834570,0, 0, 0, 0,-99.000000,-99.000000,-99.000000,-1,1
68475,625805,73.542303,41636.744011,41636.864023,0, 0, 0, 0,-99.000000,-99.000000,-99.000000,-1,1
68475,625806,73.702631,41636.904339,41637.024351,1, 0, 0, 1,5.282626,-4.444898,-3.362189,-1,2
68475,625807,73.865587,41637.067295,41637.187307,1, 0, 0, 1,-2.586014,-8.356270,2.294891,-1,2
68475,625808,74.039936,41637.241643,41637.361656,0, 0, 0, 0,-99.000000,-99.000000,-99.000000,-1,1
68475,625809,74.056991,41637.258698,41637.378711,1, 0, 0, 1,8.799545,-3.382751,-8.422414,-1,2
68475,625810,74.067295,41637.269002,41637.389015,0, 0, 0, 0,-99.000000,-99.000000,-99.000000,-1,0
68475,625811,74.194494,41637.396200,41637.516214,1, 0, 0, 1,2.849191,5.736458,-17.010685,-1,2
68475,625812,74.206529,41637.408236,41637.528249,0, 0, 0, 0,-99.000000,-99.000000,-99.000000,-1,0
68475,625813,74.279847,41637.481554,41637.601567,1, 0, 0, 1,2.312640,-3.715118,3.333287,-1,2
68475,625814,74.338871,41637.540578,41637.660591,0, 0, 0, 0,-99.000000,-99.000000,-99.000000,-1,0
68475,625815,74.392332,41637.594038,41637.714052,0, 0, 0, 0,-99.000000,-99.000000,-99.000000,-1,0
68475,625816,74.518403,41637.720109,41637.840123,0, 0, 0, 0,-99.000000,-99.000000,-99.000000,-1,0
68475,625817,74.541123,41637.742829,41637.862843,1, 0, 0, 1,5.802969,1.718280,-6.558930,-1,2
68475,625818,74.625306,41637.827011,41637.947026,1, 0, 0, 1,-4.336785,6.768200,21.471216,-1,2
68475,625819,74.749004,41637.950709,41638.070724,0, 0, 0, 0,-99.000000,-99.000000,-99.000000,-1,0
68475,625820,74.784363,41637.986068,41638.106083,1, 0, 0, 1,-3.402375,-8.255443,-11.726227,-1,2
68475,625821,74.909291,41638.110997,41638.231011,1, 0, 0, 1,-0.774121,-0.401193,-18.779578,-1,2
68475,625822,74.931692,41638.133397,41638.253412,1, 0, 0, 1,2.739990,-3.126773,-12.566488,-1,2
68475,625823,75.089744,41638.291448,41638.411464,0, 0, 0, 0,-99.000000,-99.000000,-99.000000,-1,0
68475,625824,75.307967,41638.509672,41638.629687,0, 0, 0, 0,-99.000000,-99.000000,-99.000000,-1,1
68475,625825,75.362125,41638.563830,41638.683845,1, 0, 0, 1,2.678377,-2.600606,22.606408,-1,2
68475,625826,75.424973,41638.626677,41638.746693,1, 0, 0, 1,0.839441,-4.837095,-12.609856,-1,2
68475,625827,75.453649,41638.655353,41638.775369,0, 0, 0, 0,-99.000000,-99.000000,-99.000000,-1,1
68475,625828,75.612200,41638.813904,41638.933920,0, 0, 0, 0,-99.000000,-99.000000,-99.000000,-1,1
68475,625829,75.754768,41638.956471,41639.076488,1, 0, 0, 1,5.697472,0.407291,12.740027,-1,2
68475,625830,75.790533,41638.992237,41639.112253,0, 0, 0, 0,-99.000000,-99.000000,-99.000000,-1,1
68475,625831,76.032816,41639.234519,41639.354536,0, 0, 0, 0,-99.000000,-99.000000,-99.000000,-1,1
68475,625832,76.074363,41639.276066,41639.396083,0, 0, 0, 0,-99.000000,-99.000000,-99.000000,-1,1
68475,625833,76.150867,41639.352569,41639.472587,1, 0, 0, 1,-2.971366,-2.705813,-16.623938,-1,2
68475,625834,76.170722,41639.372424,41639.492442,1, 0, 0, 1,-4.894394,-5.279240,4.068961,-1,2
68475,625835,76.242489,41639.444192,41639.564209,0, 0, 0, 0,-99.000000,-99.000000,-99.000000,-1,1
68475,625836,76.277115,41639.478818,41639.598835,1, 0, 0, 1,1.974716,8.119615,1.732916,-1,2
68475,625837,76.324106,41639.525808,41639.645826,0, 0, 0, 0,-99.000000,-99.000000,-99.000000,-1,1
68475,625838,76.427782,41639.629484,41639.749502,1, 0, 0, 1,-0.607069,-4.043169,-6.435467,-1,2
68475,625839,76.567665,41639.769367,41639.889385,1, 0, 0, 1,2.286676,-0.586666,3.317685,-1,2
68475,625840,76.570625,41639.772327,41639.892345,0, 0, 0, 0,-99.000000,-99.000000,-99.000000,-1,0
68475,625841,76.717185,41639.918886,41640.038905,1, 0, 0, 1,3.817830,1.615482,-0.933512,-1,2
68475,625842,76.900019,41640.101720,41640.221739,1, 0, 0, 1,1.481541,-1.098273,6.781053,-1,2
68475,625843,77.085398,41640.287099,41640.407118,1, 0, 0, 1,2.278853,-4.504162,2.497311,-1,2
68475,625844,77.240670,41640.442371,41640.562390,1, 0, 0, 1,2.099403,2.313429,10.916727,-1,2
68475,625845,77.277596,41640.479296,41640.599316,1, 0, 0, 1,-3.342416,-4.520548,-20.179573,-1,2
68475,625846,77.280888,41640.482589,41640.602608,1, 0, 0, 1,-9.520056,7.250050,13.442867,-1,2
68475,625847,77.301366,41640.503066,41640.623086,1, 0, 0, 1,1.581009,-10.031348,-4.082686,-1,2
68475,625848,77.315047,41640.516748,41640.636767,0, 0, 0, 0,-99.000000,-99.000000,-99.000000,-1,1
68475,625849,77.363437,41640.565137,41640.685157,1, 0, 0, 1,-7.660876,4.203469,7.954047,-1,2
68475,625850,77.403528,41640.605228,41640.725248,1, 0, 0, 1,-1.416760,-7.214250,21.511440,-1,2
68475,625851,77.424480,41640.626180,41640.746200,1, 0, 0, 1,2.659090,-1.385223,-16.508069,-1,2
68475,625852,77.521214,41640.722914,41640.842934,0, 0, 0, 0,-99.000000,-99.000000,-99.000000,-1,0
68475,625853,77.527893,41640.729592,41640.849613,0, 0, 0, 0,-99.000000,-99.000000,-99.000000,-1,1
68475,625854,77.655095,41640.856795,41640.976815,1, 0, 0, 1,-6.155662,-2.578576,1.898774,-1,2
68475,625855,77.722369,41640.924068,41641.044089,1, 0, 0, 1,-6.693478,-1.794795,-17.069708,-1,2
68475,625856,77.762657,41640.964356,41641.084377,0, 0, 0, 0,-99.000000,-99.000000,-99.000000,-1,0
68475,625857,77.856506,41641.058205,41641.178226,1, 0, 0, 1,-1.306238,0.403816,-10.494626,-1,2
68475,625858,78.318820,41641.520519,41641.640540,0, 0, 0, 0,-99.000000,-99.000000,-99.000000,-1,1
68475,625859,78.439538,41641.641236,41641.761258,1, 0, 0, 1,-7.761292,-2.551713,21.511831,-1,2
68475,625860,78.578670,41641.780368,41641.900390,0, 0, 0, 0,-99.000000,-99.000000,-99.000000,-1,1
68475,625861,78.605234,41641.806931,41641.926954,1, 0, 0, 1,0.386543,-12.123426,2.905467,-1,2
68475,625862,78.787046,41641.988743,41642.108766,1, 0, 0, 1,5.796193,2.577107,5.282546,-1,2
68475,625863,78.942037,41642.143734,41642.263757,0, 0, 0, 0,-99.000000,-99.000000,-99.000000,-1,1
68475,625864,78.948381,41642.150078,41642.270101,1, 0, 0, 1,-2.599254,-4.573270,-17.828593,-1,2
68475,625865,78.981208,41642.182905,41642.302928,1, 0, 0, 1,-5.417445,4.317514,-13.962828,-1,2
68475,625866,79.060655,41642.262352,41642.382375,1, 0, 0, 1,-2.139336,1.037560,-13.697859,-1,2
68475,625867,79.202310,41642.404007,41642.524030,1, 0, 0, 1,7.366517,-0.677089,-3.956879,-1,2
68475,625868,79.248224,41642.449920,41642.569944,0, 0, 0, 0,-99.000000,-99.000000,-99.000000,-1,1
68475,625869,79.256505,41642.458201,41642.578225,0, 0, 0, 0,-99.000000,-99.000000,-99.000000,-1,1
68475,625870,79.315785,41642.517482,41642.637505,0, 0, 0, 0,-99.000000,-99.000000,-99.000000,-1,1
68475,625871,79.348614,41642.550311,41642.670334,1, 0, 0, 1,-6.530345,-2.405355,15.344760,-1,2
68475,625872,79.479555,41642.681251,41642.801275,1, 0, 0, 1,-1.699924,8.657403,10.810989,-1,2
68475,625873,79.705081,41642.906776,41643.026801,0, 0, 0, 0,-99.000000,-99.000000,-99.000000,-1,1
68475,625874,79.766620,41642.968315,41643.088340,0, 0, 0, 0,-99.000000,-99.000000,-99.000000,-1,0
68475,625875,79.821056,41643.022752,41643.142776,0, 0, 0, 0,-99.000000,-99.000000,-99.000000,-1,0
68475,625876,79.949844,41643.151539,41643.271564,1, 0, 0, 1,1.449196,2.537388,-1.634762,-1,2
68475,625877,79.971590,41643.173285,41643.293310,1, 0, 0, 1,-8.026995,4.026483,-9.117766,-1,2
68475,625878,80.004220,41643.205915,41643.325940,0, 0, 0, 0,-99.000000,-99.000000,-99.000000,-1,1
68475,625879,80.045583,41643.247278,41643.367303,1, 0, 0, 1,6.010286,-1.067349,7.804832,-1,2
68475,625880,80.215796,41643.417491,41643.537516,1, 0, 0, 1,-3.650467,0.365842,-11.446543,-1,2
68475,625881,80.302022,41643.503716,41643.623742,1, 0, 0, 1,-7.545822,-1.219234,-14.722996,-1,2
68475,625882,80.460919,41643.662613,41643.782639,0, 0, 0, 0,-99.000000,-99.000000,-99.000000,-1,1
68475,625883,80.503364,41643.705058,41643.825084,1, 0, 0, 1,-6.789942,0.667759,-8.458826,-1,2
68475,625884,80.528588,41643.730282,41643.850308,1, 0, 0, 1,-1.426494,-7.667787,-14.072158,-1,2
68475,625885,80.603116,41643.804809,41643.924836,1, 0, 0, 1,0.562205,-4.423289,17.809890,-1,2
68475,625886,80.949138,41644.150831,41644.270858,1, 0, 0, 1,3.741436,3.269906,18.687566,-1,2
68475,625887,81.039200,41644.240893,41644.360920,0, 0, 0, 0,-99.000000,-99.000000,-99.000000,-1,1
68475,625888,81.070410,41644.272103,41644.392130,1, 0, 0, 1,-3.488894,9.785444,15.650642,-1,2
68475,625889,81.145664,41644.347357,41644.467384,0, 0, 0, 0,-99.000000,-99.000000,-99.000000,-1,1
68475,625890,81.151662,41644.353355,41644.473382,1, 0, 0, 1,-1.791304,-5.162428,0.595034,-1,2
68475,625891,81.307701,41644.509393,41644.629421,0, 0, 0, 0,-99.000000,-99.000000,-99.000000,-1,1
68475,625892,81.611627,41644.813319,41644.933347,0, 0, 0, 0,-99.000000,-99.000000,-99.000000,-1,0
68475,625893,81.615259,41644.816951,41644.936979,0, 0, 0, 0,-99.000000,-99.000000,-99.000000,-1,1
68475,625894,81.789597,41644.991288,41645.111317,0, 0, 0, 0,-99.000000,-99.000000,-99.000000,-1,1
68475,625895,81.856770,41645.058461,41645.178490,0, 0, 0, 0,-99.000000,-99.000000,-99.000000,-1,0
68475,625896,81.967144,41645.168835,41645.288864,1, 0, 0, 1,-5.073180,-2.907463,-14.914666,-1,2
68475,625897,81.974145,41645.175836,41645.295865,0, 0, 0, 0,-99.000000,-99.000000,-99.000000,-1,0
68475,625898,82.031119,41645.232810,41645.352839,1, 0, 0, 1,-1.695720,2.581699,-0.992976,-1,2
68475,625899,82.198650,41645.400340,41645.520370,1, 0, 0, 1,-4.239266,-4.658865,-21.411330,-1,2
68475,625900,82.286066,41645.487756,41645.607786,0, 0, 0, 0,-99.000000,-99.000000,-99.000000,-1,1
68475,625901,82.311169,41645.512859,41645.632889,0, 0, 0, 0,-99.000000,-99.000000,-99.000000,-1,1
68475,625902,82.316146,41645.517837,41645.637866,0, 0, 0, 0,-99.000000,-99.000000,-99.000000,-1,0
68475,625903,82.351063,41645.552753,41645.672783,1, 0, 0, 1,-6.021434,3.429071,-7.678419,-1,2
68475,625904,82.886304,41646.087993,41646.208024,1, 0, 0, 1,-0.858341,0.669931,-9.859532,-1,2
68475,625905,82.978711,41646.180400,41646.300431,0, 0, 0, 0,-99.000000,-99.000000,-99.000000,-1,1
68475,625906,83.112958,41646.314647,41646.434678,1, 0, 0, 1,-1.415323,-1.453796,-11.328298,-1,2
68475,625907,83.143977,41646.345666,41646.465697,0, 0, 0, 0,-99.000000,-99.000000,-99.000000,-1,0
68475,625908,83.284824,41646.486513,41646.606544,1, 0, 0, 1,-6.066547,-2.335157,-17.116046,-1,2
68475,625909,83.546063,41646.747751,41646.867783,0, 0, 0, 0,-99.000000,-99.000000,-99.000000,-1,1
68475,625910,83.768369,41646.970056,41647.090089,0, 0, 0, 0,-99.000000,-99.000000,-99.000000,-1,1
68475,625911,83.887779,41647.089466,41647.209499,1, 0, 0, 1,-5.926450,1.398271,17.380139,-1,2
68475,625912,83.943252,41647.144939,41647.264972,1, 0, 0, 1,0.633531,-1.269077,-8.404096,-1,2
68475,625913,83.952167,41647.153854,41647.273887,1, 0, 0, 1,-5.209953,3.499916,20.836562,-1,2
68475,625914,84.160791,41647.362477,41647.482511,0, 0, 0, 0,-99.000000,-99.000000,-99.000000,-1,1
68475,625915,84.206887,41647.408573,41647.528607,0, 0, 0, 0,-99.000000,-99.000000,-99.000000,-1,1
68475,625916,84.219781,41647.421467,41647.541501,1, 0, 0, 1,-4.189771,3.832133,3.863767,-1,2
68475,625917,84.257138,41647.458824,41647.578858,0, 0, 0, 0,-99.000000,-99.000000,-99.000000,-1,1
68475,625918,84.456050,41647.657736,41647.777770,1, 0, 0, 1,4.079591,-1.834534,11.282231,-1,2
68475,625919,84.499607,41647.701293,41647.821327,1, 0, 0, 1,-4.609354,-2.745653,6.162100,-1,2
68475,625920,84.521216,41647.722903,41647.842936,0, 0, 0, 0,-99.000000,-99.000000,-99.000000,-1,0
68475,625921,84.662716,41647.864402,41647.984436,0, 0, 0, 0,-99.000000,-99.000000,-99.000000,-1,1
68475,625922,84.722891,41647.924576,41648.044611,1, 0, 0, 1,-7.537785,-3.170552,10.246728,-1,2
68475,625923,84.742410,41647.944096,41648.064130,0, 0, 0, 0,-99.000000,-99.000000,-99.000000,-1,0
68475,625924,84.742628,41647.944313,41648.064348,1, 0, 0, 1,-7.414579,-0.877022,2.299421,-1,2
68475,625925,84.857467,41648.059153,41648.179187,0, 0, 0, 0,-99.000000,-99.000000,-99.000000,-1,1
68475,625926,85.099671,41648.301355,41648.421391,1, 0, 0, 1,7.860218,-4.760998,14.961904,-1,2
68475,625927,85.113643,41648.315328,41648.435363,1, 0, 0, 1,0.454141,-8.588249,7.363173,-1,2
68475,625928,85.122519,41648.324204,41648.444239,1, 0, 0, 1,0.290488,-6.025579,17.026580,-1,2
68475,625929,85.138355,41648.340040,41648.460075,0, 0, 0, 0,-99.000000,-99.000000,-99.000000,-1,1
68475,625930,85.145866,41648.347551,41648.467586,0, 0, 0, 0,-99.000000,-99.000000,-99.000000,-1,1
68475,625931,85.180637,41648.382322,41648.502357,1, 0, 0, 1,-0.789012,1.719078,2.208390,-1,2
68475,625932,85.328040,41648.529725,41648.649760,1, 0, 0, 1,5.289326,-0.836020,3.512568,-1,2
68475,625933,85.390015,41648.591699,41648.711735,1, 0, 0, 1,-5.148061,2.600466,-6.528267,-1,2
68475,625934,85.407904,41648.609588,41648.729624,1, 0, 0, 1,5.768568,-1.829714,11.027637,-1,2
68475,625935,85.551974,41648.753658,41648.873694,0, 0, 0, 0,-99.000000,-99.000000,-99.000000,-1,1
68475,625936,85.679436,41648.881120,41649.001156,1, 0, 0, 1,-1.462435,10.592795,-10.192854,-1,2
68475,625937,85.728867,41648.930550,41649.050587,1, 0, 0, 1,-5.852208,4.479651,7.001812,-1,2
68475,625938,85.816809,41649.018492,41649.138529,1, 0, 0, 1,3.215189,3.591231,-9.087911,-1,2
68475,625939,86.056348,41649.258031,41649.378068,1, 0, 0, 1,-0.292479,0.532533,14.436217,-1,2
68475,625940,86.066530,41649.268213,41649.388250,1, 0, 0, 1,-7.678110,-3.281167,-3.045954,-1,2
68475,625941,86.740067,41649.941749,41650.061787,0, 0, 0, 0,-99.000000,-99.000000,-99.000000,-1,1
68475,625942,87.003648,41650.205329,41650.325368,1, 0, 0, 1,-1.413582,-3.533158,-14.896659,-1,2
68475,625943,87.256123,41650.457804,41650.577843,0, 0, 0, 0,-99.000000,-99.000000,-99.000000,-1,0
68475,625944,87.271099,41650.472780,41650.592819,0, 0, 0, 0,-99.000000,-99.000000,-99.000000,-1,1
68475,625945,87.427012,41650.628692,41650.748732,1, 0, 0, 1,-5.215644,-2.313683,-13.061854,-1,2
68475,625946,87.571914,41650.773594,41650.893634,0, 0, 0, 0,-99.000000,-99.000000,-99.000000,-1,1
68475,625947,87.969389,41651.171068,41651.291109,1, 0, 0, 1,5.894317,-2.766967,9.321122,-1,2
68475,625948,88.230917,41651.432596,41651.552637,0, 0, 0, 0,-99.000000,-99.000000,-99.000000,-1,0
68475,625949,88.324403,41651.526082,41651.646123,1, 0, 0, 1,-2.444287,5.930908,-7.869095,-1,2
68475,625950,88.352390,41651.554069,41651.674110,0, 0, 0, 0,-99.000000,-99.000000,-99.000000,-1,0
68475,625951,88.426827,41651.628505,41651.748547,0, 0, 0, 0,-99.000000,-99.000000,-99.000000,-1,1
68475,625952,88.453784,41651.655462,41651.775504,1, 0, 0, 1,-4.268779,2.560150,17.021998,-1,2
68475,625953,88.554356,41651.756034,41651.876076,1, 0, 0, 1,-2.140842,-2.355027,-7.000227,-1,2
68475,625954,88.604601,41651.806279,41651.926321,0, 0, 0, 0,-99.000000,-99.000000,-99.000000,-1,1
68475,625955,88.656919,41651.858597,41651.978639,1, 0, 0, 1,2.857557,2.288709,-2.909488,-1,2
68475,625956,88.689171,41651.890848,41652.010891,0, 0, 0, 0,-99.000000,-99.000000,-99.000000,-1,0
68475,625957,88.736776,41651.938454,41652.058496,0, 0, 0, 0,-99.000000,-99.000000,-99.000000,-1,0
68475,625958,88.737579,41651.939256,41652.059299,1, 0, 0, 1,5.827166,4.811645,15.847926,-1,2
68475,625959,88.747458,41651.949136,41652.069178,1, 0, 0, 1,-0.179353,6.481138,12.955406,-1,2
68475,625960,88.834527,41652.036204,41652.156247,1, 0, 0, 1,0.121381,-8.326959,-19.717898,-1,2
68475,625961,88.937346,41652.139024,41652.259066,0, 0, 0, 0,-99.000000,-99.000000,-99.000000,-1,0
68475,625962,89.001904,41652.203581,41652.323624,1, 0, 0, 1,4.682718,-1.758795,7.450259,-1,2
68475,625963,89.097082,41652.298759,41652.418802,0, 0, 0, 0,-99.000000,-99.000000,-99.000000,-1,1
68475,625964,89.230206,41652.431883,41652.551926,1, 0, 0, 1,-0.348032,0.272814,7.247075,-1,2
68475,625965,89.262270,41652.463947,41652.583990,1, 0, 0, 1,-2.849472,0.218997,11.738570,-1,2
68475,625966,89.531746,41652.733422,41652.853466,0, 0, 0, 0,-99.000000,-99.000000,-99.000000,-1,0
68475,625967,89.567391,41652.769067,41652.889111,1, 1, 0, 1,-0.423333,-3.521339,-11.069699,-1,2
68475,625968,89.617302,41652.818978,41652.939022,1, 0, 0, 1,-6.010767,-0.975429,1.949852,-1,2
68475,625969,89.666758,41652.868434,41652.988478,0, 0, 0, 0,-99.000000,-99.000000,-99.000000,-1,0
68475,625970,89.825858,41653.027534,41653.147578,0, 0, 0, 0,-99.000000,-99.000000,-99.000000,-1,0
68475,625971,89.883942,41653.085618,41653.205662,1, 0, 0, 1,5.905112,-1.273990,-0.391066,-1,2
68475,625972,89.901736,41653.103411,41653.223456,0, 0, 0, 0,-99.000000,-99.000000,-99.000000,-1,1
68475,625973,89.925094,41653.126770,41653.246814,0, 0, 0, 0,-99.000000,-99.000000,-99.000000,-1,1
68475,625974,90.014067,41653.215742,41653.335787,1, 0, 0, 1,0.586954,-1.972890,-15.809562,-1,2
68475,625975,90.261665,41653.463339,41653.583385,1, 0, 0, 1,-3.523725,-7.107589,3.894271,-1,2
68475,625976,90.372481,41653.574155,41653.694201,0, 0, 0, 0,-99.000000,-99.000000,-99.000000,-1,0
68475,625977,90.553823,41653.755497,41653.875543,0, 0, 0, 0,-99.000000,-99.000000,-99.000000,-1,0
68475,625978,90.614013,41653.815687,41653.935733,1, 0, 0, 1,-1.376375,-1.817905,-16.362826,-1,2
68475,625979,90.707713,41653.909387,41654.029433,0, 0, 0, 0,-99.000000,-99.000000,-99.000000,-1,1
68475,625980,90.781271,41653.982944,41654.102991,0, 0, 0, 0,-99.000000,-99.000000,-99.000000,-1,0
68475,625981,90.842599,41654.044273,41654.164319,0, 0, 0, 0,-99.000000,-99.000000,-99.000000,-1,0
68475,625982,91.001615,41654.203288,41654.323335,0, 0, 0, 0,-99.000000,-99.000000,-99.000000,-1,1
68475,625983,91.101232,41654.302905,41654.422952,1, 0, 0, 1,6.674257,2.432864,2.291182,-1,2
68475,625984,91.154870,41654.356543,41654.476590,0, 0, 0, 0,-99.000000,-99.000000,-99.000000,-1,0
68475,625985,91.290066,41654.491738,41654.611786,0, 0, 0, 0,-99.000000,-99.000000,-99.000000,-1,1
68475,625986,91.558332,41654.760004,41654.880052,0, 0, 0, 0,-99.000000,-99.000000,-99.000000,-1,1
68475,625987,91.573023,41654.774695,41654.894743,1, 0, 0, 1,2.602976,4.612950,8.621095,-1,2
68475,625988,91.575445,41654.777117,41654.897165,1, 0, 0, 1,-3.739848,-3.114326,-8.592477,-1,3
68475,625989,91.615553,41654.817225,41654.937273,0, 0, 0, 0,-99.000000,-99.000000,-99.000000,-1,0
68475,625990,91.731932,41654.933604,41655.053652,0, 0, 0, 0,-99.000000,-99.000000,-99.000000,-1,1
68475,625991,91.785091,41654.986763,41655.106811,0, 0, 0, 0,-99.000000,-99.000000,-99.000000,-1,0
68475,625992,91.985309,41655.186980,41655.307029,0, 0, 0, 0,-99.000000,-99.000000,-99.000000,-1,1
68475,625993,92.095637,41655.297308,41655.417357,1, 0, 0, 1,5.285835,-0.304474,5.582124,-1,2
68475,625994,92.099490,41655.301161,41655.421210,1, 0, 0, 1,-3.787726,0.210922,11.307247,-1,2
68475,625995,92.233495,41655.435166,41655.555215,1, 0, 0, 1,-0.051752,-6.119267,-16.117107,-1,2
68475,625996,92.243586,41655.445256,41655.565306,1, 0, 0, 1,-8.036049,1.157084,-14.095196,-1,2
68475,625997,92.263115,41655.464786,41655.584835,0, 0, 0, 0,-99.000000,-99.000000,-99.000000,-1,1
68475,625998,92.354628,41655.556298,41655.676348,1, 0, 0, 1,1.420671,7.449899,-9.135287,-1,2
68475,625999,92.417988,41655.619659,41655.739708,0, 0, 0, 0,-99.000000,-99.000000,-99.000000,-1,0
68475,626000,92.442314,41655.643985,41655.764034,1, 1, 0, 1,0.355108,-1.426920,-10.433427,-1,6
68475,626001,92.528771,41655.730441,41655.850491,1, 1, 0, 1,0.559734,3.797319,-13.050547,-1,10
68475,626002,92.596269,41655.797940,41655.917989,0, 0, 0, 0,-99.000000,-99.000000,-99.000000,-1,0
68475,626003,92.634354,41655.836024,41655.956074,0, 0, 0, 0,-99.000000,-99.000000,-99.000000,-1,1
68475,626004,93.011199,41656.212868,41656.332919,0, 0, 0, 0,-99.000000,-99.000000,-99.000000,-1,1
68475,626005,93.170511,41656.372180,41656.492231,1, 0, 0, 1,-3.060141,-1.562541,8.427030,-1,2
68475,626006,93.173120,41656.374789,41656.494840,1, 0, 0, 1,-6.422512,-5.260032,19.162979,-1,2
68475,626007,93.234335,41656.436004,41656.556055,0, 0, 0, 0,-99.000000,-99.000000,-99.000000,-1,1
68475,626008,93.293328,41656.494996,41656.615048,1, 0, 0, 1,2.158832,-2.608631,3.066212,-1,4
68475,626009,93.451522,41656.653190,41656.773242,0, 0, 0, 0,-99.000000,-99.000000,-99.000000,-1,1
68475,626010,93.453642,41656.655310,41656.775362,1, 0, 0, 1,0.121374,0.706738,-12.106558,-1,2
68475,626011,93.535147,41656.736815,41656.856867,0, 0, 0, 0,-99.000000,-99.000000,-99.000000,-1,1
68475,626012,93.665539,41656.867207,41656.987259,1, 0, 0, 1,-4.713110,4.986175,5.998555,-1,2
68475,626013,93.723626,41656.925294,41657.045346,1, 0, 0, 1,-0.274842,2.077773,-0.666780,-1,2
68475,626014,93.849772,41657.051439,41657.171492,0, 0, 0, 0,-99.000000,-99.000000,-99.000000,-1,1
68475,626015,94.162944,41657.364611,41657.484664,1, 0, 0, 1,6.447645,-3.353822,20.918282,-1,2
68475,626016,94.216020,41657.417687,41657.537740,1, 0, 0, 1,0.416346,6.390483,-19.636686,-1,2
68475,626017,94.216585,41657.418251,41657.538305,0, 0, 0, 0,-99.000000,-99.000000,-99.000000,-1,0
68475,626018,94.435599,41657.637265,41657.757319,1, 0, 0, 1,7.897197,0.320416,8.226586,-1,2
68475,626019,94.461851,41657.663517,41657.783571,1, 0, 0, 1,-5.376247,-6.226673,2.269119,-1,2
68475,626020,94.469671,41657.671337,41657.791391,1, 0, 0, 1,-8.424745,5.022797,-16.734971,-1,2
68475,626021,94.557047,41657.758713,41657.878767,1, 0, 0, 1,1.760461,0.713282,-2.682408,-1,2
68475,626022,94.594800,41657.796466,41657.916520,0, 0, 0, 0,-99.000000,-99.000000,-99.000000,-1,1
68475,626023,94.858818,41658.060484,41658.180538,1, 0, 0, 1,2.633885,1.352251,0.989836,-1,2
68475,626024,94.958608,41658.160273,41658.280328,1, 0, 0, 1,-2.781835,-1.212280,0.263898,-1,2
68475,626025,94.997616,41658.199281,41658.319336,1, 0, 0, 1,-1.424505,4.924296,-4.614154,-1,2
68475,626026,95.270537,41658.472202,41658.592257,1, 0, 0, 1,4.331277,-2.813059,7.344201,-1,2
68475,626027,95.294815,41658.496479,41658.616535,1, 0, 0, 1,-3.067892,9.632178,-16.600843,-1,4
68475,626028,95.385661,41658.587326,41658.707381,1, 0, 0, 1,-1.928209,1.398055,-9.500085,-1,2
68475,626029,95.438371,41658.640035,41658.760091,0, 0, 0, 0,-99.000000,-99.000000,-99.000000,-1,1
68475,626030,95.480520,41658.682184,41658.802240,1, 0, 0, 1,-0.956470,2.353555,8.323389,-1,2
68475,626031,95.489482,41658.691147,41658.811202,0, 0, 0, 0,-99.000000,-99.000000,-99.000000,-1,1
68475,626032,95.512244,41658.713909,41658.833964,1, 0, 0, 1,4.469824,0.781921,-19.032053,-1,2
68475,626033,95.525404,41658.727068,41658.847124,0, 0, 0, 0,-99.000000,-99.000000,-99.000000,-1,0
68475,626034,95.588364,41658.790028,41658.910084,1, 0, 0, 1,-3.822827,-3.336340,16.162138,-1,2
68475,626035,95.656369,41658.858033,41658.978089,0, 0, 0, 0,-99.000000,-99.000000,-99.000000,-1,1
68475,626036,95.688689,41658.890353,41659.010409,0, 0, 0, 0,-99.000000,-99.000000,-99.000000,-1,1
68475,626037,95.790939,41658.992603,41659.112659,1, 0, 0, 1,8.170058,0.595982,8.372223,-1,2
68475,626038,95.798283,41658.999947,41659.120003,0, 0, 0, 0,-99.000000,-99.000000,-99.000000,-1,0
68475,626039,96.042392,41659.244055,41659.364112,0, 0, 0, 0,-99.000000,-99.000000,-99.000000,-1,1
68475,626040,96.112906,41659.314569,41659.434626,1, 0, 0, 1,-2.773554,-4.060226,15.073959,-1,2
68475,626041,96.159278,41659.360941,41659.480998,0, 0, 0, 0,-99.000000,-99.000000,-99.000000,-1,0
68475,626042,96.201953,41659.403616,41659.523673,0, 0, 0, 0,-99.000000,-99.000000,-99.000000,-1,1
68475,626043,96.224949,41659.426612,41659.546669,1, 0, 0, 1,-3.139229,-2.318469,-5.354274,-1,2
68475,626044,96.228437,41659.430099,41659.550157,1, 0, 0, 1,-4.268374,3.204206,20.065301,-1,2
68475,626045,96.471040,41659.672702,41659.792760,1, 0, 0, 1,7.563179,0.216983,-20.076467,-1,2
68475,626046,96.762535,41659.964197,41660.084255,1, 0, 0, 1,-7.573235,-4.367581,7.347681,-1,5
68475,626047,96.844728,41660.046390,41660.166448,0, 0, 0, 0,-99.000000,-99.000000,-99.000000,-1,1
68475,626048,96.974939,41660.176600,41660.296659,1, 0, 0, 1,2.033654,1.691085,-8.287581,-1,2
68475,626049,97.035588,41660.237250,41660.357308,1, 0, 0, 1,1.229269,2.530579,6.511077,-1,2
68475,626050,97.500545,41660.702205,41660.822265,0, 0, 0, 0,-99.000000,-99.000000,-99.000000,-1,1
68475,626051,97.598776,41660.800436,41660.920496,1, 0, 0, 1,-2.720174,-0.147877,17.372870,-1,2
68475,626052,97.639767,41660.841427,41660.961487,0, 0, 0, 0,-99.000000,-99.000000,-99.000000,-1,1
68475,626053,97.692455,41660.894115,41661.014175,0, 0, 0, 0,-99.000000,-99.000000,-99.000000,-1,0
68475,626054,97.756268,41660.957927,41661.077988,0, 0, 0, 0,-99.000000,-99.000000,-99.000000,-1,1
68475,626055,97.890216,41661.091876,41661.211936,0, 0, 0, 0,-99.000000,-99.000000,-99.000000,-1,0
68475,626056,98.308225,41661.509883,41661.629945,0, 0, 0, 0,-99.000000,-99.000000,-99.000000,-1,0
68475,626057,98.311413,41661.513072,41661.633133,1, 0, 0, 1,-4.020074,1.820296,-9.898809,-1,2
68475,626058,98.548703,41661.750361,41661.870423,0, 0, 0, 0,-99.000000,-99.000000,-99.000000,-1,0
68475,626059,98.826725,41662.028382,41662.148445,1, 0, 0, 1,7.647836,1.196931,-15.263713,-1,2
68475,626060,98.937881,41662.139538,41662.259601,1, 0, 0, 1,2.446313,-6.379626,-2.336706,-1,2
68475,626061,99.005018,41662.206675,41662.326738,0, 0, 0, 0,-99.000000,-99.000000,-99.000000,-1,1
68475,626062,99.045137,41662.246794,41662.366857,1, 0, 0, 1,-6.995531,-2.065582,-14.011724,-1,2
68475,626063,99.047765,41662.249422,41662.369485,1, 0, 0, 1,-3.144566,7.578428,-17.381549,-1,2
68475,626064,99.329952,41662.531608,41662.651672,1, 0, 0, 1,-8.544550,2.963309,-14.424429,-1,2
68475,626065,99.334057,41662.535714,41662.655777,1, 0, 0, 1,-0.421482,0.711043,-2.591079,-1,2
68475,626066,99.621434,41662.823090,41662.943154,1, 0, 0, 1,-9.969230,8.606095,19.850112,-1,2
68475,626067,99.828447,41663.030103,41663.150167,1, 0, 0, 1,4.342619,-5.123771,14.941488,-1,2
68475,626068,99.895126,41663.096781,41663.216846,0, 0, 0, 0,-99.000000,-99.000000,-99.000000,-1,0
68475,626069,100.034544,41663.236199,41663.356264,1, 0, 0, 1,5.613274,3.848156,-11.730240,-1,2
68475,626070,100.274335,41663.475990,41663.596055,0, 0, 0, 0,-99.000000,-99.000000,-99.000000,-1,1
68475,626071,100.401268,41663.602922,41663.722988,1, 0, 0, 1,-1.368802,-1.075610,12.771837,-1,2
68475,626072,100.550448,41663.752102,41663.872168,1, 0, 0, 1,7.721676,2.393377,-14.059894,-1,2
68475,626073,100.655559,41663.857213,41663.977279,1, 0, 0, 1,5.077615,-3.193147,-4.519267,-1,2
68475,626074,100.786860,41663.988514,41664.108580,0, 0, 0, 0,-99.000000,-99.000000,-99.000000,-1,1
68475,626075,100.862726,41664.064380,41664.184446,1, 0, 0, 1,-7.792853,3.572685,-16.294449,-1,2
68475,626076,100.886573,41664.088227,41664.208293,1, 0, 0, 1,-2.471594,-3.797710,17.562899,-1,2
68475,626077,100.944275,41664.145929,41664.265995,1, 0, 0, 1,-2.903518,3.089294,18.199512,-1,2
68475,626078,101.170188,41664.371841,41664.491908,0, 0, 0, 0,-99.000000,-99.000000,-99.000000,-1,0
68475,626079,101.238271,41664.439924,41664.559991,1, 0, 0, 1,1.846421,4.639817,17.777449,-1,2
68475,626080,101.323247,41664.524900,41664.644967,1, 0, 0, 1,6.830016,-3.007037,5.207764,-1,2
68475,626081,101.555552,41664.757205,41664.877272,1, 0, 0, 1,-1.563065,-4.249193,18.790013,-1,2
68475,626082,101.731998,41664.933650,41665.053718,1, 0, 0, 1,-1.963636,-0.517359,19.931805,-1,2
68475,626083,101.734864,41664.936516,41665.056584,1, 0, 0, 1,3.596140,5.661069,-0.959590,-1,2
68475,626084,101.875584,41665.077235,41665.197304,1, 0, 0, 1,-4.394262,2.282904,-10.992819,-1,2
68475,626085,101.904303,41665.105955,41665.226023,1, 0, 0, 1,-2.190958,2.637317,-14.471571,-1,2
68475,626086,102.104560,41665.306211,41665.426280,0, 0, 0, 0,-99.000000,-99.000000,-99.000000,-1,0
68475,626087,102.108235,41665.309886,41665.429955,1, 0, 0, 1,2.552272,-0.375320,-8.412221,-1,2
68475,626088,102.149382,41665.351034,41665.471102,1, 0, 0, 1,0.330353,-2.811360,0.359402,-1,2
68475,626089,102.267158,41665.468809,41665.588878,1, 0, 0, 1,-3.750102,-4.065747,15.947363,-1,2
68475,626090,102.346160,41665.547810,41665.667880,1, 0, 0, 1,-6.102853,-2.085875,-4.708545,-1,2
68475,626091,102.396010,41665.597661,41665.717730,0, 0, 0, 0,-99.000000,-99.000000,-99.000000,-1,0
68475,626092,102.605960,41665.807610,41665.927680,0, 0, 0, 0,-99.000000,-99.000000,-99.000000,-1,1
68475,626093,102.606884,41665.808534,41665.928604,1, 0, 0, 1,3.116162,5.620387,-20.236983,-1,2
68475,626094,102.742129,41665.943779,41666.063849,1, 0, 0, 1,2.699895,-4.402238,-13.293383,-1,2
68475,626095,102.815875,41666.017525,41666.137595,1, 0, 0, 1,0.850723,-8.608856,4.991072,-1,2
68475,626096,103.019435,41666.221084,41666.341155,1, 0, 0, 1,-5.352187,-0.894114,-6.779679,-1,2
68475,626097,103.320678,41666.522327,41666.642398,1, 0, 0, 1,7.695333,2.694348,0.713815,-1,2
68475,626098,103.344642,41666.546291,41666.666362,0, 0, 0, 0,-99.000000,-99.000000,-99.000000,-1,1
68475,626099,103.395414,41666.597062,41666.717134,0, 0, 0, 0,-99.000000,-99.000000,-99.000000,-1,0
68475,626100,103.614966,41666.816614,41666.936686,1, 0, 0, 1,-7.440363,-3.054165,15.302992,-1,2
68475,626101,103.668656,41666.870304,41666.990376,0, 0, 0, 0,-99.000000,-99.000000,-99.000000,-1,0
68475,626102,103.723399,41666.925047,41667.045119,0, 0, 0, 0,-99.000000,-99.000000,-99.000000,-1,0
68475,626103,103.735195,41666.936843,41667.056915,0, 0, 0, 0,-99.000000,-99.000000,-99.000000,-1,1
68475,626104,103.846883,41667.048531,41667.168603,0, 0, 0, 0,-99.000000,-99.000000,-99.000000,-1,0
68475,626105,103.847467,41667.049115,41667.169187,0, 0, 0, 0,-99.000000,-99.000000,-99.000000,-1,1
68475,626106,103.925961,41667.127608,41667.247681,1, 0, 0, 1,-4.322553,-7.365740,19.774588,-1,2
68475,626107,103.945921,41667.147569,41667.267641,1, 0, 0, 1,0.628601,3.336831,13.077493,-1,2
68475,626108,103.976932,41667.178579,41667.298652,0, 0, 0, 0,-99.000000,-99.000000,-99.000000,-1,1
68475,626109,104.081023,41667.282671,41667.402743,0, 0, 0, 0,-99.000000,-99.000000,-99.000000,-1,0
68475,626110,104.136744,41667.338391,41667.458464,0, 0, 0, 0,-99.000000,-99.000000,-99.000000,-1,0
68475,626111,104.202943,41667.404590,41667.524663,0, 0, 0, 0,-99.000000,-99.000000,-99.000000,-1,1
68475,626112,104.230416,41667.432063,41667.552136,1, 0, 0, 1,1.276476,8.034250,14.578877,-1,2
68475,626113,104.498853,41667.700500,41667.820573,0, 0, 0, 0,-99.000000,-99.000000,-99.000000,-1,0
68475,626114,104.507559,41667.709205,41667.829279,0, 0, 0, 0,-99.000000,-99.000000,-99.000000,-1,0
68475,626115,104.508806,41667.710452,41667.830526,0, 0, 0, 0,-99.000000,-99.000000,-99.000000,-1,1
68475,626116,104.518415,41667.720061,41667.840135,1, 0, 0, 1,6.130260,3.555485,0.085746,-1,2
68475,626117,104.559466,41667.761112,41667.881186,0, 0, 0, 0,-99.000000,-99.000000,-99.000000,-1,1
68475,626118,104.733243,41667.934889,41668.054963,0, 0, 0, 0,-99.000000,-99.000000,-99.000000,-1,1
68475,626119,104.739303,41667.940949,41668.061023,1, 0, 0, 1,5.266709,4.328420,3.555287,-1,4
68475,626120,104.868706,41668.070352,41668.190426,0, 0, 0, 0,-99.000000,-99.000000,-99.000000,-1,1
68475,626121,104.889733,41668.091379,41668.211453,1, 0, 0, 1,-4.227031,-2.703104,-3.022811,-1,2
68475,626122,104.940711,41668.142356,41668.262431,1, 0, 0, 1,1.849179,-6.544853,3.244754,-1,2
68475,626123,105.027857,41668.229502,41668.349577,0, 0, 0, 0,-99.000000,-99.000000,-99.000000,-1,1
68475,626124,105.043217,41668.244862,41668.364937,1, 0, 0, 1,-0.326797,5.532811,-7.051631,-1,2
68475,626125,105.539622,41668.741267,41668.861342,1, 0, 0, 1,6.865705,-0.236202,15.688386,-1,2
68475,626126,105.557359,41668.759003,41668.879079,1, 0, 0, 1,-3.949889,-2.429606,-1.685173,-1,2
68475,626127,105.911192,41669.112836,41669.232912,1, 0, 0, 1,4.848582,-5.191151,-1.442494,-1,2
68475,626128,105.965402,41669.167046,41669.287122,1, 0, 0, 1,4.470022,-0.439355,12.345686,-1,2
68475,626129,106.009802,41669.211445,41669.331522,1, 0, 0, 1,-6.510620,4.135596,-0.040588,-1,3
68475,626130,106.030976,41669.232619,41669.352696,1, 0, 0, 1,2.492798,-9.763915,-8.153357,-1,2
68475,626131,106.068548,41669.270192,41669.390268,1, 0, 0, 1,-0.083160,3.206609,8.605880,-1,2
68475,626132,106.216420,41669.418063,41669.538140,1, 0, 0, 1,7.403654,1.908660,-0.680290,-1,2
68475,626133,106.314680,41669.516323,41669.636400,0, 0, 0, 0,-99.000000,-99.000000,-99.000000,-1,1
68475,626134,106.359123,41669.560766,41669.680843,0, 0, 0, 0,-99.000000,-99.000000,-99.000000,-1,1
68475,626135,106.400003,41669.601646,41669.721723,0, 0, 0, 0,-99.000000,-99.000000,-99.000000,-1,1
68475,626136,106.618645,41669.820288,41669.940365,1, 0, 0, 1,-0.589229,-3.113987,-13.669179,-1,2
68475,626137,107.157824,41670.359465,41670.479544,0, 0, 0, 0,-99.000000,-99.000000,-99.000000,-1,0
68475,626138,107.278839,41670.480480,41670.600559,1, 0, 0, 1,-3.760452,8.509043,0.802002,-1,2
68475,626139,107.496846,41670.698487,41670.818566,0, 0, 0, 0,-99.000000,-99.000000,-99.000000,-1,1
68475,626140,107.543906,41670.745546,41670.865626,0, 0, 0, 0,-99.000000,-99.000000,-99.000000,-1,1
68475,626141,107.562399,41670.764039,41670.884119,1, 0, 0, 1,0.927816,-1.492666,-18.778425,-1,2
68475,626142,107.649664,41670.851304,41670.971384,0, 0, 0, 0,-99.000000,-99.000000,-99.000000,-1,1
68475,626143,107.671461,41670.873101,41670.993181,0, 0, 0, 0,-99.000000,-99.000000,-99.000000,-1,1
68475,626144,107.690086,41670.891726,41671.011806,0, 0, 0, 0,-99.000000,-99.000000,-99.000000,-1,0
68475,626145,107.824156,41671.025796,41671.145876,1, 0, 0, 1,-5.284134,-3.758446,-12.608584,-1,2
68475,626146,107.941225,41671.142865,41671.262945,0, 0, 0, 0,-99.000000,-99.000000,-99.000000,-1,1
68475,626147,107.989620,41671.191260,41671.311340,1, 0, 0, 1,-1.619052,5.601769,7.955576,-1,2
68475,626148,108.090902,41671.292541,41671.412622,0, 0, 0, 0,-99.000000,-99.000000,-99.000000,-1,1
68475,626149,108.194812,41671.396451,41671.516532,1, 0, 0, 1,-7.206985,5.719415,-3.805377,-1,2
68475,626150,108.212809,41671.414448,41671.534529,0, 0, 0, 0,-99.000000,-99.000000,-99.000000,-1,1
68475,626151,108.236447,41671.438086,41671.558167,0, 0, 0, 0,-99.000000,-99.000000,-99.000000,-1,1
68475,626152,108.266713,41671.468352,41671.588433,0, 0, 0, 0,-99.000000,-99.000000,-99.000000,-1,1
68475,626153,108.425492,41671.627131,41671.747212,0, 0, 0, 0,-99.000000,-99.000000,-99.000000,-1,1
68475,626154,108.686608,41671.888246,41672.008328,0, 0, 0, 0,-99.000000,-99.000000,-99.000000,-1,1
68475,626155,108.691147,41671.892785,41672.012867,0, 0, 0, 0,-99.000000,-99.000000,-99.000000,-1,1
68475,626156,108.723986,41671.925624,41672.045706,1, 0, 0, 1,-4.275588,-3.384839,19.820419,-1,2
68475,626157,108.806124,41672.007762,41672.127844,0, 0, 0, 0,-99.000000,-99.000000,-99.000000,-1,1
68475,626158,108.906884,41672.108522,41672.228604,0, 0, 0, 0,-99.000000,-99.000000,-99.000000,-1,1
68475,626159,108.911431,41672.113068,41672.233151,1, 0, 0, 1,9.621019,-9.837133,0.710317,-1,3
68475,626160,109.035365,41672.237002,41672.357085,0, 0, 0, 0,-99.000000,-99.000000,-99.000000,-1,1
68475,626161,109.148582,41672.350220,41672.470302,0, 0, 0, 0,-99.000000,-99.000000,-99.000000,-1,0
68475,626162,109.181598,41672.383235,41672.503318,0, 0, 0, 0,-99.000000,-99.000000,-99.000000,-1,1
68475,626163,109.404469,41672.606105,41672.726189,1, 0, 0, 1,0.454878,5.483928,2.354085,-1,2
68475,626164,109.573189,41672.774825,41672.894909,0, 0, 0, 0,-99.000000,-99.000000,-99.000000,-1,1
68475,626165,109.661351,41672.862987,41672.983071,0, 0, 0, 0,-99.000000,-99.000000,-99.000000,-1,1
68475,626166,109.677328,41672.878965,41672.999048,1, 0, 0, 1,0.434412,-10.130587,20.961373,-1,2
68475,626167,109.686893,41672.888529,41673.008613,1, 0, 0, 1,-2.820180,4.911409,-4.338931,-1,2
68475,626168,109.824724,41673.026360,41673.146444,0, 0, 0, 0,-99.000000,-99.000000,-99.000000,-1,1
68475,626169,109.849857,41673.051493,41673.171577,0, 0, 0, 0,-99.000000,-99.000000,-99.000000,-1,1
68475,626170,110.022854,41673.224489,41673.344574,1, 0, 0, 1,-5.009036,6.067567,12.433528,-1,2
68475,626171,110.156383,41673.358019,41673.478103,0, 0, 0, 0,-99.000000,-99.000000,-99.000000,-1,1
68475,626172,110.170493,41673.372128,41673.492213,1, 0, 0, 1,4.409610,10.695416,13.092048,-1,2
68475,626173,110.273393,41673.475028,41673.595113,1, 0, 0, 1,8.388717,-1.417366,-10.927405,-1,2
68475,626174,110.304722,41673.506357,41673.626442,1, 0, 0, 1,6.037548,7.276281,3.586940,-1,4
68475,626175,110.322203,41673.523838,41673.643923,1, 0, 0, 1,-0.141110,-1.650083,4.512161,-1,2
68475,626176,110.345715,41673.547350,41673.667435,0, 0, 0, 0,-99.000000,-99.000000,-99.000000,-1,0
68475,626177,110.368893,41673.570528,41673.690613,1, 0, 0, 1,-2.966277,8.358197,20.277062,-1,2
68475,626178,110.795574,41673.997208,41674.117294,1, 0, 0, 1,-2.265120,-7.590546,-4.663123,-1,2
68475,626179,110.796757,41673.998391,41674.118477,0, 0, 0, 0,-99.000000,-99.000000,-99.000000,-1,1
68475,626180,110.814394,41674.016028,41674.136114,1, 0, 0, 1,-7.714222,3.900911,-19.850029,-1,2
68475,626181,110.887664,41674.089298,41674.209384,1, 0, 0, 1,-2.251281,2.018630,11.977023,-1,3
68475,626182,110.985148,41674.186782,41674.306868,0, 0, 0, 0,-99.000000,-99.000000,-99.000000,-1,1
68475,626183,111.201405,41674.403038,41674.523125,0, 0, 0, 0,-99.000000,-99.000000,-99.000000,-1,1
68475,626184,111.279630,41674.481263,41674.601350,0, 0, 0, 0,-99.000000,-99.000000,-99.000000,-1,1
68475,626185,111.281949,41674.483582,41674.603669,1, 0, 0, 1,10.456317,-1.295232,11.627743,-1,2
68475,626186,111.291414,41674.493047,41674.613134,0, 0, 0, 0,-99.000000,-99.000000,-99.000000,-1,1
68475,626187,111.393261,41674.594893,41674.714981,0, 0, 0, 0,-99.000000,-99.000000,-99.000000,-1,1
68475,626188,111.449660,41674.651292,41674.771380,1, 1, 0, 1,-1.524418,-3.370273,-5.804161,-1,2
68475,626189,111.451589,41674.653221,41674.773309,1, 0, 0, 1,-22.471817,-6.421729,-24.552203,-1,2
68475,626190,111.470840,41674.672472,41674.792560,0, 0, 0, 0,-99.000000,-99.000000,-99.000000,-1,1
68475,626191,111.529770,41674.731402,41674.851490,1, 0, 0, 1,5.722639,2.273874,2.954669,-1,2
68475,626192,111.594054,41674.795687,41674.915774,0, 0, 0, 0,-99.000000,-99.000000,-99.000000,-1,1
68475,626193,111.608932,41674.810564,41674.930652,1, 0, 0, 1,-3.013740,8.660124,-16.721466,-1,4
68475,626194,111.612715,41674.814347,41674.934435,0, 0, 0, 0,-99.000000,-99.000000,-99.000000,-1,1
68475,626195,111.752213,41674.953845,41675.073933,1, 0, 0, 1,4.888813,-0.762971,13.317719,-1,2
68475,626196,112.163078,41675.364710,41675.484798,1, 0, 0, 1,0.966966,8.083163,-0.998228,-1,2
68475,626197,112.183053,41675.384684,41675.504773,1, 0, 0, 1,0.395945,1.168425,-13.828737,-1,2
68475,626198,112.196137,41675.397768,41675.517857,1, 0, 0, 1,2.389657,7.965253,-7.459505,-1,2
68475,626199,112.418595,41675.620226,41675.740315,0, 0, 0, 0,-99.000000,-99.000000,-99.000000,-1,1
68475,626200,112.706802,41675.908432,41676.028522,1, 0, 0, 1,-1.293139,-0.058900,-9.210465,-1,2
68475,626201,112.816938,41676.018568,41676.138658,0, 0, 0, 0,-99.000000,-99.000000,-99.000000,-1,1
68475,626202,112.850836,41676.052466,41676.172556,0, 0, 0, 0,-99.000000,-99.000000,-99.000000,-1,0
68475,626203,112.881909,41676.083539,41676.203629,1, 0, 0, 1,3.167970,-4.064220,-18.338654,-1,2
68475,626204,112.920536,41676.122166,41676.242256,1, 0, 0, 1,-4.304595,17.921376,-11.950128,-1,2
68475,626205,113.068808,41676.270438,41676.390528,1, 0, 0, 1,2.953937,-5.908870,2.450164,-1,2
68475,626206,113.214624,41676.416254,41676.536344,0, 0, 0, 0,-99.000000,-99.000000,-99.000000,-1,1
68475,626207,113.437860,41676.639489,41676.759580,1, 0, 0, 1,2.583477,-1.817909,-11.912618,-1,2
68475,626208,113.543332,41676.744960,41676.865052,1, 0, 0, 1,3.415372,3.507437,-3.785300,-1,2
68475,626209,113.592267,41676.793896,41676.913987,1, 0, 0, 1,-7.618597,-0.859351,2.290686,-1,2
68475,626210,113.629499,41676.831127,41676.951219,0, 0, 0, 0,-99.000000,-99.000000,-99.000000,-1,1
68475,626211,113.820572,41677.022199,41677.142292,1, 0, 0, 1,-6.094103,2.806434,-11.442802,-1,2
68475,626212,113.893760,41677.095388,41677.215480,0, 0, 0, 0,-99.000000,-99.000000,-99.000000,-1,0
68475,626213,113.979991,41677.181619,41677.301711,1, 0, 0, 1,5.712611,-0.220886,-0.948638,-1,2
68475,626214,114.057654,41677.259282,41677.379374,1, 0, 0, 1,-3.889719,8.395514,-4.495081,-1,2
68475,626215,114.095693,41677.297321,41677.417413,1, 0, 0, 1,-3.570414,2.444985,-14.538669,-1,2
68475,626216,114.126629,41677.328257,41677.448349,1, 0, 0, 1,-4.660123,-7.048251,3.729186,-1,2
68475,626217,114.164969,41677.366596,41677.486689,0, 0, 0, 0,-99.000000,-99.000000,-99.000000,-1,1
68475,626218,114.329092,41677.530719,41677.650812,1, 0, 0, 1,8.712963,-6.586637,10.996920,-1,2
68475,626219,114.333915,41677.535541,41677.655635,0, 0, 0, 0,-99.000000,-99.000000,-99.000000,-1,0
68475,626220,114.381346,41677.582972,41677.703066,0, 0, 0, 0,-99.000000,-99.000000,-99.000000,-1,1
68475,626221,114.650122,41677.851748,41677.971842,1, 0, 0, 1,-3.914258,0.689299,3.639644,-1,2
68475,626222,114.724344,41677.925970,41678.046064,1, 0, 0, 1,3.629554,1.018835,-4.071410,-1,2
68475,626223,114.998498,41678.200123,41678.320218,0, 0, 0, 0,-99.000000,-99.000000,-99.000000,-1,0
68475,626224,115.016557,41678.218183,41678.338277,1, 0, 0, 1,1.525735,0.771101,6.112785,-1,2
68475,626225,115.054587,41678.256213,41678.376307,0, 0, 0, 0,-99.000000,-99.000000,-99.000000,-1,0
68475,626226,115.154719,41678.356344,41678.476439,1, 0, 0, 1,-6.902758,-5.497531,15.493986,-1,2
68475,626227,115.331755,41678.533380,41678.653475,1, 0, 0, 1,5.492863,-0.868062,-5.889120,-1,2
68475,626228,115.425158,41678.626783,41678.746878,1, 0, 0, 1,-4.838871,6.445246,12.882535,-1,2
68475,626229,115.508151,41678.709775,41678.829871,1, 0, 0, 1,1.784897,-9.139247,15.349345,-1,2
68475,626230,115.635435,41678.837059,41678.957155,1, 0, 0, 1,-1.452733,-5.554930,-11.724212,-1,2
68475,626231,115.693626,41678.895251,41679.015346,1, 0, 0, 1,-1.537272,5.141355,4.553357,-1,2
68475,626232,115.828124,41679.029748,41679.149844,1, 0, 0, 1,7.076764,-2.947590,22.221993,-1,2
68475,626233,115.834995,41679.036619,41679.156715,1, 0, 0, 1,-6.711466,-1.325045,-11.250700,-1,2
68475,626234,115.976001,41679.177625,41679.297721,1, 0, 0, 1,0.343248,-2.905478,-1.563095,-1,2
68475,626235,116.109830,41679.311454,41679.431550,0, 0, 0, 0,-99.000000,-99.000000,-99.000000,-1,0
68475,626236,116.141369,41679.342992,41679.463089,1, 0, 0, 1,-5.295502,1.391181,2.549533,-1,2
68475,626237,116.266213,41679.467836,41679.587933,0, 0, 0, 0,-99.000000,-99.000000,-99.000000,-1,1
68475,626238,116.333742,41679.535365,41679.655462,1, 0, 0, 1,-0.776352,1.204819,5.846597,-1,2
68475,626239,116.490263,41679.691885,41679.811983,1, 0, 0, 1,3.231565,8.487713,-20.575002,-1,2
68475,626240,116.587304,41679.788926,41679.909024,1, 0, 0, 1,-6.442148,-0.772165,-10.829123,-1,2
68475,626241,116.627165,41679.828787,41679.948885,1, 0, 0, 1,-2.507945,-0.124125,-3.543294,-1,2
68475,626242,116.649418,41679.851040,41679.971138,1, 0, 0, 1,4.866609,-0.350958,0.108911,-1,2
68475,626243,116.785254,41679.986876,41680.106974,0, 0, 0, 0,-99.000000,-99.000000,-99.000000,-1,0
68475,626244,116.841932,41680.043554,41680.163652,1, 0, 0, 1,-6.535982,-4.428920,-15.960877,-1,3
68475,626245,116.875051,41680.076673,41680.196771,1, 0, 0, 1,7.146379,0.340254,-13.256677,-1,2
68475,626246,117.023452,41680.225074,41680.345172,1, 0, 0, 1,3.682349,11.214201,-8.533865,-1,2
68475,626247,117.035104,41680.236726,41680.356824,1, 0, 0, 1,5.931364,-1.613780,-16.118459,-1,2
68475,626248,117.051661,41680.253282,41680.373381,1, 0, 0, 1,-4.064169,-0.471767,3.865151,-1,4
68475,626249,117.074108,41680.275730,41680.395828,1, 1, 0, 1,-0.632002,3.890891,13.006575,-1,2
68475,626250,117.080363,41680.281985,41680.402083,1, 0, 0, 1,-2.072145,3.051000,-12.457082,-1,2
68475,626251,117.120229,41680.321850,41680.441949,1, 0, 0, 1,-2.662715,3.864112,13.080724,-1,2
68475,626252,117.256922,41680.458543,41680.578642,0, 0, 0, 0,-99.000000,-99.000000,-99.000000,-1,0
68475,626253,117.274658,41680.476279,41680.596378,1, 0, 0, 1,0.265135,3.351518,-16.837165,-1,2
68475,626254,117.278964,41680.480586,41680.600684,0, 0, 0, 0,-99.000000,-99.000000,-99.000000,-1,0
68475,626255,117.643830,41680.845451,41680.965550,1, 0, 0, 1,-6.360019,-8.622620,17.941909,-1,3
68475,626256,117.710564,41680.912184,41681.032284,0, 0, 0, 0,-99.000000,-99.000000,-99.000000,-1,0
68475,626257,117.800192,41681.001812,41681.121912,0, 0, 0, 0,-99.000000,-99.000000,-99.000000,-1,1
68475,626258,117.881781,41681.083401,41681.203501,0, 0, 0, 0,-99.000000,-99.000000,-99.000000,-1,1
68475,626259,117.901401,41681.103021,41681.223121,1, 0, 0, 1,-4.814420,-1.777612,-13.515517,-1,2
68475,626260,118.003881,41681.205500,41681.325601,0, 0, 0, 0,-99.000000,-99.000000,-99.000000,-1,1
68475,626261,118.111427,41681.313046,41681.433147,1, 0, 0, 1,-3.621810,-5.347500,-7.109911,-1,2
68475,626262,118.287746,41681.489365,41681.609466,1, 0, 0, 1,-3.105346,-4.637861,0.416659,-1,2
68475,626263,118.428042,41681.629661,41681.749762,0, 0, 0, 0,-99.000000,-99.000000,-99.000000,-1,1
68475,626264,118.487433,41681.689052,41681.809153,0, 0, 0, 0,-99.000000,-99.000000,-99.000000,-1,1
68475,626265,118.533470,41681.735089,41681.855190,1, 0, 0, 1,5.808830,1.861507,-19.324097,-1,2
68475,626266,118.610963,41681.812581,41681.932683,1, 0, 0, 1,-0.617240,-5.775675,8.104219,-1,2
68475,626267,118.728201,41681.929819,41682.049921,0, 0, 0, 0,-99.000000,-99.000000,-99.000000,-1,1
68475,626268,118.807838,41682.009456,41682.129558,1, 0, 0, 1,-2.935150,4.638447,15.822110,-1,2
68475,626269,119.016880,41682.218498,41682.338600,0, 0, 0, 0,-99.000000,-99.000000,-99.000000,-1,1
68475,626270,119.656409,41682.858026,41682.978129,1, 0, 0, 1,7.530282,7.414031,-0.903971,-1,2
68475,626271,119.715999,41682.917615,41683.037719,0, 0, 0, 0,-99.000000,-99.000000,-99.000000,-1,0
68475,626272,119.724474,41682.926090,41683.046194,1, 0, 0, 1,3.807300,3.593478,-7.284286,-1,2
68475,626273,120.090768,41683.292384,41683.412488,1, 0, 0, 1,0.616116,-1.565151,3.294138,-1,2
68475,626274,120.135433,41683.337048,41683.457153,1, 0, 0, 1,7.599011,4.667235,-4.493888,-1,2
68475,626275,120.551269,41683.752883,41683.872989,1, 0, 0, 1,-7.872204,-0.591102,-15.680396,-1,2
68475,626276,120.589586,41683.791201,41683.911306,1, 0, 0, 1,5.381472,-4.924562,0.881601,-1,2
68475,626277,120.725707,41683.927321,41684.047427,0, 0, 0, 0,-99.000000,-99.000000,-99.000000,-1,0
68475,626278,120.814481,41684.016095,41684.136201,1, 0, 0, 1,7.983768,-10.689038,3.671608,-1,2
68475,626279,121.038360,41684.239973,41684.360080,1, 0, 0, 1,-1.723930,7.743772,7.425587,-1,2
68475,626280,121.047003,41684.248616,41684.368723,0, 0, 0, 0,-99.000000,-99.000000,-99.000000,-1,1
68475,626281,121.128116,41684.329729,41684.449836,1, 0, 0, 1,6.603994,6.681019,-9.807746,-1,2
68475,626282,121.195383,41684.396996,41684.517103,1, 0, 0, 1,-0.711222,-1.749653,-11.318774,-1,2
68475,626283,121.449835,41684.651448,41684.771555,1, 0, 0, 1,-10.127698,-0.654052,-4.566200,-1,2
68475,626284,122.116380,41685.317992,41685.438100,1, 0, 0, 1,3.169151,-8.460603,-18.169748,-1,2
68475,626285,122.275139,41685.476751,41685.596859,1, 0, 0, 1,-0.353618,3.072365,-3.114948,-1,2
68475,626286,122.320063,41685.521674,41685.641783,0, 0, 0, 0,-99.000000,-99.000000,-99.000000,-1,1
68475,626287,122.339176,41685.540787,41685.660896,0, 0, 0, 0,-99.000000,-99.000000,-99.000000,-1,0
68475,626288,122.412579,41685.614190,41685.734299,1, 1, 1, 1,-0.250398,-1.849976,-1.840501,-1,7
68475,626289,122.466703,41685.668314,41685.788423,0, 0, 0, 0,-99.000000,-99.000000,-99.000000,-1,1
68475,626290,122.495934,41685.697544,41685.817654,0, 0, 0, 0,-99.000000,-99.000000,-99.000000,-1,0
68475,626291,122.567522,41685.769133,41685.889242,0, 0, 0, 0,-99.000000,-99.000000,-99.000000,-1,1
68475,626292,122.677420,41685.879030,41685.999140,1, 0, 0, 1,-0.654263,-9.144525,-7.841771,-1,2
68475,626293,122.685989,41685.887599,41686.007709,0, 0, 0, 0,-99.000000,-99.000000,-99.000000,-1,1
68475,626294,122.737950,41685.939561,41686.059670,1, 0, 0, 1,-8.209591,2.628591,-13.063470,-1,2
68475,626295,122.756237,41685.957848,41686.077957,1, 0, 0, 1,-0.550097,4.625302,-20.166985,-1,2
68475,626296,122.916245,41686.117855,41686.237965,0, 0, 0, 0,-99.000000,-99.000000,-99.000000,-1,1
68475,626297,123.104050,41686.305659,41686.425770,1, 0, 0, 1,1.089358,3.806838,11.708012,-1,2
68475,626298,123.171695,41686.373305,41686.493415,1, 0, 0, 1,-7.539436,-6.518849,10.463533,-1,2
68475,626299,123.196299,41686.397908,41686.518019,1, 0, 0, 1,1.719322,-4.666451,11.971516,-1,2
68475,626300,123.221201,41686.422811,41686.542921,0, 0, 0, 0,-99.000000,-99.000000,-99.000000,-1,1
68475,626301,123.480694,41686.682303,41686.802414,0, 0, 0, 0,-99.000000,-99.000000,-99.000000,-1,1
68475,626302,123.660997,41686.862606,41686.982717,0, 0, 0, 0,-99.000000,-99.000000,-99.000000,-1,0
68475,626303,123.971928,41687.173536,41687.293648,1, 0, 0, 1,1.915023,-1.910286,1.928429,-1,2
68475,626304,124.108057,41687.309665,41687.429777,1, 0, 0, 1,8.193459,9.998764,-3.581635,-1,2
68475,626305,124.148703,41687.350310,41687.470423,1, 0, 0, 1,8.204762,-2.418562,15.819589,-1,2
68475,626306,124.167649,41687.369257,41687.489369,0, 0, 0, 0,-99.000000,-99.000000,-99.000000,-1,1
68475,626307,124.205895,41687.407502,41687.527615,1, 0, 0, 1,-3.657968,-0.319047,-6.173687,-1,2
68475,626308,124.475529,41687.677136,41687.797249,1, 0, 0, 1,5.617156,-4.039046,8.754687,-1,2
68475,626309,124.481175,41687.682782,41687.802895,1, 0, 0, 1,-5.129800,-6.453418,-4.823051,-1,2
68475,626310,124.492257,41687.693864,41687.813977,1, 0, 0, 1,7.670143,0.673896,5.653801,-1,2
68475,626311,124.515613,41687.717220,41687.837333,1, 0, 0, 1,6.873783,3.983582,-9.564523,-1,2
68475,626312,124.607824,41687.809430,41687.929544,0, 0, 0, 0,-99.000000,-99.000000,-99.000000,-1,0
68475,626313,124.828873,41688.030479,41688.150593,1, 0, 0, 1,-7.297852,-0.812613,-15.714065,-1,2
68475,626314,124.867869,41688.069475,41688.189589,1, 0, 0, 1,4.151092,-5.280551,-14.539934,-1,2
68475,626315,125.058529,41688.260135,41688.380249,1, 0, 0, 1,6.392412,5.248683,-3.218625,-1,2
68475,626316,125.313533,41688.515139,41688.635253,1, 0, 0, 1,4.386225,8.149353,-12.529111,-1,2
68475,626317,125.442449,41688.644054,41688.764169,1, 0, 0, 1,1.404331,-8.434573,15.284333,-1,2
68475,626318,125.453171,41688.654776,41688.774891,1, 0, 0, 1,-0.673188,-3.942772,2.121836,-1,3
68475,626319,125.461073,41688.662678,41688.782793,0, 0, 0, 0,-99.000000,-99.000000,-99.000000,-1,1
68475,626320,125.658877,41688.860481,41688.980597,1, 0, 0, 1,-4.444784,-1.855628,11.395906,-1,2
68475,626321,125.929589,41689.131193,41689.251309,1, 0, 0, 1,7.511655,4.902655,6.114098,-1,2
68475,626322,125.931390,41689.132993,41689.253110,1, 0, 0, 1,7.329977,-0.511012,-13.648684,-1,2
68475,626323,126.039638,41689.241242,41689.361358,1, 0, 0, 1,3.237784,-7.554408,0.622115,-1,2
68475,626324,126.164797,41689.366401,41689.486517,0, 0, 0, 0,-99.000000,-99.000000,-99.000000,-1,1
68475,626325,126.322030,41689.523633,41689.643750,1, 0, 0, 1,1.081115,0.944004,0.495823,-1,2
68475,626326,126.332741,41689.534344,41689.654461,1, 0, 0, 1,-4.626358,7.676724,0.833407,-1,2
68475,626327,126.580175,41689.781778,41689.901895,0, 0, 0, 0,-99.000000,-99.000000,-99.000000,-1,1
68475,626328,126.722922,41689.924524,41690.044642,1, 0, 0, 1,-3.256579,5.247445,-15.784857,-1,2
68475,626329,126.746521,41689.948124,41690.068241,0, 0, 0, 0,-99.000000,-99.000000,-99.000000,-1,1
68475,626330,126.766871,41689.968474,41690.088591,0, 0, 0, 0,-99.000000,-99.000000,-99.000000,-1,0
68475,626331,127.311334,41690.512935,41690.633054,1, 0, 0, 1,-1.166816,-1.566334,-20.500641,-1,2
68475,626332,127.316424,41690.518025,41690.638144,1, 0, 0, 1,0.935767,8.650630,19.450234,-1,2
68475,626333,127.403596,41690.605197,41690.725316,1, 0, 0, 1,1.496527,-3.012760,18.403408,-1,2
68475,626334,127.519875,41690.721476,41690.841595,0, 0, 0, 0,-99.000000,-99.000000,-99.000000,-1,1
68475,626335,127.706400,41690.908001,41691.028120,0, 0, 0, 0,-99.000000,-99.000000,-99.000000,-1,0
68475,626336,128.157897,41691.359497,41691.479617,0, 0, 0, 0,-99.000000,-99.000000,-99.000000,-1,1
68475,626337,128.211630,41691.413230,41691.533350,1, 0, 0, 1,8.213049,1.980239,11.625228,-1,2
68475,626338,128.230469,41691.432068,41691.552189,1, 0, 0, 1,-0.081146,0.667282,15.112366,-1,2
68475,626339,128.367815,41691.569414,41691.689535,0, 0, 0, 0,-99.000000,-99.000000,-99.000000,-1,1
68475,626340,128.390375,41691.591974,41691.712095,0, 0, 0, 0,-99.000000,-99.000000,-99.000000,-1,1
68475,626341,128.484374,41691.685973,41691.806094,1, 0, 0, 1,1.974507,-0.545021,11.337134,-1,2
68475,626342,128.572738,41691.774337,41691.894458,1, 0, 0, 1,2.582273,1.856916,9.897338,-1,2
68475,626343,128.694598,41691.896196,41692.016318,1, 0, 0, 1,-8.260979,4.426680,5.821077,-1,2
68475,626344,129.091846,41692.293444,41692.413566,0, 0, 0, 0,-99.000000,-99.000000,-99.000000,-1,1
68475,626345,129.112372,41692.313970,41692.434092,0, 0, 0, 0,-99.000000,-99.000000,-99.000000,-1,0
68475,626346,129.217897,41692.419495,41692.539617,0, 0, 0, 0,-99.000000,-99.000000,-99.000000,-1,1
68475,626347,129.253633,41692.455230,41692.575353,1, 0, 0, 1,8.535499,-1.372668,-11.358681,-1,2
68475,626348,129.465383,41692.666980,41692.787103,1, 0, 0, 1,7.148525,2.816846,12.786950,-1,2
68475,626349,129.495005,41692.696602,41692.816725,1, 0, 0, 1,4.226371,8.754443,10.386583,-1,2
68475,626350,129.514655,41692.716252,41692.836375,1, 0, 0, 1,2.470632,-8.011873,-12.529769,-1,2
68475,626351,129.610950,41692.812547,41692.932670,1, 0, 0, 1,6.669868,-2.944190,-1.182750,-1,2
68475,626352,129.613805,41692.815402,41692.935525,0, 0, 0, 0,-99.000000,-99.000000,-99.000000,-1,1
68475,626353,129.737722,41692.939319,41693.059442,1, 0, 0, 1,8.456891,9.693493,17.811454,-1,9
68475,626354,129.740585,41692.942181,41693.062305,1, 0, 0, 1,1.172863,1.842126,0.278019,-1,2
68475,626355,129.755023,41692.956619,41693.076743,0, 0, 0, 0,-99.000000,-99.000000,-99.000000,-1,1
68475,626356,129.971466,41693.173062,41693.293186,1, 0, 0, 1,5.135905,1.234210,-12.986906,-1,2
68475,626357,130.150481,41693.352077,41693.472201,1, 0, 0, 1,6.557229,0.337486,2.893348,-1,2
68475,626358,130.156521,41693.358117,41693.478241,0, 0, 0, 0,-99.000000,-99.000000,-99.000000,-1,1
68475,626359,130.286392,41693.487987,41693.608112,1, 0, 0, 1,3.175346,-4.477030,12.825343,-1,2
68475,626360,130.410622,41693.612217,41693.732342,1, 0, 0, 1,3.627358,-4.966378,3.023664,-1,2
68475,626361,130.563952,41693.765547,41693.885672,1, 0, 0, 1,-6.741987,-1.975419,-15.130388,-1,2
68475,626362,130.609599,41693.811194,41693.931319,0, 0, 0, 0,-99.000000,-99.000000,-99.000000,-1,1
68475,626363,130.673718,41693.875312,41693.995438,0, 0, 0, 0,-99.000000,-99.000000,-99.000000,-1,0
68475,626364,130.850710,41694.052304,41694.172430,0, 0, 0, 0,-99.000000,-99.000000,-99.000000,-1,0
68475,626365,130.902508,41694.104102,41694.224228,1, 0, 0, 1,-10.265571,2.619785,8.309450,-1,2
68475,626366,130.943204,41694.144798,41694.264924,1, 0, 0, 1,0.001746,9.742822,18.422666,-1,2
68475,626367,131.218752,41694.420345,41694.540472,1, 0, 0, 1,5.869584,0.335149,-4.976146,-1,2
68475,626368,131.432122,41694.633716,41694.753842,0, 0, 0, 0,-99.000000,-99.000000,-99.000000,-1,1
68475,626369,131.531518,41694.733111,41694.853238,0, 0, 0, 0,-99.000000,-99.000000,-99.000000,-1,1
68475,626370,131.612581,41694.814174,41694.934301,1, 0, 0, 1,2.117862,-0.396262,-5.923736,-1,2
68475,626371,131.771929,41694.973521,41695.093649,1, 0, 0, 1,-0.910594,-1.553708,-17.510490,-1,2
68475,626372,131.852620,41695.054212,41695.174340,1, 0, 0, 1,-7.004364,2.988013,6.714589,-1,2
68475,626373,131.947688,41695.149280,41695.269408,1, 0, 0, 1,2.267639,2.428229,-2.778062,-1,2
68475,626374,131.962976,41695.164568,41695.284696,1, 0, 0, 1,-7.722136,7.494479,1.772878,-1,2
68475,626375,132.140117,41695.341709,41695.461837,1, 0, 0, 1,-6.446617,2.166632,-17.293836,-1,2
68475,626376,132.197472,41695.399063,41695.519192,1, 0, 0, 1,-4.308244,8.799798,21.899436,-1,2
68475,626377,132.292087,41695.493678,41695.613807,1, 0, 0, 1,0.905824,9.999981,-9.422619,-1,3
68475,626378,132.460707,41695.662298,41695.782427,0, 0, 0, 0,-99.000000,-99.000000,-99.000000,-1,1
68475,626379,132.529529,41695.731120,41695.851249,1, 0, 0, 1,2.233417,-2.703071,6.356999,-1,2
68475,626380,132.582319,41695.783910,41695.904039,1, 0, 0, 1,-2.951919,1.438839,-5.174708,-1,2
68475,626381,132.796480,41695.998070,41696.118200,0, 0, 0, 0,-99.000000,-99.000000,-99.000000,-1,1
68475,626382,132.798321,41695.999912,41696.120041,0, 0, 0, 0,-99.000000,-99.000000,-99.000000,-1,1
68475,626383,132.987439,41696.189029,41696.309159,1, 0, 0, 1,3.591220,5.578312,11.235336,-1,2
68475,626384,133.359202,41696.560791,41696.680922,1, 0, 0, 1,1.023866,-1.493722,3.262227,-1,2
68475,626385,133.503527,41696.705116,41696.825247,1, 0, 0, 1,6.157016,-0.440760,2.678293,-1,2
68475,626386,133.716293,41696.917881,41697.038013,0, 0, 0, 0,-99.000000,-99.000000,-99.000000,-1,0
68475,626387,133.763264,41696.964852,41697.084984,0, 0, 0, 0,-99.000000,-99.000000,-99.000000,-1,1
68475,626388,133.928608,41697.130196,41697.250328,0, 0, 0, 0,-99.000000,-99.000000,-99.000000,-1,0
68475,626389,133.986840,41697.188428,41697.308560,1, 0, 0, 1,3.052873,-2.742498,-4.966852,-1,2
68475,626390,134.261434,41697.463022,41697.583154,1, 0, 0, 1,8.365706,0.850970,7.941810,-1,2
68475,626391,134.377977,41697.579564,41697.699697,1, 0, 0, 1,-0.768044,0.309824,-14.788392,-1,2
68475,626392,134.393920,41697.595507,41697.715640,1, 0, 0, 1,2.223665,-5.937142,-3.636105,-1,2
68475,626393,134.474786,41697.676373,41697.796506,0, 0, 0, 0,-99.000000,-99.000000,-99.000000,-1,1
68475,626394,134.606375,41697.807962,41697.928095,1, 0, 0, 1,7.455223,-0.088762,11.805469,-1,2
68475,626395,134.730958,41697.932544,41698.052678,0, 0, 0, 0,-99.000000,-99.000000,-99.000000,-1,1
68475,626396,134.883247,41698.084833,41698.204967,1, 0, 0, 1,3.375837,4.607876,9.887579,-1,2
68475,626397,134.902171,41698.103757,41698.223891,1, 0, 0, 1,-3.208792,0.690949,7.414685,-1,2
68475,626398,135.036329,41698.237915,41698.358049,1, 0, 0, 1,7.818962,-1.550606,-16.558903,-1,2
68475,626399,135.122743,41698.324328,41698.444463,0, 0, 0, 0,-99.000000,-99.000000,-99.000000,-1,1
68475,626400,135.364477,41698.566062,41698.686197,1, 0, 0, 1,1.153718,3.217784,-3.659345,-1,2
68475,626401,135.376332,41698.577917,41698.698052,0, 0, 0, 0,-99.000000,-99.000000,-99.000000,-1,1
68475,626402,135.428826,41698.630411,41698.750546,1, 0, 0, 1,-3.658613,5.426497,-19.115844,-1,2
68475,626403,135.476468,41698.678053,41698.798188,1, 0, 0, 1,1.200797,-3.447889,11.981140,-1,2
68475,626404,135.531426,41698.733011,41698.853146,1, 0, 0, 1,-0.739415,-3.771206,11.128023,-1,2
68475,626405,135.607117,41698.808702,41698.928837,1, 0, 0, 1,-2.005675,-2.535755,8.645124,-1,2
68475,626406,135.738285,41698.939870,41699.060005,0, 0, 0, 0,-99.000000,-99.000000,-99.000000,-1,1
68475,626407,135.926259,41699.127843,41699.247979,0, 0, 0, 0,-99.000000,-99.000000,-99.000000,-1,1
68475,626408,136.082391,41699.283975,41699.404111,0, 0, 0, 0,-99.000000,-99.000000,-99.000000,-1,1
68475,626409,136.249241,41699.450825,41699.570961,1, 0, 0, 1,-0.964851,-2.926555,-13.740656,-1,2
68475,626410,136.313149,41699.514732,41699.634869,0, 0, 0, 0,-99.000000,-99.000000,-99.000000,-1,1
68475,626411,136.381987,41699.583571,41699.703707,1, 1, 0, 1,-1.560279,0.455765,-21.863474,-1,4
68475,626412,136.545676,41699.747259,41699.867396,0, 0, 0, 0,-99.000000,-99.000000,-99.000000,-1,1
68475,626413,136.609961,41699.811544,41699.931681,1, 0, 0, 1,-6.287269,3.972029,7.476645,-1,2
68475,626414,136.672527,41699.874110,41699.994247,1, 0, 0, 1,0.339723,-1.054951,8.150587,-1,2
68475,626415,136.692882,41699.894464,41700.014602,1, 0, 0, 1,8.566566,-3.084959,-13.066667,-1,2
68475,626416,136.719316,41699.920899,41700.041036,1, 0, 0, 1,0.097971,1.487700,6.673511,-1,2
68475,626417,136.970528,41700.172110,41700.292248,1, 0, 0, 1,4.660148,-6.555778,0.606922,-1,3
68475,626418,137.192624,41700.394206,41700.514344,1, 0, 0, 1,7.154496,-0.904744,-6.450739,-1,2
68475,626419,137.366738,41700.568319,41700.688458,1, 0, 0, 1,5.324542,0.761436,7.775268,-1,2
68475,626420,137.445973,41700.647554,41700.767693,0, 0, 0, 0,-99.000000,-99.000000,-99.000000,-1,1
68475,626421,137.464660,41700.666241,41700.786380,0, 0, 0, 0,-99.000000,-99.000000,-99.000000,-1,1
68475,626422,137.483963,41700.685545,41700.805683,0, 0, 0, 0,-99.000000,-99.000000,-99.000000,-1,1
68475,626423,137.492567,41700.694148,41700.814287,0, 0, 0, 0,-99.000000,-99.000000,-99.000000,-1,0
68475,626424,137.513413,41700.714994,41700.835133,1, 0, 0, 1,-4.831906,4.437602,-10.225756,-1,2
68475,626425,137.720631,41700.922212,41701.042351,0, 0, 0, 0,-99.000000,-99.000000,-99.000000,-1,0
68475,626426,137.867560,41701.069140,41701.189280,1, 0, 0, 1,-4.229073,10.106589,5.560755,-1,2
68475,626427,138.103440,41701.305020,41701.425160,1, 0, 0, 1,-6.981234,5.988682,-15.310341,-1,3
68475,626428,138.123229,41701.324809,41701.444949,1, 0, 0, 1,-0.806056,6.691303,-11.620144,-1,2
68475,626429,138.277293,41701.478873,41701.599013,1, 0, 0, 1,3.459659,-9.803877,14.745550,-1,2
68475,626430,138.505303,41701.706882,41701.827023,1, 0, 0, 1,-6.972071,3.971647,22.481653,-1,2
68475,626431,138.515635,41701.717214,41701.837355,1, 0, 0, 1,-0.649807,3.245847,11.921192,-1,2
68475,626432,138.570106,41701.771685,41701.891826,0, 0, 0, 0,-99.000000,-99.000000,-99.000000,-1,1
68475,626433,138.593425,41701.795004,41701.915145,1, 0, 0, 1,3.929269,-0.147981,-7.300911,-1,2
68475,626434,139.036487,41702.238065,41702.358207,1, 0, 0, 1,2.484815,4.820609,4.773880,-1,2
68475,626435,139.063047,41702.264625,41702.384767,0, 0, 0, 0,-99.000000,-99.000000,-99.000000,-1,1
68475,626436,139.113338,41702.314916,41702.435058,1, 0, 0, 1,8.150326,-3.459146,15.398252,-1,2
68475,626437,139.292759,41702.494337,41702.614479,1, 0, 0, 1,5.197225,-3.158454,8.994043,-1,2
68475,626438,139.304563,41702.506141,41702.626283,1, 0, 0, 1,7.886874,-0.316284,-2.480954,-1,2
68475,626439,139.327999,41702.529577,41702.649719,1, 0, 0, 1,2.348774,-2.217287,10.513629,-1,2
68475,626440,139.412811,41702.614388,41702.734531,1, 0, 0, 1,2.870385,5.950898,-3.313299,-1,2
68475,626441,139.510457,41702.712034,41702.832177,1, 0, 0, 1,-1.583481,2.785894,11.255434,-1,2
68475,626442,139.707207,41702.908784,41703.028927,1, 0, 0, 1,-6.815218,3.960724,6.630478,-1,2
68475,626443,139.853423,41703.054999,41703.175143,1, 0, 0, 1,-2.098179,-4.242621,7.685219,-1,2
68475,626444,140.338021,41703.539597,41703.659741,1, 0, 0, 1,5.556848,-4.343864,12.295373,-1,2
68475,626445,140.339392,41703.540967,41703.661112,0, 0, 0, 0,-99.000000,-99.000000,-99.000000,-1,0
68475,626446,140.450411,41703.651987,41703.772131,1, 0, 0, 1,-0.614384,-4.422603,-16.172575,-1,2
68475,626447,140.454031,41703.655606,41703.775751,0, 0, 0, 0,-99.000000,-99.000000,-99.000000,-1,1
68475,626448,140.633759,41703.835334,41703.955479,0, 0, 0, 0,-99.000000,-99.000000,-99.000000,-1,1
68475,626449,140.795396,41703.996970,41704.117116,1, 0, 0, 1,-4.164353,-0.896367,0.533313,-1,2
68475,626450,140.858775,41704.060350,41704.180495,0, 0, 0, 0,-99.000000,-99.000000,-99.000000,-1,1
68475,626451,140.861003,41704.062577,41704.182723,1, 0, 0, 1,8.015582,4.541999,10.378386,-1,2
68475,626452,140.933775,41704.135349,41704.255495,0, 0, 0, 0,-99.000000,-99.000000,-99.000000,-1,1
68475,626453,141.156865,41704.358439,41704.478585,1, 0, 0, 1,-7.855971,0.006180,-19.162583,-1,2
68475,626454,141.230882,41704.432455,41704.552602,1, 0, 0, 1,5.644649,4.191354,0.585010,-1,2
68475,626455,141.274920,41704.476494,41704.596640,1, 0, 0, 1,-2.436000,-10.109751,9.297573,-1,2
68475,626456,141.288553,41704.490127,41704.610273,0, 0, 0, 0,-99.000000,-99.000000,-99.000000,-1,0
68475,626457,141.639393,41704.840966,41704.961113,0, 0, 0, 0,-99.000000,-99.000000,-99.000000,-1,1
68475,626458,141.732005,41704.933578,41705.053725,1, 0, 0, 1,-3.804411,5.829626,19.414294,-1,2
68475,626459,141.754655,41704.956228,41705.076375,1, 0, 0, 1,5.762663,-0.660464,-10.670855,-1,2
68475,626460,141.830760,41705.032333,41705.152480,0, 0, 0, 0,-99.000000,-99.000000,-99.000000,-1,1
68475,626461,141.846744,41705.048316,41705.168464,0, 0, 0, 0,-99.000000,-99.000000,-99.000000,-1,1
68475,626462,141.849543,41705.051116,41705.171263,1, 0, 0, 1,-0.702903,-1.153472,5.478431,-1,2
68475,626463,141.896655,41705.098227,41705.218375,1, 0, 0, 1,-0.731622,8.841571,9.441647,-1,2
68475,626464,141.997197,41705.198769,41705.318917,0, 0, 0, 0,-99.000000,-99.000000,-99.000000,-1,1
68475,626465,142.012928,41705.214500,41705.334648,0, 0, 0, 0,-99.000000,-99.000000,-99.000000,-1,1
68475,626466,142.097192,41705.298764,41705.418912,1, 0, 0, 1,7.548892,-0.175154,7.646378,-1,2
68475,626467,142.346273,41705.547844,41705.667993,1, 0, 0, 1,-8.038660,3.127438,-10.550770,-1,2
68475,626468,142.458960,41705.660531,41705.780680,1, 0, 0, 1,7.982175,-3.784237,-2.621991,-1,2
68475,626469,142.669037,41705.870608,41705.990757,0, 0, 0, 0,-99.000000,-99.000000,-99.000000,-1,1
68475,626470,142.702973,41705.904544,41706.024693,1, 0, 0, 1,6.710037,-3.974467,-15.143540,-1,2
68475,626471,142.714601,41705.916172,41706.036321,1, 0, 0, 1,5.754625,-4.641935,-10.486970,-1,2
68475,626472,142.870412,41706.071983,41706.192132,0, 0, 0, 0,-99.000000,-99.000000,-99.000000,-1,1
68475,626473,142.978844,41706.180414,41706.300564,1, 0, 0, 1,-8.267429,1.264896,-0.996164,-1,2
68475,626474,143.034800,41706.236370,41706.356520,0, 0, 0, 0,-99.000000,-99.000000,-99.000000,-1,1
68475,626475,143.358545,41706.560114,41706.680265,1, 0, 0, 1,3.575324,1.212596,-2.798025,-1,2
68475,626476,143.406357,41706.607926,41706.728077,1, 0, 0, 1,2.635018,-0.463578,3.241267,-1,2
68475,626477,143.498000,41706.699569,41706.819720,1, 0, 0, 1,1.701572,-7.853523,9.048005,-1,2
68475,626478,143.574371,41706.775940,41706.896091,0, 0, 0, 0,-99.000000,-99.000000,-99.000000,-1,1
68475,626479,143.851454,41707.053022,41707.173174,1, 0, 0, 1,4.423423,5.046087,15.543327,-1,2
68475,626480,144.176766,41707.378334,41707.498486,1, 0, 0, 1,-2.275277,0.931726,-1.628524,-1,2
68475,626481,144.215421,41707.416989,41707.537141,0, 0, 0, 0,-99.000000,-99.000000,-99.000000,-1,1
68475,626482,144.395371,41707.596939,41707.717091,1, 0, 0, 1,3.195853,2.842395,20.377588,-1,2
68475,626483,144.428794,41707.630361,41707.750514,1, 0, 0, 1,8.123015,0.885106,-1.445325,-1,2
68475,626484,144.565921,41707.767489,41707.887641,1, 0, 0, 1,6.841796,-7.071805,1.363041,-1,2
68475,626485,144.640414,41707.841981,41707.962134,0, 0, 0, 0,-99.000000,-99.000000,-99.000000,-1,1
68475,626486,144.824471,41708.026038,41708.146191,1, 0, 0, 1,0.970195,-3.893776,17.451844,-1,2
68475,626487,144.909626,41708.111193,41708.231346,1, 0, 0, 1,6.279963,-4.225107,20.185626,-1,2
68475,626488,144.922220,41708.123787,41708.243940,1, 0, 0, 1,-6.628196,-1.989916,-18.165525,-1,2
68475,626489,145.001650,41708.203216,41708.323370,1, 0, 0, 1,-2.186196,-4.739286,-4.830743,-1,2
68475,626490,145.010728,41708.212294,41708.332448,0, 0, 0, 0,-99.000000,-99.000000,-99.000000,-1,1
68475,626491,145.354732,41708.556298,41708.676452,1, 0, 0, 1,4.388691,9.761474,15.722582,-1,3
68475,626492,145.372164,41708.573730,41708.693884,1, 0, 0, 1,7.022306,0.312020,-10.188170,-1,2
68475,626493,145.395511,41708.597076,41708.717231,1, 0, 0, 1,8.292018,-3.554129,-4.055267,-1,2
68475,626494,145.670389,41708.871954,41708.992109,0, 0, 0, 0,-99.000000,-99.000000,-99.000000,-1,1
68475,626495,145.726448,41708.928013,41709.048168,1, 0, 0, 1,-3.567471,4.766009,-0.076478,-1,2
68475,626496,145.878648,41709.080213,41709.200368,1, 0, 0, 1,-3.390004,-7.251496,14.630048,-1,2
68475,626497,146.023877,41709.225441,41709.345597,0, 0, 0, 0,-99.000000,-99.000000,-99.000000,-1,1
68475,626498,146.045311,41709.246875,41709.367031,0, 0, 0, 0,-99.000000,-99.000000,-99.000000,-1,1
68475,626499,146.088775,41709.290339,41709.410495,1, 0, 0, 1,0.508277,-1.300032,-17.786308,-1,2
68475,626500,146.095326,41709.296890,41709.417046,0, 0, 0, 0,-99.000000,-99.000000,-99.000000,-1,1
68475,626501,146.155652,41709.357216,41709.477372,1, 0, 0, 1,-2.445582,4.591812,-5.070607,-1,2
68475,626502,146.346991,41709.548554,41709.668711,1, 0, 0, 1,3.336305,-2.085346,-10.547339,-1,2
68475,626503,146.477896,41709.679459,41709.799616,1, 0, 0, 1,-7.498799,-1.147817,7.013335,-1,2
68475,626504,146.543255,41709.744819,41709.864975,0, 0, 0, 0,-99.000000,-99.000000,-99.000000,-1,0
68475,626505,146.589940,41709.791504,41709.911660,1, 0, 0, 1,1.050189,-0.396499,10.891567,-1,2
68475,626506,146.786319,41709.987882,41710.108039,0, 0, 0, 0,-99.000000,-99.000000,-99.000000,-1,1
68475,626507,146.842589,41710.044152,41710.164309,1, 0, 0, 1,-8.084423,-0.013115,16.609509,-1,2
68475,626508,146.919371,41710.120934,41710.241091,0, 0, 0, 0,-99.000000,-99.000000,-99.000000,-1,1
68475,626509,146.931751,41710.133314,41710.253471,1, 0, 0, 1,-6.152278,2.384246,12.033190,-1,2
68475,626510,147.298586,41710.500148,41710.620306,0, 0, 0, 0,-99.000000,-99.000000,-99.000000,-1,1
68475,626511,147.299707,41710.501269,41710.621427,1, 0, 0, 1,2.118453,-2.339901,9.884191,-1,2
68475,626512,147.322807,41710.524369,41710.644527,0, 0, 0, 0,-99.000000,-99.000000,-99.000000,-1,1
68475,626513,147.484198,41710.685759,41710.805918,1, 0, 0, 1,-2.552579,8.756421,-1.030739,-1,2
68475,626514,147.523177,41710.724738,41710.844897,0, 0, 0, 0,-99.000000,-99.000000,-99.000000,-1,0
68475,626515,147.601817,41710.803378,41710.923537,0, 0, 0, 0,-99.000000,-99.000000,-99.000000,-1,1
68475,626516,147.676615,41710.878176,41710.998335,0, 0, 0, 0,-99.000000,-99.000000,-99.000000,-1,0
68475,626517,147.728663,41710.930224,41711.050383,1, 0, 0, 1,-4.483143,2.683873,4.944837,-1,2
68475,626518,147.887781,41711.089341,41711.209501,1, 0, 0, 1,15.692449,1.889533,6.717265,-1,2
68475,626519,147.908654,41711.110215,41711.230374,1, 0, 0, 1,-7.467351,-5.802827,15.243341,-1,2
68475,626520,148.165357,41711.366917,41711.487077,0, 0, 0, 0,-99.000000,-99.000000,-99.000000,-1,1
68475,626521,148.285080,41711.486639,41711.606800,1, 0, 0, 1,-6.331950,-0.404336,12.994442,-1,2
68475,626522,148.367012,41711.568571,41711.688732,1, 0, 0, 1,3.771748,1.205298,-11.890383,-1,2
68475,626523,148.525253,41711.726812,41711.846973,1, 0, 0, 1,8.046656,-1.079347,18.862973,-1,2
68475,626524,148.632073,41711.833632,41711.953793,1, 0, 0, 1,-1.365055,0.636845,12.276933,-1,3
68475,626525,148.673032,41711.874591,41711.994752,0, 0, 0, 0,-99.000000,-99.000000,-99.000000,-1,1
68475,626526,148.681863,41711.883422,41712.003583,0, 0, 0, 0,-99.000000,-99.000000,-99.000000,-1,0
68475,626527,148.956363,41712.157922,41712.278083,0, 0, 0, 0,-99.000000,-99.000000,-99.000000,-1,1
68475,626528,149.115951,41712.317509,41712.437671,0, 0, 0, 0,-99.000000,-99.000000,-99.000000,-1,1
68475,626529,149.125314,41712.326872,41712.447034,1, 0, 0, 1,-2.441781,1.731069,-6.039515,-1,2
68475,626530,149.126233,41712.327791,41712.447953,1, 0, 0, 1,3.096015,4.757126,-7.007279,-1,2
68475,626531,149.161545,41712.363103,41712.483265,0, 0, 0, 0,-99.000000,-99.000000,-99.000000,-1,1
68475,626532,149.339611,41712.541169,41712.661331,0, 0, 0, 0,-99.000000,-99.000000,-99.000000,-1,1
68475,626533,149.439116,41712.640674,41712.760836,1, 0, 0, 1,0.738919,-12.918078,3.721843,-1,2
68475,626534,149.552740,41712.754298,41712.874460,1, 0, 0, 1,-1.036117,3.946830,20.393561,-1,2
68475,626535,149.748284,41712.949841,41713.070004,0, 0, 0, 0,-99.000000,-99.000000,-99.000000,-1,0
68475,626536,149.757940,41712.959497,41713.079660,1, 0, 0, 1,7.475973,-2.152585,1.646305,-1,2
68475,626537,149.873001,41713.074558,41713.194721,1, 0, 0, 1,-2.394998,1.815628,8.660506,-1,2
68475,626538,150.394695,41713.596251,41713.716415,1, 0, 0, 1,-7.370966,3.540180,-11.255731,-1,2
68475,626539,150.436327,41713.637883,41713.758047,1, 0, 0, 1,2.364025,-8.135887,-9.356042,-1,2
68475,626540,150.624677,41713.826232,41713.946397,1, 0, 0, 1,-0.105117,5.600042,-18.351658,-1,2
68475,626541,150.663829,41713.865384,41713.985549,1, 0, 0, 1,5.683569,-2.242888,16.288429,-1,2
68475,626542,150.670491,41713.872046,41713.992211,1, 0, 0, 1,-7.107288,3.590377,10.902578,-1,2
68475,626543,150.711640,41713.913195,41714.033360,1, 0, 0, 1,0.658593,4.809099,-5.768060,-1,2
68475,626544,150.729453,41713.931008,41714.051173,1, 0, 0, 1,3.886429,9.999981,-9.656043,-1,3
68475,626545,150.763799,41713.965354,41714.085519,0, 0, 0, 0,-99.000000,-99.000000,-99.000000,-1,1
68475,626546,150.855988,41714.057543,41714.177708,1, 0, 0, 1,6.503603,-4.601208,-1.785156,-1,2
68475,626547,150.993594,41714.195148,41714.315314,0, 0, 0, 0,-99.000000,-99.000000,-99.000000,-1,1
68475,626548,151.005847,41714.207401,41714.327567,0, 0, 0, 0,-99.000000,-99.000000,-99.000000,-1,1
68475,626549,151.033980,41714.235534,41714.355700,1, 0, 0, 1,-4.297659,3.772037,-13.907418,-1,2
68475,626550,151.133319,41714.334873,41714.455039,1, 0, 0, 1,9.172795,-1.352851,-5.526458,-1,2
68475,626551,151.202859,41714.404413,41714.524579,0, 0, 0, 0,-99.000000,-99.000000,-99.000000,-1,1
68475,626552,151.513567,41714.715121,41714.835287,0, 0, 0, 0,-99.000000,-99.000000,-99.000000,-1,1
68475,626553,151.728889,41714.930442,41715.050609,0, 0, 0, 0,-99.000000,-99.000000,-99.000000,-1,1
68475,626554,151.850675,41715.052227,41715.172395,1, 0, 0, 1,-0.530906,4.633383,2.007025,-1,2
68475,626555,151.861665,41715.063217,41715.183385,0, 0, 0, 0,-99.000000,-99.000000,-99.000000,-1,1
68475,626556,151.997568,41715.199120,41715.319288,1, 0, 0, 1,3.659157,-4.534318,12.093326,-1,2
68475,626557,152.054560,41715.256113,41715.376280,0, 0, 0, 0,-99.000000,-99.000000,-99.000000,-1,1
68475,626558,152.167673,41715.369225,41715.489393,0, 0, 0, 0,-99.000000,-99.000000,-99.000000,-1,0
68475,626559,152.242137,41715.443689,41715.563857,0, 0, 0, 0,-99.000000,-99.000000,-99.000000,-1,1
68475,626560,152.308617,41715.510169,41715.630337,0, 0, 0, 0,-99.000000,-99.000000,-99.000000,-1,1
68475,626561,152.336076,41715.537628,41715.657796,1, 0, 0, 1,9.326089,6.638637,-3.430859,-1,2
68475,626562,152.367724,41715.569276,41715.689444,1, 0, 0, 1,-0.312223,-0.951383,5.865830,-1,2
68475,626563,152.760365,41715.961916,41716.082085,1, 0, 0, 1,-7.769146,6.309458,-15.049871,-1,2
68475,626564,153.271512,41716.473062,41716.593232,0, 0, 0, 0,-99.000000,-99.000000,-99.000000,-1,1
68475,626565,153.422790,41716.624340,41716.744510,1, 0, 0, 1,-2.535739,-8.596361,-1.775491,-1,2
68475,626566,153.625686,41716.827235,41716.947406,1, 0, 0, 1,-5.074091,-1.276155,-6.090131,-1,2
68475,626567,153.631007,41716.832557,41716.952727,0, 0, 0, 0,-99.000000,-99.000000,-99.000000,-1,1
68475,626568,153.789111,41716.990660,41717.110831,1, 0, 0, 1,7.690348,-2.476481,-0.717436,-1,2
68475,626569,153.866109,41717.067658,41717.187829,1, 0, 0, 1,2.353678,7.331159,-11.934101,-1,2
68475,626570,153.888408,41717.089957,41717.210128,1, 0, 0, 1,5.612272,-4.915644,14.870240,-1,2
68475,626571,153.898793,41717.100341,41717.220513,1, 0, 0, 1,-6.426417,3.979555,-6.710128,-1,2
68475,626572,154.097896,41717.299445,41717.419616,1, 0, 0, 1,5.127707,1.173035,-11.675209,-1,2
68475,626573,154.484563,41717.686110,41717.806283,1, 0, 0, 1,-2.716364,-5.261484,5.635180,-1,2
68475,626574,154.547267,41717.748814,41717.868987,0, 0, 0, 0,-99.000000,-99.000000,-99.000000,-1,1
68475,626575,154.753819,41717.955366,41718.075539,1, 0, 0, 1,2.695947,-5.939939,-10.085564,-1,2
68475,626576,154.877237,41718.078784,41718.198957,0, 0, 0, 0,-99.000000,-99.000000,-99.000000,-1,1
68475,626577,154.910544,41718.112090,41718.232264,1, 0, 0, 1,4.781017,1.344858,-15.940486,-1,2
68475,626578,155.030704,41718.232251,41718.352424,1, 0, 0, 1,5.668382,-3.410239,-19.089695,-1,2
68475,626579,155.066173,41718.267719,41718.387893,0, 0, 0, 0,-99.000000,-99.000000,-99.000000,-1,1
68475,626580,155.151030,41718.352576,41718.472750,1, 0, 0, 1,1.951322,3.705432,-19.243274,-1,2
68475,626581,155.198846,41718.400392,41718.520566,0, 0, 0, 0,-99.000000,-99.000000,-99.000000,-1,1
68475,626582,155.346690,41718.548236,41718.668410,1, 0, 0, 1,-5.502240,3.228203,17.574299,-1,2
68475,626583,155.373315,41718.574860,41718.695035,0, 0, 0, 0,-99.000000,-99.000000,-99.000000,-1,0
68475,626584,155.401946,41718.603492,41718.723666,1, 0, 0, 1,-4.336197,0.258492,17.960450,-1,2
68475,626585,155.589631,41718.791177,41718.911351,1, 0, 0, 1,-2.762261,3.849925,-14.046404,-1,2
68475,626586,155.630736,41718.832281,41718.952456,1, 0, 0, 1,-6.645738,0.955592,15.251160,-1,2
68475,626587,155.682662,41718.884207,41719.004382,1, 0, 0, 1,2.051522,2.045046,-17.851309,-1,2
68475,626588,155.707396,41718.908941,41719.029116,1, 0, 0, 1,-0.066896,0.520829,8.846115,-1,2
68475,626589,155.716840,41718.918385,41719.038560,1, 0, 0, 1,6.513263,-3.680378,16.558734,-1,2
68475,626590,155.735482,41718.937027,41719.057202,1, 0, 0, 1,-0.013387,0.752973,-10.284847,-1,2
68475,626591,155.783509,41718.985054,41719.105229,1, 0, 0, 1,1.206859,1.666909,-7.050031,-1,2
68475,626592,155.789990,41718.991535,41719.111710,0, 0, 0, 0,-99.000000,-99.000000,-99.000000,-1,1
68475,626593,155.834164,41719.035709,41719.155884,1, 0, 0, 1,-3.637282,-7.053218,18.795934,-1,2
68475,626594,155.898093,41719.099638,41719.219813,1, 0, 0, 1,-7.794370,5.374165,10.188436,-1,2
68475,626595,155.916851,41719.118395,41719.238571,0, 0, 0, 0,-99.000000,-99.000000,-99.000000,-1,1
68475,626596,155.970634,41719.172178,41719.292354,0, 0, 0, 0,-99.000000,-99.000000,-99.000000,-1,1
68475,626597,155.998821,41719.200366,41719.320541,0, 0, 0, 0,-99.000000,-99.000000,-99.000000,-1,1
68475,626598,156.032415,41719.233960,41719.354135,1, 0, 0, 1,-5.634567,0.734011,13.600104,-1,2
68475,626599,156.267231,41719.468775,41719.588951,1, 0, 0, 1,4.769094,-6.672792,-7.868553,-1,2
68475,626600,156.285252,41719.486796,41719.606972,1, 0, 0, 1,3.337524,0.830886,5.877857,-1,2
68475,626601,156.387072,41719.588616,41719.708792,1, 0, 0, 1,-9.074671,-0.120674,14.538423,-1,2
68475,626602,156.581391,41719.782935,41719.903111,0, 0, 0, 0,-99.000000,-99.000000,-99.000000,-1,0
68475,626603,156.617765,41719.819308,41719.939485,0, 0, 0, 0,-99.000000,-99.000000,-99.000000,-1,1
68475,626604,156.646064,41719.847608,41719.967784,1, 0, 0, 1,5.827306,1.800511,-4.262645,-1,2
68475,626605,156.687450,41719.888993,41720.009170,1, 0, 0, 1,-6.842230,-0.411610,0.595336,-1,2
68475,626606,156.719324,41719.920867,41720.041044,0, 0, 0, 0,-99.000000,-99.000000,-99.000000,-1,1
68475,626607,156.981321,41720.182864,41720.303041,1, 0, 0, 1,-4.757406,5.029229,-8.880196,-1,2
68475,626608,157.032673,41720.234216,41720.354393,1, 0, 0, 1,-4.486660,2.163497,-19.758658,-1,2
68475,626609,157.162247,41720.363790,41720.483967,1, 0, 0, 1,-2.122836,3.193793,-13.482237,-1,2
68475,626610,157.242478,41720.444020,41720.564198,1, 0, 0, 1,-5.507165,4.498127,2.385118,-1,2
68475,626611,157.275891,41720.477433,41720.597611,0, 0, 0, 0,-99.000000,-99.000000,-99.000000,-1,1
68475,626612,157.290320,41720.491862,41720.612040,1, 0, 0, 1,5.139223,1.891587,-16.068135,-1,2
68475,626613,157.378515,41720.580056,41720.700235,0, 0, 0, 0,-99.000000,-99.000000,-99.000000,-1,1
68475,626614,157.441693,41720.643235,41720.763413,0, 0, 0, 0,-99.000000,-99.000000,-99.000000,-1,1
68475,626615,157.461212,41720.662754,41720.782932,1, 0, 0, 1,-3.933464,-8.597196,3.167372,-1,2
68475,626616,158.348148,41721.549688,41721.669868,0, 0, 0, 0,-99.000000,-99.000000,-99.000000,-1,1
68475,626617,158.464873,41721.666413,41721.786593,0, 0, 0, 0,-99.000000,-99.000000,-99.000000,-1,1
68475,626618,158.576545,41721.778084,41721.898265,1, 0, 0, 1,-2.234493,-19.182042,-10.152261,-1,2
68475,626619,158.591644,41721.793183,41721.913364,1, 0, 0, 1,2.519724,-4.033744,5.964049,-1,2
68475,626620,158.652495,41721.854034,41721.974215,1, 0, 0, 1,-4.430577,-0.014637,-7.061227,-1,2
68475,626621,158.656438,41721.857977,41721.978158,1, 0, 0, 1,-0.515512,-0.270406,15.389734,-1,2
68475,626622,158.714900,41721.916439,41722.036620,1, 0, 0, 1,4.962391,5.953917,-14.309662,-1,2
68475,626623,158.853964,41722.055503,41722.175684,0, 0, 0, 0,-99.000000,-99.000000,-99.000000,-1,0
68475,626624,159.080713,41722.282252,41722.402433,1, 0, 0, 1,-0.842203,2.569026,-15.591295,-1,2
68475,626625,159.095478,41722.297016,41722.417198,1, 0, 0, 1,-6.571998,4.457919,13.644381,-1,2
68475,626626,159.107377,41722.308916,41722.429097,1, 0, 0, 1,-1.943329,-2.765419,-4.687737,-1,2
68475,626627,159.310309,41722.511847,41722.632029,0, 0, 0, 0,-99.000000,-99.000000,-99.000000,-1,1
68475,626628,159.387922,41722.589460,41722.709642,1, 0, 0, 1,7.979012,-1.447834,17.989552,-1,2
68475,626629,159.390038,41722.591575,41722.711758,1, 0, 0, 1,-5.011927,1.498662,4.438544,-1,2
68475,626630,159.457966,41722.659503,41722.779686,1, 0, 0, 1,2.606199,-6.424225,10.761512,-1,2
68475,626631,159.709154,41722.910691,41723.030874,0, 0, 0, 0,-99.000000,-99.000000,-99.000000,-1,1
68475,626632,159.737552,41722.939089,41723.059272,0, 0, 0, 0,-99.000000,-99.000000,-99.000000,-1,1
68475,626633,159.846072,41723.047609,41723.167792,1, 0, 0, 1,8.571304,9.999981,-3.160121,-1,3
68475,626634,159.923558,41723.125095,41723.245278,1, 0, 0, 1,-1.949341,8.596867,-13.115235,-1,2
68475,626635,159.978570,41723.180107,41723.300290,0, 0, 0, 0,-99.000000,-99.000000,-99.000000,-1,1
68475,626636,160.113896,41723.315433,41723.435616,1, 0, 0, 1,3.488659,-1.126612,-18.796951,-1,2
68475,626637,160.143230,41723.344766,41723.464950,0, 0, 0, 0,-99.000000,-99.000000,-99.000000,-1,1
68475,626638,160.152053,41723.353589,41723.473773,0, 0, 0, 0,-99.000000,-99.000000,-99.000000,-1,1
68475,626639,160.203914,41723.405450,41723.525634,1, 0, 0, 1,-3.641661,-0.155573,7.991377,-1,2
68475,626640,160.206472,41723.408008,41723.528192,0, 0, 0, 0,-99.000000,-99.000000,-99.000000,-1,1
68475,626641,160.420447,41723.621982,41723.742167,0, 0, 0, 0,-99.000000,-99.000000,-99.000000,-1,0
68475,626642,160.514879,41723.716415,41723.836599,1, 0, 0, 1,-2.486520,8.087387,-12.173853,-1,2
68475,626643,160.518290,41723.719826,41723.840010,0, 0, 0, 0,-99.000000,-99.000000,-99.000000,-1,1
68475,626644,160.815989,41724.017524,41724.137709,1, 0, 0, 1,-6.131199,-0.226060,-7.208349,-1,2
68475,626645,160.826079,41724.027614,41724.147799,1, 0, 0, 1,-6.833469,3.389528,7.291419,-1,2
68475,626646,160.990079,41724.191614,41724.311799,0, 0, 0, 0,-99.000000,-99.000000,-99.000000,-1,0
68475,626647,161.023662,41724.225197,41724.345382,1, 0, 0, 1,5.788487,4.310316,-16.744862,-1,2
68475,626648,161.098868,41724.300402,41724.420588,0, 0, 0, 0,-99.000000,-99.000000,-99.000000,-1,1
68475,626649,161.210057,41724.411591,41724.531777,1, 0, 0, 1,5.936894,5.791124,-13.149530,-1,2
68475,626650,161.211426,41724.412960,41724.533146,0, 0, 0, 0,-99.000000,-99.000000,-99.000000,-1,0
68475,626651,161.222695,41724.424229,41724.544415,1, 0, 0, 1,9.612047,8.807926,10.625855,-1,3
68475,626652,161.281847,41724.483381,41724.603567,1, 0, 0, 1,5.565580,0.831270,-15.241099,-1,2
68475,626653,161.356293,41724.557827,41724.678013,0, 0, 0, 0,-99.000000,-99.000000,-99.000000,-1,1
68475,626654,161.439853,41724.641387,41724.761573,0, 0, 0, 0,-99.000000,-99.000000,-99.000000,-1,0
68475,626655,161.444081,41724.645615,41724.765801,1, 0, 0, 1,-5.416568,-0.487311,2.865089,-1,2
68475,626656,161.736570,41724.938103,41725.058290,1, 0, 0, 1,0.398973,-2.607104,6.145062,-1,3
68475,626657,161.811733,41725.013266,41725.133453,1, 0, 0, 1,2.591271,5.236777,1.989271,-1,2
68475,626658,161.867794,41725.069327,41725.189514,1, 0, 0, 1,5.460415,5.743105,12.424616,-1,2
68475,626659,162.060913,41725.262445,41725.382633,1, 0, 0, 1,-4.348711,3.871329,-3.678201,-1,2
68475,626660,162.155617,41725.357149,41725.477337,0, 0, 0, 0,-99.000000,-99.000000,-99.000000,-1,1
68475,626661,162.334439,41725.535971,41725.656159,1, 0, 0, 1,1.386723,2.989253,-18.570580,-1,2
68475,626662,162.496866,41725.698398,41725.818586,1, 0, 0, 1,-3.525418,-2.546800,11.412729,-1,2
68475,626663,162.506880,41725.708412,41725.828600,1, 0, 0, 1,2.594694,0.628758,16.731319,-1,2
68475,627425,0.030658,41802.999695,41803.120035,1, 0, 0, 1,-1.104882,3.669770,14.149368,-1,2
68475,627426,0.070701,41803.039737,41803.160078,0, 0, 0, 0,-99.000000,-99.000000,-99.000000,-1,1
68475,627427,0.084595,41803.053632,41803.173972,1, 0, 0, 1,1.260647,-1.671845,-19.769255,-1,2
68475,627428,0.107963,41803.076999,41803.197340,1, 0, 0, 1,0.741519,-6.579434,3.245533,-1,2
68475,627429,0.137277,41803.106313,41803.226654,1, 0, 0, 1,-3.108537,-5.660388,21.523690,-1,2
68475,627430,0.191950,41803.160987,41803.281327,1, 0, 0, 1,-2.443172,-2.913189,-12.174555,-1,2
68475,627431,0.192217,41803.161253,41803.281594,0, 0, 0, 0,-99.000000,-99.000000,-99.000000,-1,1
68475,627432,0.235658,41803.204694,41803.325035,1, 0, 0, 1,-1.911400,-5.816741,-7.831292,-1,2
68475,627433,0.259517,41803.228553,41803.348894,0, 0, 0, 0,-99.000000,-99.000000,-99.000000,-1,1
68475,627434,0.291438,41803.260473,41803.380815,1, 0, 0, 1,2.069095,-7.891395,2.748501,-1,2
68475,627435,0.293244,41803.262280,41803.382621,1, 0, 0, 1,-2.567006,-4.024878,-10.583019,-1,2
68475,627436,0.363899,41803.332935,41803.453276,1, 0, 0, 1,6.722781,0.175811,2.540029,-1,2
68475,627437,0.480622,41803.449658,41803.569999,1, 0, 0, 1,-6.819999,-0.664152,14.573915,-1,2
68475,627438,0.536734,41803.505769,41803.626111,0, 0, 0, 0,-99.000000,-99.000000,-99.000000,-1,1
68475,627439,0.679468,41803.648503,41803.768845,1, 0, 0, 1,-5.406880,-0.721980,-12.466659,-1,2
68475,627440,1.069420,41804.038455,41804.158797,1, 0, 0, 1,4.885719,2.373561,-16.763515,-1,2
68475,627441,1.351852,41804.320886,41804.441229,0, 0, 0, 0,-99.000000,-99.000000,-99.000000,-1,0
68475,627442,1.436623,41804.405656,41804.526000,1, 0, 0, 1,0.908331,5.794426,0.850904,-1,2
68475,627443,1.512511,41804.481545,41804.601888,0, 0, 0, 0,-99.000000,-99.000000,-99.000000,-1,1
68475,627444,1.674584,41804.643617,41804.763961,1, 0, 0, 1,-0.628080,-4.558647,10.581983,-1,2
68475,627445,1.996236,41804.965269,41805.085613,1, 0, 0, 1,3.556679,-2.569124,-16.892989,-1,2
68475,627446,2.058862,41805.027895,41805.148239,1, 0, 0, 1,2.561854,-7.730152,8.117439,-1,2
68475,627447,2.091642,41805.060674,41805.181019,1, 0, 0, 1,-0.970229,-3.160275,-15.390221,-1,2
68475,627448,2.255868,41805.224900,41805.345245,0, 0, 0, 0,-99.000000,-99.000000,-99.000000,-1,0
68475,627449,2.256575,41805.225608,41805.345952,1, 0, 0, 1,6.187815,0.606328,-20.614698,-1,2
68475,627450,2.338604,41805.307636,41805.427981,1, 0, 0, 1,5.327188,-0.292645,-18.814095,-1,2
68475,627451,2.729863,41805.698894,41805.819240,0, 0, 0, 0,-99.000000,-99.000000,-99.000000,-1,0
68475,627452,2.759926,41805.728957,41805.849303,1, 0, 0, 1,-1.629728,1.823984,-21.057032,-1,2
68475,627453,2.760069,41805.729100,41805.849446,1, 0, 0, 1,4.397886,4.147514,21.799797,-1,2
68475,627454,2.825161,41805.794192,41805.914538,1, 0, 0, 1,-1.772150,3.205261,-10.736983,-1,2
68475,627455,3.098881,41806.067912,41806.188258,1, 0, 0, 1,-6.543487,-2.210263,-11.859891,-1,3
68475,627456,3.118880,41806.087910,41806.208257,1, 0, 0, 1,3.084333,3.457422,-8.451220,-1,2
68475,627457,3.321736,41806.290766,41806.411113,0, 0, 0, 0,-99.000000,-99.000000,-99.000000,-1,1
68475,627458,3.326781,41806.295811,41806.416158,1, 0, 0, 1,0.835942,0.483177,-5.434199,-1,2
68475,627459,3.396345,41806.365375,41806.485722,1, 0, 0, 1,-3.382752,6.276082,-4.320597,-1,2
68475,627460,3.426491,41806.395520,41806.515868,1, 0, 0, 1,-4.654166,0.221121,-8.398739,-1,2
68475,627461,3.482345,41806.451374,41806.571722,0, 0, 0, 0,-99.000000,-99.000000,-99.000000,-1,0
68475,627462,3.752719,41806.721748,41806.842096,0, 0, 0, 0,-99.000000,-99.000000,-99.000000,-1,1
68475,627463,3.756997,41806.726026,41806.846374,1, 0, 0, 1,7.198053,4.815927,8.811664,-1,2
68475,627464,3.984280,41806.953308,41807.073657,0, 0, 0, 0,-99.000000,-99.000000,-99.000000,-1,1
68475,627465,3.998415,41806.967444,41807.087792,1, 0, 0, 1,-7.973345,1.095156,-18.100255,-1,2
68475,627466,4.052262,41807.021291,41807.141639,1, 0, 0, 1,3.783551,5.424789,-0.103101,-1,2
68475,627467,4.258044,41807.227072,41807.347421,0, 0, 0, 0,-99.000000,-99.000000,-99.000000,-1,1
68475,627468,4.396216,41807.365244,41807.485593,1, 0, 0, 1,2.131860,2.295357,11.083684,-1,2
68475,627469,4.434553,41807.403581,41807.523930,0, 0, 0, 0,-99.000000,-99.000000,-99.000000,-1,1
68475,627470,4.510667,41807.479695,41807.600044,0, 0, 0, 0,-99.000000,-99.000000,-99.000000,-1,1
68475,627471,4.545697,41807.514724,41807.635074,0, 0, 0, 0,-99.000000,-99.000000,-99.000000,-1,1
68475,627472,4.679450,41807.648478,41807.768827,0, 0, 0, 0,-99.000000,-99.000000,-99.000000,-1,0
68475,627473,4.770048,41807.739075,41807.859425,1, 0, 0, 1,0.562003,-4.297404,-5.670741,-1,2
68475,627474,4.817159,41807.786186,41807.906536,1, 0, 0, 1,5.050341,-4.998192,-21.877516,-1,2
68475,627475,4.918272,41807.887299,41808.007649,1, 0, 0, 1,1.924380,-0.539767,-5.779376,-1,2
68475,627476,4.965498,41807.934525,41808.054875,0, 0, 0, 0,-99.000000,-99.000000,-99.000000,-1,1
68475,627477,5.059403,41808.028430,41808.148780,1, 0, 0, 1,3.105627,-7.620441,11.675895,-1,2
68475,627478,5.073938,41808.042965,41808.163315,0, 0, 0, 0,-99.000000,-99.000000,-99.000000,-1,1
68475,627479,5.205304,41808.174331,41808.294681,0, 0, 0, 0,-99.000000,-99.000000,-99.000000,-1,1
68475,627480,5.276911,41808.245937,41808.366288,1, 0, 0, 1,-6.131056,3.897156,-7.028404,-1,2
68475,627481,5.358490,41808.327516,41808.447867,0, 0, 0, 0,-99.000000,-99.000000,-99.000000,-1,0
68475,627482,5.440436,41808.409462,41808.529813,0, 0, 0, 0,-99.000000,-99.000000,-99.000000,-1,1
68475,627483,5.613616,41808.582642,41808.702993,1, 0, 0, 1,1.871230,4.344225,8.470305,-1,2
68475,627484,5.672588,41808.641614,41808.761965,1, 0, 0, 1,-0.554049,-2.090001,2.715834,-1,2
68475,627485,5.753130,41808.722156,41808.842507,1, 0, 0, 1,4.037022,1.417257,-10.896612,-1,2
68475,627486,6.120675,41809.089700,41809.210052,1, 0, 0, 1,-8.545563,2.226389,-12.510442,-1,2
68475,627487,6.239336,41809.208360,41809.328713,0, 0, 0, 0,-99.000000,-99.000000,-99.000000,-1,0
68475,627488,6.431722,41809.400746,41809.521099,1, 0, 0, 1,7.466048,-0.015976,13.398532,-1,2
68475,627489,6.540323,41809.509347,41809.629700,1, 0, 0, 1,-2.959911,10.503255,-7.799233,-1,2
68475,627490,6.545157,41809.514180,41809.634534,0, 0, 0, 0,-99.000000,-99.000000,-99.000000,-1,0
68475,627491,6.721036,41809.690059,41809.810413,0, 0, 0, 0,-99.000000,-99.000000,-99.000000,-1,1
68475,627492,6.971386,41809.940409,41810.060763,0, 0, 0, 0,-99.000000,-99.000000,-99.000000,-1,1
68475,627493,6.993753,41809.962776,41810.083130,0, 0, 0, 0,-99.000000,-99.000000,-99.000000,-1,1
68475,627494,7.088367,41810.057390,41810.177744,1, 0, 0, 1,1.538383,-6.844410,17.085824,-1,2
68475,627495,7.465827,41810.434849,41810.555204,1, 0, 0, 1,1.084260,10.701552,-5.080581,-1,2
68475,627496,7.529056,41810.498078,41810.618433,1, 0, 0, 1,0.562387,3.674946,9.114878,-1,2
68475,627497,7.529326,41810.498347,41810.618703,0, 0, 0, 0,-99.000000,-99.000000,-99.000000,-1,0
68475,627498,7.583806,41810.552828,41810.673183,0, 0, 0, 0,-99.000000,-99.000000,-99.000000,-1,0
68475,627499,7.638122,41810.607143,41810.727499,1, 0, 0, 1,-5.819323,4.651947,-3.056702,-1,2
68475,627500,7.646028,41810.615049,41810.735405,1, 0, 0, 1,5.375864,1.018031,-9.720070,-1,2
68475,627501,7.782038,41810.751060,41810.871415,1, 0, 0, 1,-0.980144,-3.599064,6.178305,-1,2
68475,627502,7.962556,41810.931577,41811.051933,1, 0, 0, 1,1.832726,-2.819680,7.200036,-1,2
68475,627503,8.064700,41811.033721,41811.154077,0, 0, 0, 0,-99.000000,-99.000000,-99.000000,-1,1
68475,627504,8.104132,41811.073152,41811.193509,1, 0, 0, 1,2.073587,-2.490613,-0.939931,-1,2
68475,627505,8.186350,41811.155370,41811.275727,0, 0, 0, 0,-99.000000,-99.000000,-99.000000,-1,1
68475,627506,8.188239,41811.157260,41811.277616,1, 0, 0, 1,-6.531202,2.575675,7.525855,-1,3
68475,627507,8.237269,41811.206290,41811.326646,0, 0, 0, 0,-99.000000,-99.000000,-99.000000,-1,1
68475,628178,0.045974,41888.378725,41888.499234,1, 0, 0, 1,-3.184363,5.315155,-12.366649,-1,2
68475,628179,0.411444,41888.744195,41888.864704,0, 0, 0, 0,-99.000000,-99.000000,-99.000000,-1,1
68475,628180,0.434268,41888.767019,41888.887528,1, 0, 0, 1,1.014010,-1.402402,-13.666824,-1,2
68475,628181,0.553891,41888.886642,41889.007151,1, 0, 0, 1,0.257554,1.568366,0.761225,-1,2
68475,628182,0.608057,41888.940808,41889.061318,0, 0, 0, 0,-99.000000,-99.000000,-99.000000,-1,1
68475,628183,0.677982,41889.010732,41889.131242,0, 0, 0, 0,-99.000000,-99.000000,-99.000000,-1,1
68475,628184,0.678323,41889.011073,41889.131583,0, 0, 0, 0,-99.000000,-99.000000,-99.000000,-1,1
68475,628185,0.701001,41889.033751,41889.154261,1, 0, 0, 1,3.265695,-3.476059,20.330573,-1,2
68475,628186,0.708716,41889.041466,41889.161976,1, 0, 0, 1,-7.448786,3.513729,-1.077755,-1,2
68475,628187,0.715914,41889.048664,41889.169174,0, 0, 0, 0,-99.000000,-99.000000,-99.000000,-1,0
68475,628188,0.717180,41889.049930,41889.170440,0, 0, 0, 0,-99.000000,-99.000000,-99.000000,-1,1
68475,628189,0.840169,41889.172919,41889.293429,1, 0, 0, 1,2.116148,0.399957,-12.849438,-1,2
68475,628190,0.873928,41889.206678,41889.327188,1, 0, 0, 1,4.595367,-2.845237,-0.624368,-1,2
68475,628191,0.894444,41889.227194,41889.347704,1, 0, 0, 1,0.562684,1.645697,18.536140,-1,2
68475,628192,0.907464,41889.240214,41889.360725,0, 0, 0, 0,-99.000000,-99.000000,-99.000000,-1,0
68475,628193,1.305322,41889.638071,41889.758582,0, 0, 0, 0,-99.000000,-99.000000,-99.000000,-1,1
68475,628194,1.380151,41889.712900,41889.833411,1, 0, 0, 1,5.993220,-1.017266,-13.829178,-1,2
68475,628195,1.426134,41889.758883,41889.879394,1, 1, 0, 1,-2.274364,-1.556823,-4.044444,-1,9
68475,628196,1.512222,41889.844971,41889.965483,1, 0, 0, 1,-5.374886,0.213953,4.980273,-1,2
68475,628197,1.603819,41889.936568,41890.057079,1, 0, 0, 1,3.270616,-2.515919,-4.746364,-1,2
68475,628198,1.606168,41889.938916,41890.059428,0, 0, 0, 0,-99.000000,-99.000000,-99.000000,-1,1
68475,628199,1.741048,41890.073796,41890.194308,0, 0, 0, 0,-99.000000,-99.000000,-99.000000,-1,0
68475,628200,1.818763,41890.151512,41890.272024,1, 0, 0, 1,2.150752,-3.492446,-15.621863,-1,2
68475,628201,1.881342,41890.214090,41890.334602,1, 0, 0, 1,0.802314,-8.984851,21.219169,-1,2
68475,628202,1.941174,41890.273922,41890.394434,1, 0, 0, 1,1.882496,4.634512,-13.126604,-1,2
68475,628203,1.950857,41890.283605,41890.404117,0, 0, 0, 0,-99.000000,-99.000000,-99.000000,-1,0
68475,628204,1.978192,41890.310940,41890.431452,0, 0, 0, 0,-99.000000,-99.000000,-99.000000,-1,0
68475,628205,2.038900,41890.371647,41890.492160,1, 0, 0, 1,2.303083,12.952490,3.062270,-1,2
68475,628206,2.085533,41890.418280,41890.538793,0, 0, 0, 0,-99.000000,-99.000000,-99.000000,-1,1
68475,628207,2.138212,41890.470960,41890.591473,1, 0, 0, 1,1.391118,-12.953951,-9.477914,-1,2
68475,628208,2.280029,41890.612776,41890.733289,1, 0, 0, 1,8.047895,1.618328,7.050182,-1,2
68475,628209,2.335117,41890.667864,41890.788377,1, 0, 0, 1,6.687465,-1.045893,-15.840827,-1,2
68475,628210,2.390563,41890.723310,41890.843823,1, 0, 0, 1,-7.530381,-2.722520,-12.448309,-1,2
68475,628211,2.697578,41891.030325,41891.150838,1, 0, 0, 1,1.007398,2.421463,-19.395309,-1,2
68475,628212,2.706397,41891.039144,41891.159657,1, 0, 0, 1,0.675856,1.163194,8.436077,-1,2
68475,628213,2.753887,41891.086633,41891.207147,0, 0, 0, 0,-99.000000,-99.000000,-99.000000,-1,1
68475,628214,3.295974,41891.628720,41891.749235,1, 0, 0, 1,0.738725,0.385907,-3.109539,-1,2
68475,628215,3.398855,41891.731600,41891.852115,1, 0, 0, 1,-7.494889,-3.960529,4.142027,-1,2
68475,628216,3.509898,41891.842643,41891.963158,0, 0, 0, 0,-99.000000,-99.000000,-99.000000,-1,1
68475,628217,3.632344,41891.965088,41892.085604,1, 0, 0, 1,-9.097796,0.899463,14.778785,-1,2
68475,628218,3.638108,41891.970853,41892.091368,0, 0, 0, 0,-99.000000,-99.000000,-99.000000,-1,1
68475,628219,3.652296,41891.985040,41892.105556,1, 0, 0, 1,0.177810,1.944624,-19.188065,-1,2
68475,628220,3.731860,41892.064604,41892.185120,1, 0, 0, 1,6.895588,2.816722,5.897235,-1,2
68475,628221,3.864113,41892.196858,41892.317373,1, 0, 0, 1,-0.553609,-0.649170,-8.528982,-1,3
68475,628222,4.105102,41892.437845,41892.558362,0, 0, 0, 0,-99.000000,-99.000000,-99.000000,-1,1
68475,628223,4.426320,41892.759063,41892.879580,1, 0, 0, 1,2.478176,3.026873,10.351683,-1,2
68475,628224,4.521550,41892.854293,41892.974810,0, 0, 0, 0,-99.000000,-99.000000,-99.000000,-1,1
68475,628225,4.598566,41892.931309,41893.051827,0, 0, 0, 0,-99.000000,-99.000000,-99.000000,-1,1
68475,628226,4.664096,41892.996839,41893.117356,1, 0, 0, 1,-7.888922,-2.025854,-10.865563,-1,2
68475,628227,4.785034,41893.117776,41893.238294,0, 0, 0, 0,-99.000000,-99.000000,-99.000000,-1,1
68475,628228,4.819627,41893.152369,41893.272887,0, 0, 0, 0,-99.000000,-99.000000,-99.000000,-1,1
68475,628229,4.948719,41893.281461,41893.401979,0, 0, 0, 0,-99.000000,-99.000000,-99.000000,-1,1
68475,628230,5.173555,41893.506297,41893.626815,0, 0, 0, 0,-99.000000,-99.000000,-99.000000,-1,0
68475,628231,5.223376,41893.556118,41893.676636,1, 0, 0, 1,-2.186647,-9.848935,-0.838801,-1,3
68475,628232,5.320523,41893.653264,41893.773783,0, 0, 0, 0,-99.000000,-99.000000,-99.000000,-1,1
68475,628233,5.341058,41893.673799,41893.794318,1, 0, 0, 1,0.498803,-9.392639,13.856045,-1,2
68475,628234,5.370661,41893.703403,41893.823922,0, 0, 0, 0,-99.000000,-99.000000,-99.000000,-1,1
68475,628235,5.468667,41893.801408,41893.921927,1, 0, 0, 1,-4.133090,-2.550978,5.343457,-1,2
68475,628236,5.657757,41893.990498,41894.111017,1, 0, 0, 1,-3.199386,3.496257,-1.803676,-1,2
68475,628237,5.700326,41894.033067,41894.153587,0, 0, 0, 0,-99.000000,-99.000000,-99.000000,-1,1
68475,628238,5.965257,41894.297997,41894.418518,1, 0, 0, 1,0.799507,-8.846557,19.967209,-1,2
68475,628239,6.100009,41894.432749,41894.553270,0, 0, 0, 0,-99.000000,-99.000000,-99.000000,-1,1
68475,628240,6.135506,41894.468246,41894.588766,0, 0, 0, 0,-99.000000,-99.000000,-99.000000,-1,1
68475,628241,6.232903,41894.565643,41894.686164,1, 0, 0, 1,-5.479097,-3.964074,12.654963,-1,2
68475,628242,6.264558,41894.597298,41894.717818,1, 0, 0, 1,-3.565524,-8.975112,-0.669450,-1,4
68475,628243,6.301215,41894.633954,41894.754475,0, 0, 0, 0,-99.000000,-99.000000,-99.000000,-1,0
68475,628244,6.317861,41894.650600,41894.771121,0, 0, 0, 0,-99.000000,-99.000000,-99.000000,-1,0
68475,628245,6.381063,41894.713803,41894.834324,0, 0, 0, 0,-99.000000,-99.000000,-99.000000,-1,0
68475,628246,6.780381,41895.113120,41895.233641,1, 0, 0, 1,-0.526598,1.408721,11.134926,-1,2
68475,628247,6.790953,41895.123691,41895.244213,1, 0, 0, 1,-1.014254,-4.588724,14.220240,-1,2
68475,628248,6.810574,41895.143312,41895.263834,1, 0, 0, 1,-7.968830,-1.206117,-7.105661,-1,2
68475,628249,6.880741,41895.213479,41895.334001,1, 0, 0, 1,4.285553,2.441319,12.984204,-1,2
68475,628250,6.974971,41895.307709,41895.428231,1, 0, 0, 1,-0.003225,-0.575670,-1.420086,-1,2
68475,628251,7.076900,41895.409638,41895.530161,1, 0, 0, 1,0.649816,0.436193,9.889937,-1,2
68475,628252,7.127048,41895.459785,41895.580308,1, 0, 0, 1,1.852431,-9.316854,-16.111384,-1,2
68475,628253,7.576792,41895.909529,41896.030052,0, 0, 0, 0,-99.000000,-99.000000,-99.000000,-1,1
68475,628254,7.784830,41896.117566,41896.238090,0, 0, 0, 0,-99.000000,-99.000000,-99.000000,-1,0
68475,628255,7.955669,41896.288406,41896.408930,1, 0, 0, 1,0.204637,-4.066044,9.524657,-1,2
68475,628256,8.198653,41896.531389,41896.651913,1, 0, 0, 1,-9.999981,-4.886710,-16.714135,-1,3
68475,629005,0.284606,41974.006445,41974.127123,0, 0, 0, 0,-99.000000,-99.000000,-99.000000,-1,0
68475,629006,0.547577,41974.269416,41974.390094,1, 0, 0, 1,0.146135,0.363939,-11.475784,-1,2
68475,629007,0.620717,41974.342556,41974.463234,1, 0, 0, 1,-4.885440,3.468954,-22.045889,-1,2
68475,629008,0.695611,41974.417450,41974.538128,1, 0, 0, 1,8.185102,-0.141059,12.951706,-1,2
68475,629009,0.761560,41974.483399,41974.604077,1, 0, 0, 1,6.639224,4.196677,12.519025,-1,2
68475,629010,0.765534,41974.487372,41974.608051,1, 0, 0, 1,-3.098896,10.064825,-20.209831,-1,2
68475,629011,0.841861,41974.563700,41974.684378,0, 0, 0, 0,-99.000000,-99.000000,-99.000000,-1,1
68475,629012,0.912685,41974.634523,41974.755202,1, 0, 0, 1,1.078224,-0.044974,13.824774,-1,2
68475,629013,1.002317,41974.724156,41974.844835,1, 0, 0, 1,-2.649204,-2.585893,-9.431356,-1,2
68475,629014,1.027811,41974.749649,41974.870328,1, 0, 0, 1,-8.509463,4.742602,-9.827672,-1,2
68475,629015,1.097764,41974.819602,41974.940282,0, 0, 0, 0,-99.000000,-99.000000,-99.000000,-1,0
68475,629016,1.290822,41975.012660,41975.133340,0, 0, 0, 0,-99.000000,-99.000000,-99.000000,-1,1
68475,629017,1.354702,41975.076540,41975.197219,1, 0, 0, 1,4.463303,-1.293079,9.746549,-1,2
68475,629018,1.498149,41975.219986,41975.340666,1, 0, 0, 1,1.438512,0.474305,15.584640,-1,3
68475,629019,1.539944,41975.261781,41975.382461,0, 0, 0, 0,-99.000000,-99.000000,-99.000000,-1,1
68475,629020,1.547515,41975.269352,41975.390033,1, 0, 0, 1,-9.382453,6.501035,10.422501,-1,2
68475,629021,1.753473,41975.475310,41975.595991,0, 0, 0, 0,-99.000000,-99.000000,-99.000000,-1,1
68475,629022,1.908813,41975.630649,41975.751330,0, 0, 0, 0,-99.000000,-99.000000,-99.000000,-1,0
68475,629023,2.158153,41975.879989,41976.000670,1, 0, 0, 1,-3.986909,-4.427225,-18.723965,-1,2
68475,629024,2.202490,41975.924326,41976.045007,0, 0, 0, 0,-99.000000,-99.000000,-99.000000,-1,1
68475,629025,2.514418,41976.236253,41976.356935,1, 0, 0, 1,1.496867,3.971410,-22.635279,-1,2
68475,629026,2.618820,41976.340655,41976.461337,1, 0, 0, 1,2.379837,-4.528747,-2.899769,-1,2
68475,629027,2.711898,41976.433733,41976.554415,1, 0, 0, 1,4.569585,0.597073,-11.487832,-1,2
68475,629028,2.720829,41976.442664,41976.563346,1, 0, 0, 1,4.667521,3.541583,4.536086,-1,2
68475,629029,2.935263,41976.657097,41976.777780,1, 0, 0, 1,5.398886,-0.858031,-12.607432,-1,2
68475,629030,2.938174,41976.660009,41976.780691,1, 0, 0, 1,-6.779345,-4.464652,18.343633,-1,2
68475,629031,3.110820,41976.832654,41976.953337,1, 0, 0, 1,-4.567037,-7.194029,10.852157,-1,3
68475,629032,3.136532,41976.858366,41976.979049,0, 0, 0, 0,-99.000000,-99.000000,-99.000000,-1,0
68475,629033,3.303348,41977.025181,41977.145865,0, 0, 0, 0,-99.000000,-99.000000,-99.000000,-1,1
68475,629034,3.386634,41977.108467,41977.229151,1, 0, 0, 1,-1.525579,-9.761461,14.089476,-1,2
68475,629035,3.401333,41977.123167,41977.243851,1, 0, 0, 1,2.440249,-4.683346,-2.941074,-1,2
68475,629036,3.437568,41977.159401,41977.280085,1, 0, 0, 1,8.365266,-0.897536,-8.066440,-1,2
68475,629037,3.494500,41977.216333,41977.337017,0, 0, 0, 0,-99.000000,-99.000000,-99.000000,-1,1
68475,629038,3.495526,41977.217359,41977.338043,1, 0, 0, 1,-0.611871,-4.448948,-7.228126,-1,2
68475,629039,3.562827,41977.284660,41977.405344,1, 0, 0, 1,3.164246,5.643486,15.489695,-1,2
68475,629040,3.572472,41977.294305,41977.414989,0, 0, 0, 0,-99.000000,-99.000000,-99.000000,-1,1
68475,629041,3.743557,41977.465390,41977.586074,1, 0, 0, 1,-5.798489,1.394340,-2.637354,-1,2
68475,629042,3.802996,41977.524828,41977.645513,1, 0, 0, 1,1.193596,-3.671926,-11.036379,-1,2
68475,629043,3.805588,41977.527421,41977.648105,1, 0, 0, 1,6.392265,3.000710,-14.994877,-1,2
68475,629044,4.045142,41977.766975,41977.887660,1, 0, 0, 1,-3.711672,6.084918,-19.637784,-1,2
68475,629045,4.049031,41977.770863,41977.891548,0, 0, 0, 0,-99.000000,-99.000000,-99.000000,-1,1
68475,629046,4.101713,41977.823545,41977.944230,0, 0, 0, 0,-99.000000,-99.000000,-99.000000,-1,1
68475,629047,4.131311,41977.853143,41977.973828,0, 0, 0, 0,-99.000000,-99.000000,-99.000000,-1,0
68475,629048,4.176493,41977.898325,41978.019010,1, 0, 0, 1,-4.279776,-1.201675,22.543731,-1,2
68475,629049,4.236144,41977.957975,41978.078661,1, 0, 0, 1,2.163789,-6.885099,10.929517,-1,2
68475,629050,4.348115,41978.069947,41978.190632,0, 0, 0, 0,-99.000000,-99.000000,-99.000000,-1,1
68475,629051,4.585102,41978.306933,41978.427619,0, 0, 0, 0,-99.000000,-99.000000,-99.000000,-1,1
68475,629052,4.627562,41978.349393,41978.470079,0, 0, 0, 0,-99.000000,-99.000000,-99.000000,-1,1
68475,629053,4.951197,41978.673028,41978.793714,0, 0, 0, 0,-99.000000,-99.000000,-99.000000,-1,1
68475,629054,5.020682,41978.742512,41978.863199,0, 0, 0, 0,-99.000000,-99.000000,-99.000000,-1,1
68475,629055,5.207415,41978.929245,41979.049932,0, 0, 0, 0,-99.000000,-99.000000,-99.000000,-1,1
68475,629056,5.238881,41978.960711,41979.081398,1, 0, 0, 1,6.311898,-2.662319,14.239151,-1,2
68475,629057,5.245625,41978.967455,41979.088142,1, 0, 0, 1,-1.517197,3.272678,17.350198,-1,2
68475,629058,5.563798,41979.285627,41979.406315,1, 0, 0, 1,5.238199,1.732949,-7.932133,-1,2
68475,629059,6.179013,41979.900841,41980.021530,1, 0, 0, 1,2.652565,-5.273227,-4.896498,-1,2
68475,629060,6.233397,41979.955225,41980.075914,1, 0, 0, 1,-3.761570,1.302756,-1.311971,-1,2
68475,629061,6.452420,41980.174247,41980.294937,1, 0, 0, 1,-2.790431,1.385242,6.142378,-1,2
68475,629062,6.507322,41980.229150,41980.349839,1, 0, 0, 1,1.315454,-0.162509,-4.015235,-1,2
68475,629063,6.587199,41980.309026,41980.429716,1, 0, 0, 1,-8.665386,0.883418,-1.483127,-1,2
68475,629064,6.753728,41980.475554,41980.596245,1, 0, 0, 1,-0.877399,-7.356192,12.554840,-1,2
68475,629065,6.938022,41980.659849,41980.780540,0, 0, 0, 0,-99.000000,-99.000000,-99.000000,-1,1
68475,629066,7.076090,41980.797916,41980.918607,0, 0, 0, 0,-99.000000,-99.000000,-99.000000,-1,1
68475,629067,7.080591,41980.802417,41980.923108,0, 0, 0, 0,-99.000000,-99.000000,-99.000000,-1,1
68475,629068,7.254858,41980.976683,41981.097375,1, 0, 0, 1,-3.230557,6.478938,20.736746,-1,2
68475,629069,7.273346,41980.995172,41981.115863,0, 0, 0, 0,-99.000000,-99.000000,-99.000000,-1,0
68475,629070,7.578322,41981.300147,41981.420839,0, 0, 0, 0,-99.000000,-99.000000,-99.000000,-1,1
68475,629071,7.626323,41981.348148,41981.468840,1, 0, 0, 1,6.146855,4.303942,9.028775,-1,2
68475,629072,7.790491,41981.512316,41981.633008,1, 0, 0, 1,-7.656737,-1.259833,-5.367662,-1,2
68475,629073,7.801470,41981.523294,41981.643987,0, 0, 0, 0,-99.000000,-99.000000,-99.000000,-1,0
68475,629074,8.049908,41981.771732,41981.892425,1, 0, 0, 1,3.822748,-0.584179,-14.024989,-1,2
68475,629075,8.081696,41981.803520,41981.924213,1, 0, 0, 1,0.156461,3.282094,-15.268328,-1,2
68475,629076,8.245623,41981.967447,41982.088140,1, 0, 0, 1,0.813847,8.925979,5.179982,-1,2
68475,629770,0.057841,42059.130153,42059.250999,0, 0, 0, 0,-99.000000,-99.000000,-99.000000,-1,1
68475,629771,0.081108,42059.153420,42059.274266,1, 0, 0, 1,2.872859,6.839118,-18.995779,-1,2
68475,629772,0.353111,42059.425422,42059.546268,1, 0, 0, 1,-0.415604,-0.006004,-2.040556,-1,2
68475,629773,0.364877,42059.437188,42059.558035,0, 0, 0, 0,-99.000000,-99.000000,-99.000000,-1,1
68475,629774,0.464769,42059.537080,42059.657927,0, 0, 0, 0,-99.000000,-99.000000,-99.000000,-1,1
68475,629775,0.469588,42059.541899,42059.662746,0, 0, 0, 0,-99.000000,-99.000000,-99.000000,-1,0
68475,629776,0.519973,42059.592284,42059.713131,1, 0, 0, 1,-3.832364,0.629741,-3.406244,-1,2
68475,629777,0.547256,42059.619568,42059.740414,1, 0, 0, 1,0.748544,8.432901,-7.078001,-1,2
68475,629778,0.572773,42059.645084,42059.765931,1, 0, 0, 1,1.061946,1.699139,-12.385579,-1,2
68475,629779,0.649844,42059.722154,42059.843001,1, 0, 0, 1,1.859877,-0.412099,-3.809153,-1,2
68475,629780,1.046482,42060.118792,42060.239640,1, 0, 0, 1,-1.905022,3.805717,-3.013983,-1,2
68475,629781,1.160659,42060.232969,42060.353817,1, 0, 0, 1,3.304969,6.754363,2.751923,-1,2
68475,629782,1.281823,42060.354132,42060.474980,1, 0, 0, 1,0.274583,-3.318882,17.397818,-1,2
68475,629783,1.306711,42060.379021,42060.499869,1, 0, 0, 1,3.372387,-6.698299,17.746208,-1,2
68475,629784,1.313848,42060.386158,42060.507006,1, 0, 0, 1,1.277337,-2.054316,-15.619200,-1,3
68475,629785,1.428943,42060.501253,42060.622101,0, 0, 0, 0,-99.000000,-99.000000,-99.000000,-1,1
68475,629786,1.437204,42060.509514,42060.630362,1, 0, 0, 1,3.805431,-4.525740,18.736551,-1,2
68475,629787,1.464977,42060.537286,42060.658135,1, 0, 0, 1,-7.341941,3.054681,-16.090482,-1,2
68475,629788,1.540350,42060.612659,42060.733508,0, 0, 0, 0,-99.000000,-99.000000,-99.000000,-1,1
68475,629789,1.580595,42060.652904,42060.773753,1, 0, 0, 1,1.139419,-3.699498,-1.850729,-1,2
68475,629790,1.685494,42060.757803,42060.878652,1, 0, 0, 1,6.054817,-2.483486,5.446400,-1,2
68475,629791,1.797878,42060.870187,42060.991036,1, 1, 0, 1,-2.525648,-1.515330,-7.497409,-1,2
68475,629792,1.948844,42061.021152,42061.142001,0, 0, 0, 0,-99.000000,-99.000000,-99.000000,-1,0
68475,629793,2.131212,42061.203520,42061.324370,0, 0, 0, 0,-99.000000,-99.000000,-99.000000,-1,1
68475,629794,2.171805,42061.244113,42061.364963,1, 0, 0, 1,5.526467,-1.141444,15.787977,-1,2
68475,629795,2.269146,42061.341454,42061.462304,0, 0, 0, 0,-99.000000,-99.000000,-99.000000,-1,0
68475,629796,2.510881,42061.583188,42061.704039,1, 0, 0, 1,8.246303,2.035637,-8.167420,-1,2
68475,629797,2.678115,42061.750422,42061.871273,0, 0, 0, 0,-99.000000,-99.000000,-99.000000,-1,1
68475,629798,2.750788,42061.823095,42061.943946,0, 0, 0, 0,-99.000000,-99.000000,-99.000000,-1,1
68475,629799,2.769134,42061.841441,42061.962292,1, 0, 0, 1,-3.034778,-1.296791,3.237724,-1,2
68475,629800,2.870661,42061.942967,42062.063819,0, 0, 0, 0,-99.000000,-99.000000,-99.000000,-1,0
68475,629801,2.949459,42062.021765,42062.142616,0, 0, 0, 0,-99.000000,-99.000000,-99.000000,-1,1
68475,629802,3.076856,42062.149162,42062.270014,0, 0, 0, 0,-99.000000,-99.000000,-99.000000,-1,0
68475,629803,3.133033,42062.205339,42062.326191,0, 0, 0, 0,-99.000000,-99.000000,-99.000000,-1,1
68475,629804,3.403786,42062.476091,42062.596943,0, 0, 0, 0,-99.000000,-99.000000,-99.000000,-1,1
68475,629805,3.412568,42062.484873,42062.605726,1, 0, 0, 1,9.357750,-3.805369,-15.529576,-1,2
68475,629806,3.439038,42062.511343,42062.632196,1, 0, 0, 1,13.704920,23.692870,-7.437178,-1,2
68475,629807,3.526943,42062.599248,42062.720101,1, 0, 0, 1,2.833505,-4.672962,-10.460367,-1,2
68475,629808,3.550445,42062.622750,42062.743603,0, 0, 0, 0,-99.000000,-99.000000,-99.000000,-1,1
68475,629809,3.598187,42062.670492,42062.791345,1, 0, 0, 1,2.969961,7.592012,-13.408766,-1,2
68475,629810,3.603138,42062.675443,42062.796296,0, 0, 0, 0,-99.000000,-99.000000,-99.000000,-1,0
68475,629811,3.635036,42062.707341,42062.828193,1, 0, 0, 1,-4.922117,7.539919,10.807934,-1,2
68475,629812,3.682837,42062.755142,42062.875995,1, 0, 0, 1,-4.983305,6.130887,9.360893,-1,2
68475,629813,3.693623,42062.765928,42062.886781,0, 0, 0, 0,-99.000000,-99.000000,-99.000000,-1,1
68475,629814,3.741459,42062.813764,42062.934617,1, 0, 0, 1,0.244490,0.727363,-11.720286,-1,2
68475,629815,3.865610,42062.937915,42063.058768,1, 0, 0, 1,-2.856379,-1.520791,11.962674,-1,2
68475,629816,3.911561,42062.983866,42063.104719,1, 0, 0, 1,1.315535,-8.600903,5.459076,-1,2
68475,629817,3.924713,42062.997018,42063.117871,0, 0, 0, 0,-99.000000,-99.000000,-99.000000,-1,1
68475,629818,3.946285,42063.018589,42063.139443,0, 0, 0, 0,-99.000000,-99.000000,-99.000000,-1,1
68475,629819,3.969270,42063.041575,42063.162428,0, 0, 0, 0,-99.000000,-99.000000,-99.000000,-1,0
68475,629820,3.972827,42063.045131,42063.165984,1, 0, 0, 1,-3.321973,-5.643377,6.695068,-1,2
68475,629821,3.982355,42063.054660,42063.175513,1, 0, 0, 1,-1.151637,1.487495,-16.129077,-1,2
68475,629822,4.360882,42063.433185,42063.554040,1, 0, 0, 1,-3.049943,4.043311,-11.628900,-1,2
68475,629823,4.472447,42063.544750,42063.665604,1, 0, 0, 1,-2.615770,3.202579,-11.605256,-1,2
68475,629824,4.519265,42063.591569,42063.712423,0, 0, 0, 0,-99.000000,-99.000000,-99.000000,-1,1
68475,629825,4.599245,42063.671548,42063.792402,0, 0, 0, 0,-99.000000,-99.000000,-99.000000,-1,1
68475,629826,4.650662,42063.722965,42063.843820,1, 0, 0, 1,-6.028366,3.260023,10.551170,-1,2
68475,629827,4.986659,42064.058961,42064.179817,1, 0, 0, 1,6.053083,-1.552420,-3.233982,-1,2
68475,629828,5.109409,42064.181712,42064.302567,0, 0, 0, 0,-99.000000,-99.000000,-99.000000,-1,1
68475,629829,5.293276,42064.365577,42064.486434,1, 0, 0, 1,1.804500,5.669156,-9.880234,-1,2
68475,629830,5.421242,42064.493544,42064.614400,0, 0, 0, 0,-99.000000,-99.000000,-99.000000,-1,0
68475,629831,5.510000,42064.582301,42064.703158,1, 0, 0, 1,-1.886557,-8.770833,-18.220335,-1,2
68475,629832,5.543184,42064.615485,42064.736342,1, 0, 0, 1,-1.944681,-2.405769,-4.707653,-1,2
68475,629833,5.653911,42064.726212,42064.847069,1, 0, 0, 1,0.379546,-5.966409,-17.173657,-1,2
68475,629834,5.750613,42064.822914,42064.943771,1, 0, 0, 1,-3.732968,-5.812143,0.128220,-1,2
68475,629835,5.783017,42064.855317,42064.976174,1, 0, 0, 1,-4.954245,-6.284769,-0.232388,-1,2
68475,629836,5.974225,42065.046525,42065.167383,1, 0, 0, 1,-6.665556,4.371728,11.615882,-1,2
68475,629837,6.030817,42065.103118,42065.223975,1, 0, 0, 1,5.979391,-2.340089,-0.565839,-1,2
68475,629838,6.108796,42065.181096,42065.301954,0, 0, 0, 0,-99.000000,-99.000000,-99.000000,-1,1
68475,629839,6.112182,42065.184482,42065.305340,1, 0, 0, 1,-0.939777,-0.645155,19.516090,-1,2
68475,629840,6.114132,42065.186432,42065.307290,0, 0, 0, 0,-99.000000,-99.000000,-99.000000,-1,1
68475,629841,6.407042,42065.479342,42065.600200,0, 0, 0, 0,-99.000000,-99.000000,-99.000000,-1,0
68475,629842,6.962792,42066.035090,42066.155950,0, 0, 0, 0,-99.000000,-99.000000,-99.000000,-1,1
68475,629843,7.102170,42066.174468,42066.295328,0, 0, 0, 0,-99.000000,-99.000000,-99.000000,-1,0
68475,629844,7.495369,42066.567666,42066.688527,0, 0, 0, 0,-99.000000,-99.000000,-99.000000,-1,1
68475,629845,7.605118,42066.677416,42066.798276,1, 0, 0, 1,8.621565,3.065240,16.925392,-1,2
68475,629846,7.619510,42066.691807,42066.812668,1, 0, 0, 1,-1.555849,4.463637,-4.596141,-1,2
68475,629847,7.621515,42066.693812,42066.814673,0, 0, 0, 0,-99.000000,-99.000000,-99.000000,-1,1
68475,629848,7.737889,42066.810186,42066.931047,1, 0, 0, 1,5.563108,-3.939082,19.545692,-1,2
68475,629849,7.839343,42066.911640,42067.032501,0, 0, 0, 0,-99.000000,-99.000000,-99.000000,-1,1
68475,629850,7.964279,42067.036575,42067.157436,1, 1, 0, 1,2.376118,-1.057846,11.473457,-1,3
68475,629851,8.079818,42067.152115,42067.272976,1, 0, 0, 1,-2.974747,1.034664,-9.899432,-1,2
68475,629852,8.083097,42067.155394,42067.276255,1, 0, 0, 1,2.810742,-3.312988,-4.356083,-1,2
68475,629853,8.143636,42067.215933,42067.336794,1, 0, 0, 1,5.738538,3.266450,5.250180,-1,2
68475,629854,8.195036,42067.267332,42067.388194,1, 0, 0, 1,-6.225441,13.259086,1.154896,-1,2
68475,630548,0.000399,42144.433277,42144.554291,1, 0, 0, 1,1.853594,6.895856,1.193158,-1,2
68475,630549,0.029724,42144.462602,42144.583616,0, 0, 0, 0,-99.000000,-99.000000,-99.000000,-1,0
68475,630550,0.332272,42144.765150,42144.886164,1, 0, 0, 1,1.585210,7.654066,-13.049843,-1,3
68475,630551,0.388092,42144.820970,42144.941984,0, 0, 0, 0,-99.000000,-99.000000,-99.000000,-1,1
68475,630552,0.419623,42144.852500,42144.973515,1, 0, 0, 1,6.311392,-4.472706,17.285962,-1,2
68475,630553,0.436187,42144.869065,42144.990079,0, 0, 0, 0,-99.000000,-99.000000,-99.000000,-1,1
68475,630554,0.480341,42144.913219,42145.034233,0, 0, 0, 0,-99.000000,-99.000000,-99.000000,-1,1
68475,630555,0.539721,42144.972598,42145.093613,1, 0, 0, 1,1.858739,-5.524388,-19.716317,-1,2
68475,630556,0.670314,42145.103191,42145.224206,0, 0, 0, 0,-99.000000,-99.000000,-99.000000,-1,1
68475,630557,0.821474,42145.254350,42145.375365,0, 0, 0, 0,-99.000000,-99.000000,-99.000000,-1,1
68475,630558,0.841825,42145.274701,42145.395716,0, 0, 0, 0,-99.000000,-99.000000,-99.000000,-1,1
68475,630559,0.923290,42145.356167,42145.477182,1, 0, 0, 1,0.127516,10.254678,17.787485,-1,2
68475,630560,0.997826,42145.430703,42145.551718,1, 0, 0, 1,-1.135848,-2.663000,3.453026,-1,2
68475,630561,1.208966,42145.641842,42145.762858,0, 0, 0, 0,-99.000000,-99.000000,-99.000000,-1,1
68475,630562,1.687175,42146.120049,42146.241066,0, 0, 0, 0,-99.000000,-99.000000,-99.000000,-1,1
68475,630563,1.738324,42146.171198,42146.292215,1, 0, 0, 1,4.214729,3.943741,0.160268,-1,2
68475,630564,1.781873,42146.214748,42146.335765,1, 0, 0, 1,3.334707,-2.191787,20.720343,-1,2
68475,630565,2.165360,42146.598234,42146.719251,0, 0, 0, 0,-99.000000,-99.000000,-99.000000,-1,1
68475,630566,2.322084,42146.754957,42146.875976,0, 0, 0, 0,-99.000000,-99.000000,-99.000000,-1,1
68475,630567,2.329871,42146.762744,42146.883762,1, 0, 0, 1,6.583506,0.422311,2.298261,-1,2
68475,630568,2.448571,42146.881445,42147.002463,1, 0, 0, 1,-4.254900,-1.552569,9.446387,-1,2
68475,630569,2.474103,42146.906977,42147.027995,1, 0, 0, 1,1.186344,3.993598,-5.446405,-1,2
68475,630570,2.515973,42146.948846,42147.069865,1, 0, 0, 1,-1.615470,3.859753,-10.755512,-1,2
68475,630571,2.615869,42147.048742,42147.169761,1, 0, 0, 1,-2.255615,-3.242859,-9.337440,-1,2
68475,630572,2.794238,42147.227111,42147.348130,0, 0, 0, 0,-99.000000,-99.000000,-99.000000,-1,1
68475,630573,2.833139,42147.266011,42147.387031,1, 0, 0, 1,-3.050837,4.978097,-11.384795,-1,2
68475,630574,2.911046,42147.343919,42147.464938,1, 0, 0, 1,4.794342,0.968436,-21.536429,-1,2
68475,630575,3.040479,42147.473351,42147.594371,1, 0, 0, 1,-5.109808,0.657134,-9.340311,-1,2
68475,630576,3.087484,42147.520356,42147.641375,1, 0, 0, 1,1.275958,-2.598131,-5.041713,-1,2
68475,630577,3.299429,42147.732301,42147.853321,0, 0, 0, 0,-99.000000,-99.000000,-99.000000,-1,1
68475,630578,3.658185,42148.091056,42148.212077,1, 0, 0, 1,-0.734451,7.565013,20.368062,-1,2
68475,630579,4.081269,42148.514139,42148.635161,1, 0, 0, 1,0.681164,-6.478322,17.017698,-1,2
68475,630580,4.316525,42148.749395,42148.870417,0, 0, 0, 0,-99.000000,-99.000000,-99.000000,-1,1
68475,630581,4.347417,42148.780286,42148.901309,1, 0, 0, 1,-7.550737,-4.268581,15.103277,-1,5
68475,630582,4.443612,42148.876482,42148.997504,1, 0, 0, 1,-2.739918,-9.070506,-14.528664,-1,2
68475,630583,4.495138,42148.928007,42149.049030,1, 0, 0, 1,-2.278585,7.569240,21.059948,-1,2
68475,630584,4.724592,42149.157461,42149.278484,1, 0, 0, 1,4.039289,3.093412,-1.164229,-1,2
68475,630585,5.166191,42149.599059,42149.720083,0, 0, 0, 0,-99.000000,-99.000000,-99.000000,-1,0
68475,630586,5.200659,42149.633527,42149.754551,1, 0, 0, 1,-1.181707,-6.425793,-7.962923,-1,2
68475,630587,5.402933,42149.835801,42149.956825,0, 0, 0, 0,-99.000000,-99.000000,-99.000000,-1,1
68475,630588,5.454677,42149.887545,42150.008569,0, 0, 0, 0,-99.000000,-99.000000,-99.000000,-1,0
68475,630589,5.533717,42149.966585,42150.087609,1, 0, 0, 1,0.494571,8.094993,13.665830,-1,2
68475,630590,5.558772,42149.991639,42150.112664,0, 0, 0, 0,-99.000000,-99.000000,-99.000000,-1,1
68475,630591,5.569440,42150.002307,42150.123332,1, 0, 0, 1,-2.185416,5.962962,-6.768732,-1,2
68475,630592,5.716352,42150.149219,42150.270244,1, 0, 0, 1,-5.867379,1.154403,-12.589756,-1,2
68475,630593,5.992402,42150.425268,42150.546293,0, 0, 0, 0,-99.000000,-99.000000,-99.000000,-1,0
68475,630594,6.098709,42150.531575,42150.652601,1, 0, 0, 1,2.214811,-0.903558,-18.112650,-1,2
68475,630595,6.244713,42150.677579,42150.798604,1, 0, 0, 1,5.071197,2.833205,16.250011,-1,2
68475,630596,6.371587,42150.804452,42150.925478,1, 0, 0, 1,-3.040138,-1.801069,16.060466,-1,2
68475,630597,6.443028,42150.875893,42150.996919,1, 0, 0, 1,0.369163,-5.823108,6.945812,-1,2
68475,630598,6.457376,42150.890241,42151.011268,1, 0, 0, 1,3.393454,6.710353,-18.914724,-1,2
68475,630599,6.484735,42150.917601,42151.038627,1, 0, 0, 1,-2.857590,0.311295,-13.187796,-1,2
68475,630600,6.485642,42150.918507,42151.039533,1, 0, 0, 1,-1.597618,0.987646,3.276569,-1,2
68475,630601,6.533673,42150.966538,42151.087565,0, 0, 0, 0,-99.000000,-99.000000,-99.000000,-1,1
68475,630602,6.550931,42150.983796,42151.104823,0, 0, 0, 0,-99.000000,-99.000000,-99.000000,-1,1
68475,630603,6.684551,42151.117416,42151.238443,1, 0, 0, 1,-4.479044,-1.377855,12.054823,-1,2
68475,630604,6.690214,42151.123079,42151.244106,1, 0, 0, 1,4.758532,4.637123,11.644523,-1,2
68475,630605,6.723823,42151.156688,42151.277715,1, 0, 0, 1,3.733658,-4.523423,-8.926123,-1,2
68475,630606,6.798907,42151.231772,42151.352799,1, 0, 0, 1,-8.261234,8.314593,15.718084,-1,2
68475,630607,6.831272,42151.264137,42151.385164,1, 0, 0, 1,2.375442,-7.623421,-5.701260,-1,2
68475,630608,6.914092,42151.346956,42151.467983,1, 0, 0, 1,-1.726741,0.848417,10.834739,-1,2
68475,630609,6.948125,42151.380990,42151.502017,1, 0, 0, 1,6.665435,4.286346,7.852158,-1,2
68475,630610,6.983245,42151.416110,42151.537137,1, 0, 0, 1,5.592971,4.078300,6.723534,-1,2
68475,630611,7.014828,42151.447693,42151.568720,0, 0, 0, 0,-99.000000,-99.000000,-99.000000,-1,1
68475,630612,7.019348,42151.452212,42151.573240,1, 0, 0, 1,-0.564193,-0.229895,12.879886,-1,2
68475,630613,7.115316,42151.548180,42151.669208,0, 0, 0, 0,-99.000000,-99.000000,-99.000000,-1,1
68475,630614,7.382543,42151.815407,42151.936435,0, 0, 0, 0,-99.000000,-99.000000,-99.000000,-1,0
68475,630615,7.385178,42151.818042,42151.939070,1, 0, 0, 1,-5.785980,6.044366,-12.352925,-1,2
68475,630616,7.499771,42151.932635,42152.053663,0, 0, 0, 0,-99.000000,-99.000000,-99.000000,-1,1
68475,630617,7.517869,42151.950732,42152.071760,0, 0, 0, 0,-99.000000,-99.000000,-99.000000,-1,0
68475,630618,7.610183,42152.043046,42152.164075,1, 0, 0, 1,-6.843051,3.735009,-2.456991,-1,2
68475,630619,7.626510,42152.059373,42152.180401,1, 0, 0, 1,3.231197,1.377226,-4.307801,-1,2
68475,630620,7.667779,42152.100643,42152.221671,0, 0, 0, 0,-99.000000,-99.000000,-99.000000,-1,0
68475,630621,7.722619,42152.155482,42152.276511,0, 0, 0, 0,-99.000000,-99.000000,-99.000000,-1,1
68475,630622,7.765900,42152.198763,42152.319792,0, 0, 0, 0,-99.000000,-99.000000,-99.000000,-1,1
68475,630623,7.804614,42152.237477,42152.358506,0, 0, 0, 0,-99.000000,-99.000000,-99.000000,-1,0
68475,630624,7.838311,42152.271173,42152.392202,1, 0, 0, 1,0.535787,-12.033630,-12.430071,-1,2
68475,630625,7.982466,42152.415329,42152.536358,1, 0, 0, 1,-4.019577,-2.359194,0.399236,-1,2
68475,630626,7.982909,42152.415772,42152.536801,1, 0, 0, 1,-3.977877,5.452453,9.311764,-1,3
68475,630627,8.171550,42152.604412,42152.725441,1, 0, 0, 1,-4.320069,3.845323,-3.180681,-1,2
68475,631381,0.066094,42229.872326,42229.993508,0, 0, 0, 0,-99.000000,-99.000000,-99.000000,-1,0
68475,631382,0.306767,42230.112999,42230.234181,1, 0, 0, 1,3.278501,5.578399,-19.683196,-1,2
68475,631383,0.339942,42230.146174,42230.267355,1, 0, 0, 1,-2.784102,-0.852568,-19.548287,-1,2
68475,631384,0.395801,42230.202033,42230.323215,0, 0, 0, 0,-99.000000,-99.000000,-99.000000,-1,1
68475,631385,0.801141,42230.607372,42230.728555,1, 0, 0, 1,4.818413,4.309558,-11.731415,-1,2
68475,631386,1.192762,42230.998993,42231.120176,1, 0, 0, 1,-4.385165,4.639458,4.731886,-1,2
68475,631387,1.203628,42231.009858,42231.131042,1, 0, 0, 1,1.535177,-1.904263,-17.643074,-1,2
68475,631388,1.279521,42231.085751,42231.206935,1, 0, 0, 1,1.030682,-1.666638,-14.401193,-1,2
68475,631389,1.461170,42231.267400,42231.388584,0, 0, 0, 0,-99.000000,-99.000000,-99.000000,-1,0
68475,631390,1.607586,42231.413816,42231.535000,1, 0, 0, 1,-1.769154,-5.582068,19.433369,-1,2
68475,631391,1.618629,42231.424859,42231.546043,0, 0, 0, 0,-99.000000,-99.000000,-99.000000,-1,1
68475,631392,1.649844,42231.456073,42231.577258,1, 0, 0, 1,8.898002,-2.331837,-8.681351,-1,2
68475,631393,1.687651,42231.493880,42231.615065,0, 0, 0, 0,-99.000000,-99.000000,-99.000000,-1,1
68475,631394,1.724501,42231.530730,42231.651914,1, 0, 0, 1,-2.942290,-3.960916,-2.360393,-1,2
68475,631395,1.817982,42231.624211,42231.745396,0, 0, 0, 0,-99.000000,-99.000000,-99.000000,-1,1
68475,631396,2.079389,42231.885617,42232.006803,1, 0, 0, 1,-2.452765,-4.407157,-13.715264,-1,3
68475,631397,2.171307,42231.977536,42232.098721,0, 0, 0, 0,-99.000000,-99.000000,-99.000000,-1,1
68475,631398,2.540365,42232.346593,42232.467779,1, 0, 0, 1,-2.169747,2.821870,-14.002952,-1,2
68475,631399,2.656474,42232.462701,42232.583887,1, 0, 0, 1,-1.057900,-2.758203,20.765367,-1,2
68475,631400,2.706406,42232.512633,42232.633820,1, 0, 0, 1,0.710809,2.558729,-7.733194,-1,2
68475,631401,2.711794,42232.518021,42232.639207,0, 0, 0, 0,-99.000000,-99.000000,-99.000000,-1,1
68475,631402,2.760149,42232.566376,42232.687562,0, 0, 0, 0,-99.000000,-99.000000,-99.000000,-1,0
68475,631403,2.815823,42232.622050,42232.743237,1, 0, 0, 1,-0.305037,1.147056,-9.831940,-1,2
68475,631404,2.820352,42232.626579,42232.747766,1, 0, 0, 1,5.704897,3.689541,-18.324467,-1,2
68475,631405,2.896812,42232.703039,42232.824226,1, 0, 0, 1,1.726423,1.704648,-12.810063,-1,2
68475,631406,2.921975,42232.728202,42232.849389,0, 0, 0, 0,-99.000000,-99.000000,-99.000000,-1,1
68475,631407,3.368287,42233.174512,42233.295700,1, 0, 0, 1,-8.942641,0.216449,8.319290,-1,2
68475,631408,3.372977,42233.179203,42233.300390,1, 0, 0, 1,-7.811938,-0.363854,3.908010,-1,2
68475,631409,3.419428,42233.225654,42233.346842,1, 0, 0, 1,-1.655955,-1.868320,-13.545195,-1,2
68475,631410,3.439785,42233.246011,42233.367199,1, 0, 0, 1,7.591410,-5.629161,13.458345,-1,2
68475,631411,3.557665,42233.363890,42233.485079,1, 0, 0, 1,0.661854,10.404699,-9.206666,-1,2
68475,631412,3.735449,42233.541675,42233.662863,1, 0, 0, 1,-0.890992,0.686045,0.030638,-1,2
68475,631413,3.739347,42233.545573,42233.666761,0, 0, 0, 0,-99.000000,-99.000000,-99.000000,-1,1
68475,631414,3.792867,42233.599092,42233.720281,1, 0, 0, 1,-2.153370,5.006677,-11.715523,-1,2
68475,631415,4.001786,42233.808011,42233.929200,1, 0, 0, 1,5.491476,5.180548,-10.205377,-1,2
68475,631416,4.006657,42233.812882,42233.934071,1, 0, 0, 1,-2.167691,6.136837,-9.853756,-1,2
68475,631417,4.124911,42233.931136,42234.052325,1, 0, 0, 1,-3.485952,9.898275,-10.128811,-1,2
68475,631418,4.168221,42233.974445,42234.095635,1, 0, 0, 1,8.626711,0.180239,-18.629280,-1,2
68475,631419,4.193189,42233.999413,42234.120602,0, 0, 0, 0,-99.000000,-99.000000,-99.000000,-1,1
68475,631420,4.195530,42234.001754,42234.122943,0, 0, 0, 0,-99.000000,-99.000000,-99.000000,-1,1
68475,631421,4.245038,42234.051262,42234.172451,1, 0, 0, 1,7.112334,-0.352280,0.041538,-1,2
68475,631422,4.385348,42234.191572,42234.312762,1, 0, 0, 1,8.544383,4.171288,-12.719076,-1,2
68475,631423,4.460426,42234.266650,42234.387840,0, 0, 0, 0,-99.000000,-99.000000,-99.000000,-1,1
68475,631424,4.574264,42234.380488,42234.501678,1, 0, 0, 1,-6.821044,7.179363,12.676808,-1,2
68475,631425,4.608156,42234.414379,42234.535570,0, 0, 0, 0,-99.000000,-99.000000,-99.000000,-1,1
68475,631426,4.947055,42234.753277,42234.874468,1, 0, 0, 1,-6.788345,-2.425978,-7.438975,-1,2
68475,631427,4.953675,42234.759897,42234.881088,0, 0, 0, 0,-99.000000,-99.000000,-99.000000,-1,1
68475,631428,4.989566,42234.795789,42234.916980,1, 0, 0, 1,-0.302659,12.678060,13.558424,-1,2
68475,631429,5.303044,42235.109267,42235.230458,1, 0, 0, 1,7.127455,-0.919234,-16.834285,-1,2
68475,631430,5.328312,42235.134534,42235.255726,1, 0, 0, 1,1.313548,-6.247877,-4.545037,-1,2
68475,631431,5.369304,42235.175526,42235.296717,1, 0, 0, 1,-2.255345,-4.756557,12.636256,-1,2
68475,631432,5.422055,42235.228277,42235.349469,0, 0, 0, 0,-99.000000,-99.000000,-99.000000,-1,0
68475,631433,5.422216,42235.228438,42235.349630,0, 0, 0, 0,-99.000000,-99.000000,-99.000000,-1,0
68475,631434,5.446688,42235.252910,42235.374101,1, 0, 0, 1,-4.917404,2.887783,15.440681,-1,2
68475,631435,5.450055,42235.256277,42235.377469,0, 0, 0, 0,-99.000000,-99.000000,-99.000000,-1,0
68475,631436,5.453755,42235.259977,42235.381169,1, 0, 0, 1,5.557183,-0.831723,-9.842389,-1,2
68475,631437,5.464576,42235.270798,42235.391990,0, 0, 0, 0,-99.000000,-99.000000,-99.000000,-1,1
68475,631438,5.476561,42235.282783,42235.403975,1, 0, 0, 1,-1.998120,-3.173387,15.394948,-1,2
68475,631439,5.620717,42235.426939,42235.548131,1, 0, 0, 1,-8.779788,2.821894,-0.363958,-1,2
68475,631440,5.661562,42235.467783,42235.588976,1, 0, 0, 1,1.650713,2.324861,-15.687156,-1,2
68475,631441,5.696905,42235.503127,42235.624319,1, 0, 0, 1,5.163524,6.403409,16.801239,-1,2
68475,631442,5.734159,42235.540380,42235.661572,0, 0, 0, 0,-99.000000,-99.000000,-99.000000,-1,1
68475,631443,5.752262,42235.558484,42235.679676,1, 0, 0, 1,-1.862575,10.381270,-1.542729,-1,2
68475,631444,6.043523,42235.849744,42235.970937,1, 0, 0, 1,2.698150,-3.754245,-9.684849,-1,2
68475,631445,6.122181,42235.928402,42236.049595,0, 0, 0, 0,-99.000000,-99.000000,-99.000000,-1,0
68475,631446,6.172075,42235.978295,42236.099489,1, 0, 0, 1,3.265145,1.967427,17.890251,-1,2
68475,631447,6.522114,42236.328334,42236.449528,1, 0, 0, 1,8.093162,-5.925754,-7.113517,-1,2
68475,631448,6.535644,42236.341863,42236.463057,1, 0, 0, 1,-6.438112,-2.226152,16.944802,-1,2
68475,631449,6.655524,42236.461744,42236.582938,0, 0, 0, 0,-99.000000,-99.000000,-99.000000,-1,1
68475,631450,6.660630,42236.466850,42236.588044,1, 0, 0, 1,1.476636,2.425715,6.822739,-1,2
68475,631451,6.696919,42236.503138,42236.624333,0, 0, 0, 0,-99.000000,-99.000000,-99.000000,-1,1
68475,631452,6.729004,42236.535223,42236.656417,1, 0, 0, 1,-2.945348,-3.956525,-12.234739,-1,2
68475,631453,6.762225,42236.568445,42236.689639,0, 0, 0, 0,-99.000000,-99.000000,-99.000000,-1,1
68475,631454,6.898365,42236.704584,42236.825779,1, 0, 0, 1,-4.528444,1.194957,-1.110237,-1,2
68475,631455,6.942029,42236.748248,42236.869443,1, 0, 0, 1,-3.602057,-8.833662,13.785357,-1,2
68475,631456,7.024934,42236.831153,42236.952348,1, 0, 0, 1,-1.363994,-1.091595,14.567992,-1,2
68475,631457,7.026431,42236.832650,42236.953844,1, 0, 0, 1,3.054438,-7.061938,4.396040,-1,2
68475,631458,7.037665,42236.843884,42236.965079,1, 0, 0, 1,-0.485498,-3.715852,17.038197,-1,2
68475,631459,7.132784,42236.939003,42237.060198,1, 0, 0, 1,0.546387,1.505826,-13.004748,-1,2
68475,631460,7.138911,42236.945129,42237.066325,0, 0, 0, 0,-99.000000,-99.000000,-99.000000,-1,1
68475,631461,7.289227,42237.095445,42237.216641,0, 0, 0, 0,-99.000000,-99.000000,-99.000000,-1,0
68475,631462,7.330210,42237.136428,42237.257623,0, 0, 0, 0,-99.000000,-99.000000,-99.000000,-1,1
68475,631463,7.360725,42237.166944,42237.288139,0, 0, 0, 0,-99.000000,-99.000000,-99.000000,-1,1
68475,631464,7.386762,42237.192980,42237.314176,0, 0, 0, 0,-99.000000,-99.000000,-99.000000,-1,1
68475,631465,7.426912,42237.233130,42237.354325,0, 0, 0, 0,-99.000000,-99.000000,-99.000000,-1,0
68475,631466,7.603824,42237.410042,42237.531238,1, 0, 0, 1,0.038084,1.279228,-14.358651,-1,2
68475,631467,7.610221,42237.416438,42237.537634,0, 0, 0, 0,-99.000000,-99.000000,-99.000000,-1,1
68475,631468,7.649260,42237.455477,42237.576673,1, 0, 0, 1,-3.717671,4.817029,-11.324194,-1,2
68475,631469,7.685494,42237.491712,42237.612908,1, 0, 0, 1,-4.192966,-2.010554,2.447161,-1,2
68475,631470,7.813021,42237.619238,42237.740435,1, 0, 0, 1,4.985520,3.717043,-20.263367,-1,2
68475,631471,7.988996,42237.795213,42237.916410,1, 0, 0, 1,5.351839,3.238394,5.441161,-1,2
68475,631472,8.051997,42237.858214,42237.979411,1, 0, 0, 1,7.175084,-4.471355,-1.611250,-1,2
68475,631473,8.194726,42238.000942,42238.122140,1, 0, 0, 1,2.760292,0.679786,-9.429044,-1,2
68475,631474,8.233047,42238.039263,42238.160460,1, 0, 0, 1,-1.194424,0.066408,-8.531428,-1,2
68475,632200,0.018568,42315.150281,42315.271631,1, 0, 0, 1,6.320093,-1.951617,-9.181154,-1,2
68475,632201,0.148303,42315.280015,42315.401365,1, 0, 0, 1,6.557866,-7.854267,-17.217910,-1,3
68475,632202,0.158941,42315.290654,42315.412004,1, 0, 0, 1,0.865983,-2.098469,1.513251,-1,2
68475,632203,0.203041,42315.334753,42315.456103,0, 0, 0, 0,-99.000000,-99.000000,-99.000000,-1,0
68475,632204,0.345507,42315.477219,42315.598569,0, 0, 0, 0,-99.000000,-99.000000,-99.000000,-1,0
68475,632205,0.398827,42315.530539,42315.651890,0, 0, 0, 0,-99.000000,-99.000000,-99.000000,-1,0
68475,632206,0.414007,42315.545719,42315.667069,1, 0, 0, 1,0.339179,-0.859779,-11.296663,-1,2
68475,632207,0.605337,42315.737049,42315.858400,1, 0, 0, 1,8.596045,2.437053,-20.779243,-1,2
68475,632208,0.666484,42315.798196,42315.919547,0, 0, 0, 0,-99.000000,-99.000000,-99.000000,-1,1
68475,632209,0.690290,42315.822002,42315.943353,0, 0, 0, 0,-99.000000,-99.000000,-99.000000,-1,0
68475,632210,0.786191,42315.917903,42316.039254,1, 0, 0, 1,-7.928078,1.995178,15.190739,-1,2
68475,632211,0.826542,42315.958253,42316.079605,1, 0, 0, 1,-5.177151,-2.921435,-16.203075,-1,2
68475,632212,0.923351,42316.055062,42316.176414,1, 0, 0, 1,-1.767570,3.394015,-1.081603,-1,2
68475,632213,0.971550,42316.103261,42316.224613,1, 0, 0, 1,1.121458,-2.119474,6.691187,-1,2
68475,632214,1.033132,42316.164844,42316.286195,1, 0, 0, 1,-4.564836,-2.291551,12.561392,-1,2
68475,632215,1.121936,42316.253647,42316.374998,0, 0, 0, 0,-99.000000,-99.000000,-99.000000,-1,0
68475,632216,1.203861,42316.335572,42316.456924,1, 0, 0, 1,4.639565,-0.815503,11.363929,-1,2
68475,632217,1.252057,42316.383767,42316.505119,0, 0, 0, 0,-99.000000,-99.000000,-99.000000,-1,1
68475,632218,1.344276,42316.475986,42316.597339,0, 0, 0, 0,-99.000000,-99.000000,-99.000000,-1,1
68475,632219,1.346878,42316.478589,42316.599941,1, 0, 0, 1,-3.043268,-6.070146,-0.327283,-1,2
68475,632220,1.380738,42316.512448,42316.633800,1, 0, 0, 1,5.486577,8.583796,-17.641956,-1,2
68475,632221,1.565327,42316.697037,42316.818390,0, 0, 0, 0,-99.000000,-99.000000,-99.000000,-1,1
68475,632222,1.723528,42316.855238,42316.976591,1, 0, 0, 1,-3.201838,1.333811,15.571843,-1,2
68475,632223,1.886473,42317.018182,42317.139535,1, 0, 0, 1,1.347238,-7.077050,-11.404912,-1,2
68475,632224,1.896451,42317.028160,42317.149513,0, 0, 0, 0,-99.000000,-99.000000,-99.000000,-1,0
68475,632225,2.167208,42317.298917,42317.420271,1, 0, 0, 1,5.244660,-4.568109,19.750836,-1,2
68475,632226,2.270514,42317.402222,42317.523576,0, 0, 0, 0,-99.000000,-99.000000,-99.000000,-1,1
68475,632227,2.347901,42317.479610,42317.600964,1, 0, 0, 1,7.256597,-1.124636,3.997338,-1,2
68475,632228,2.472236,42317.603944,42317.725299,1, 0, 0, 1,7.423684,1.321315,8.441483,-1,2
68475,632229,2.598892,42317.730600,42317.851955,1, 0, 0, 1,-3.828304,-7.127143,-10.725675,-1,2
68475,632230,2.675775,42317.807483,42317.928837,0, 0, 0, 0,-99.000000,-99.000000,-99.000000,-1,1
68475,632231,2.742524,42317.874232,42317.995587,1, 0, 0, 1,15.879082,6.816235,0.799905,-1,2
68475,632232,2.786355,42317.918063,42318.039418,1, 0, 0, 1,-2.812482,9.107191,19.647361,-1,2
68475,632233,2.854190,42317.985897,42318.107252,1, 0, 0, 1,4.279765,-3.579218,16.201684,-1,2
68475,632234,2.958626,42318.090333,42318.211688,1, 0, 0, 1,2.409675,-3.024566,-6.206797,-1,2
68475,632235,2.991829,42318.123536,42318.244891,0, 0, 0, 0,-99.000000,-99.000000,-99.000000,-1,1
68475,632236,3.331778,42318.463484,42318.584840,1, 0, 0, 1,-7.777560,4.590418,-12.464593,-1,2
68475,632237,3.675549,42318.807255,42318.928611,0, 0, 0, 0,-99.000000,-99.000000,-99.000000,-1,0
68475,632238,3.852399,42318.984104,42319.105461,1, 0, 0, 1,1.884691,1.065396,6.456293,-1,2
68475,632239,3.863662,42318.995367,42319.116725,0, 0, 0, 0,-99.000000,-99.000000,-99.000000,-1,1
68475,632240,4.076736,42319.208441,42319.329798,0, 0, 0, 0,-99.000000,-99.000000,-99.000000,-1,1
68475,632241,4.080013,42319.211718,42319.333076,0, 0, 0, 0,-99.000000,-99.000000,-99.000000,-1,1
68475,632242,4.226901,42319.358606,42319.479964,1, 0, 0, 1,5.215054,-6.372408,-16.813136,-1,2
68475,632243,4.392965,42319.524669,42319.646027,1, 0, 0, 1,3.015308,-6.856128,-16.559731,-1,2
68475,632244,4.437384,42319.569088,42319.690446,0, 0, 0, 0,-99.000000,-99.000000,-99.000000,-1,1
68475,632245,4.739378,42319.871081,42319.992440,1, 0, 0, 1,-2.369859,3.725618,8.982771,-1,2
68475,632246,4.760557,42319.892261,42320.013620,0, 0, 0, 0,-99.000000,-99.000000,-99.000000,-1,1
68475,632247,5.048780,42320.180483,42320.301843,1, 0, 0, 1,1.617764,-1.455122,14.940198,-1,2
68475,632248,5.101908,42320.233611,42320.354970,0, 0, 0, 0,-99.000000,-99.000000,-99.000000,-1,1
68475,632249,5.154484,42320.286187,42320.407547,1, 0, 0, 1,0.159180,1.293947,-9.000432,-1,2
68475,632250,5.180911,42320.312613,42320.433973,0, 0, 0, 0,-99.000000,-99.000000,-99.000000,-1,1
68475,632251,5.244844,42320.376547,42320.497907,0, 0, 0, 0,-99.000000,-99.000000,-99.000000,-1,0
68475,632252,5.518008,42320.649710,42320.771070,1, 0, 0, 1,-6.775167,3.459807,-11.944629,-1,2
68475,632253,5.531073,42320.662775,42320.784136,1, 0, 0, 1,8.046408,-3.686185,16.600889,-1,2
68475,632254,5.893911,42321.025612,42321.146973,1, 0, 0, 1,1.317344,4.979167,-1.188224,-1,2
68475,632255,6.024409,42321.156110,42321.277472,0, 0, 0, 0,-99.000000,-99.000000,-99.000000,-1,1
68475,632256,6.186721,42321.318422,42321.439783,0, 0, 0, 0,-99.000000,-99.000000,-99.000000,-1,1
68475,632257,6.284121,42321.415822,42321.537184,0, 0, 0, 0,-99.000000,-99.000000,-99.000000,-1,0
68475,632258,6.292274,42321.423975,42321.545337,0, 0, 0, 0,-99.000000,-99.000000,-99.000000,-1,0
68475,632259,6.321891,42321.453592,42321.574954,1, 0, 0, 1,3.718174,4.416981,15.971077,-1,2
68475,632260,6.500406,42321.632106,42321.753469,1, 0, 0, 1,-8.167066,3.350333,20.397326,-1,2
68475,632261,6.527383,42321.659083,42321.780445,0, 0, 0, 0,-99.000000,-99.000000,-99.000000,-1,1
68475,632262,6.683443,42321.815143,42321.936506,1, 0, 0, 1,-1.481944,-7.020314,-18.069528,-1,2
68475,632263,6.822779,42321.954479,42322.075842,0, 0, 0, 0,-99.000000,-99.000000,-99.000000,-1,1
68475,632264,6.860241,42321.991940,42322.113303,1, 0, 0, 1,7.245643,6.247735,5.638513,-1,2
68475,632265,6.925986,42322.057686,42322.179049,0, 0, 0, 0,-99.000000,-99.000000,-99.000000,-1,1
68475,632266,6.959516,42322.091215,42322.212579,1, 0, 0, 1,-5.150417,2.613265,15.708747,-1,2
68475,632267,6.994164,42322.125863,42322.247226,1, 0, 0, 1,6.088632,5.264210,8.333761,-1,2
68475,632268,7.160397,42322.292096,42322.413460,0, 0, 0, 0,-99.000000,-99.000000,-99.000000,-1,1
68475,632269,7.510121,42322.641819,42322.763183,0, 0, 0, 0,-99.000000,-99.000000,-99.000000,-1,1
68475,632270,7.582949,42322.714647,42322.836011,1, 0, 0, 1,-0.047621,-0.652174,-12.085838,-1,2
68475,632271,7.656338,42322.788036,42322.909400,1, 0, 0, 1,-5.193724,-6.046323,9.575238,-1,3
68475,632272,7.739375,42322.871073,42322.992438,1, 0, 0, 1,3.982640,2.197978,-12.240445,-1,2
68475,632273,7.805522,42322.937219,42323.058584,0, 0, 0, 0,-99.000000,-99.000000,-99.000000,-1,0
68475,632274,7.933530,42323.065228,42323.186593,1, 0, 0, 1,5.789639,-5.648155,17.919630,-1,2
68475,632275,7.998154,42323.129852,42323.251217,1, 0, 0, 1,10.088369,-1.039972,-15.622957,-1,2
68475,632276,8.161947,42323.293644,42323.415010,0, 0, 0, 0,-99.000000,-99.000000,-99.000000,-1,0
68475,632277,8.290447,42323.422144,42323.543510,0, 0, 0, 0,-99.000000,-99.000000,-99.000000,-1,1
68475,632278,8.300679,42323.432375,42323.553741,1, 0, 0, 1,3.068082,-2.432969,2.464561,-1,2
68475,633049,0.136491,42400.659986,42400.781504,1, 0, 0, 1,8.292702,-4.115248,-6.005742,-1,2
68475,633050,0.151609,42400.675104,42400.796622,0, 0, 0, 0,-99.000000,-99.000000,-99.000000,-1,0
68475,633051,0.166184,42400.689679,42400.811196,1, 0, 0, 1,-0.571997,-0.265262,-14.464115,-1,2
68475,633052,0.196533,42400.720028,42400.841545,0, 0, 0, 0,-99.000000,-99.000000,-99.000000,-1,0
68475,633053,0.321257,42400.844752,42400.966270,0, 0, 0, 0,-99.000000,-99.000000,-99.000000,-1,0
68475,633054,0.327592,42400.851087,42400.972605,1, 0, 0, 1,1.936257,-0.776844,11.582345,-1,2
68475,633055,0.448571,42400.972065,42401.093583,1, 0, 0, 1,3.685800,6.809919,-7.504225,-1,2
68475,633056,0.486345,42401.009839,42401.131358,1, 0, 0, 1,-2.990188,6.733973,-14.172476,-1,2
68475,633057,0.486728,42401.010222,42401.131740,1, 0, 0, 1,1.399894,-0.246056,-20.663298,-1,2
68475,633058,0.968281,42401.491775,42401.613294,1, 0, 0, 1,-0.922610,-4.724336,-18.536839,-1,2
68475,633059,0.986456,42401.509949,42401.631469,0, 0, 0, 0,-99.000000,-99.000000,-99.000000,-1,1
68475,633060,1.025715,42401.549208,42401.670727,0, 0, 0, 0,-99.000000,-99.000000,-99.000000,-1,0
68475,633061,1.105315,42401.628807,42401.750327,1, 0, 0, 1,3.327971,-7.424642,19.657308,-1,2
68475,633062,1.187865,42401.711358,42401.832878,1, 0, 0, 1,4.273785,-2.850494,10.942962,-1,2
68475,633063,1.227800,42401.751292,42401.872812,0, 0, 0, 0,-99.000000,-99.000000,-99.000000,-1,1
68475,633064,1.308059,42401.831552,42401.953072,1, 0, 0, 1,-3.319413,-3.723847,13.967361,-1,2
68475,633065,1.310568,42401.834061,42401.955581,0, 0, 0, 0,-99.000000,-99.000000,-99.000000,-1,0
68475,633066,1.337737,42401.861229,42401.982749,0, 0, 0, 0,-99.000000,-99.000000,-99.000000,-1,0
68475,633067,1.357887,42401.881379,42402.002899,1, 0, 0, 1,5.733764,1.010208,6.734495,-1,2
68475,633068,1.406917,42401.930409,42402.051930,1, 0, 0, 1,-6.787997,-1.722694,-21.085378,-1,2
68475,633069,1.651730,42402.175222,42402.296743,1, 0, 0, 1,-5.229647,5.217435,-12.742418,-1,2
68475,633070,1.891945,42402.415436,42402.536957,1, 0, 0, 1,-0.849486,0.560937,-0.370030,-1,2
68475,633071,1.939750,42402.463241,42402.584762,1, 0, 0, 1,-7.344366,12.710497,-4.453766,-1,2
68475,633072,2.031376,42402.554867,42402.676388,0, 0, 0, 0,-99.000000,-99.000000,-99.000000,-1,1
68475,633073,2.038013,42402.561504,42402.683026,1, 0, 0, 1,7.176148,3.407339,0.635276,-1,2
68475,633074,2.324436,42402.847927,42402.969449,1, 0, 0, 1,5.345292,-3.938994,-12.132020,-1,2
68475,633075,2.474887,42402.998377,42403.119899,1, 0, 0, 1,-1.535934,-5.515165,14.542616,-1,2
68475,633076,2.786267,42403.309757,42403.431280,1, 0, 0, 1,-0.243747,4.891742,-15.100575,-1,2
68475,633077,2.869078,42403.392567,42403.514090,1, 0, 0, 1,-1.287671,1.181743,-3.281445,-1,2
68475,633078,2.923443,42403.446932,42403.568456,1, 0, 0, 1,0.733701,4.177121,-17.559394,-1,2
68475,633079,3.075351,42403.598840,42403.720364,0, 0, 0, 0,-99.000000,-99.000000,-99.000000,-1,1
68475,633080,3.199835,42403.723324,42403.844848,0, 0, 0, 0,-99.000000,-99.000000,-99.000000,-1,1
68475,633081,3.226434,42403.749922,42403.871446,0, 0, 0, 0,-99.000000,-99.000000,-99.000000,-1,0
68475,633082,3.248837,42403.772326,42403.893850,1, 0, 0, 1,-4.327012,-7.141081,15.364464,-1,2
68475,633083,3.252512,42403.776000,42403.897524,1, 0, 0, 1,-4.694518,-2.381063,-12.316828,-1,2
68475,633084,3.318192,42403.841681,42403.963205,1, 0, 0, 1,-4.038980,-2.424035,-4.766611,-1,2
68475,633085,3.363374,42403.886862,42404.008386,0, 0, 0, 0,-99.000000,-99.000000,-99.000000,-1,1
68475,633086,3.422998,42403.946486,42404.068010,0, 0, 0, 0,-99.000000,-99.000000,-99.000000,-1,0
68475,633087,3.469992,42403.993480,42404.115004,1, 0, 0, 1,1.767626,3.179750,-12.433176,-1,2
68475,633088,3.476698,42404.000186,42404.121711,0, 0, 0, 0,-99.000000,-99.000000,-99.000000,-1,0
68475,633089,3.651119,42404.174607,42404.296132,1, 0, 0, 1,0.587355,-1.392109,1.150813,-1,2
68475,633090,4.077721,42404.601208,42404.722733,0, 0, 0, 0,-99.000000,-99.000000,-99.000000,-1,1
68475,633091,4.182892,42404.706379,42404.827905,0, 0, 0, 0,-99.000000,-99.000000,-99.000000,-1,0
68475,633092,4.303092,42404.826579,42404.948105,0, 0, 0, 0,-99.000000,-99.000000,-99.000000,-1,1
68475,633093,4.509988,42405.033474,42405.155001,0, 0, 0, 0,-99.000000,-99.000000,-99.000000,-1,0
68475,633094,4.585888,42405.109374,42405.230901,1, 0, 0, 1,-0.454923,5.432894,5.378312,-1,2
68475,633095,4.656385,42405.179871,42405.301398,0, 0, 0, 0,-99.000000,-99.000000,-99.000000,-1,1
68475,633096,4.704418,42405.227903,42405.349430,1, 0, 0, 1,-3.421251,3.124881,-5.568089,-1,2
68475,633097,4.803640,42405.327126,42405.448653,1, 0, 0, 1,-7.943147,0.110900,0.683110,-1,2
68475,633098,4.907426,42405.430911,42405.552438,0, 0, 0, 0,-99.000000,-99.000000,-99.000000,-1,1
68475,633099,5.436684,42405.960168,42406.081697,1, 0, 0, 1,2.725355,6.390706,13.533764,-1,2
68475,633100,5.442376,42405.965861,42406.087389,1, 0, 0, 1,4.534479,-1.484546,-7.684515,-1,2
68475,633101,5.561005,42406.084489,42406.206017,1, 0, 0, 1,4.594007,4.662856,10.644734,-1,2
68475,633102,5.580956,42406.104440,42406.225969,1, 0, 0, 1,4.283682,-3.645958,17.447980,-1,2
68475,633103,5.644416,42406.167900,42406.289428,0, 0, 0, 0,-99.000000,-99.000000,-99.000000,-1,1
68475,633104,5.737779,42406.261262,42406.382791,1, 0, 0, 1,2.022510,-0.227685,3.452107,-1,2
68475,633105,5.743716,42406.267200,42406.388729,0, 0, 0, 0,-99.000000,-99.000000,-99.000000,-1,1
68475,633106,5.966961,42406.490444,42406.611974,0, 0, 0, 0,-99.000000,-99.000000,-99.000000,-1,1
68475,633107,6.030066,42406.553550,42406.675079,1, 0, 0, 1,0.012388,4.604787,-11.784633,-1,2
68475,633108,6.133086,42406.656569,42406.778099,1, 0, 0, 1,7.855323,-7.847054,10.722548,-1,2
68475,633109,6.143546,42406.667029,42406.788559,1, 0, 0, 1,-1.347494,0.264564,-10.819746,-1,2
68475,633110,6.154272,42406.677755,42406.799285,1, 0, 0, 1,5.623047,0.990150,2.512928,-1,2
68475,633111,6.189807,42406.713290,42406.834820,1, 0, 0, 1,-1.409699,7.160659,-13.915066,-1,2
68475,633112,6.400050,42406.923532,42407.045062,1, 0, 0, 1,7.473534,2.869638,-2.993426,-1,2
68475,633113,6.512047,42407.035529,42407.157060,0, 0, 0, 0,-99.000000,-99.000000,-99.000000,-1,1
68475,633114,6.696248,42407.219730,42407.341261,0, 0, 0, 0,-99.000000,-99.000000,-99.000000,-1,1
68475,633115,6.833593,42407.357075,42407.478606,0, 0, 0, 0,-99.000000,-99.000000,-99.000000,-1,0
68475,633116,7.048585,42407.572066,42407.693597,0, 0, 0, 0,-99.000000,-99.000000,-99.000000,-1,1
68475,633117,7.116605,42407.640086,42407.761617,0, 0, 0, 0,-99.000000,-99.000000,-99.000000,-1,1
68475,633118,7.427275,42407.950756,42408.072288,0, 0, 0, 0,-99.000000,-99.000000,-99.000000,-1,1
68475,633119,7.499680,42408.023161,42408.144693,1, 0, 0, 1,-6.412456,0.333436,-4.411339,-1,2
68475,633120,7.507932,42408.031413,42408.152945,1, 0, 0, 1,2.941255,6.420584,9.071049,-1,2
68475,633121,7.549225,42408.072705,42408.194238,1, 1, 0, 1,0.429569,-3.022311,-5.281077,-1,8
68475,633122,7.576414,42408.099894,42408.221426,1, 0, 0, 1,-3.551494,-0.710495,0.340390,-1,2
68475,633123,7.618325,42408.141805,42408.263337,0, 0, 0, 0,-99.000000,-99.000000,-99.000000,-1,1
68475,633124,7.863821,42408.387300,42408.508833,1, 0, 0, 1,-5.449730,-3.075547,7.963742,-1,2
68475,633125,7.873137,42408.396616,42408.518149,1, 0, 0, 1,5.970236,1.419559,-14.115153,-1,2
68475,633126,7.909242,42408.432722,42408.554255,1, 0, 0, 1,-2.852415,8.111925,17.852748,-1,2
68475,633127,8.095535,42408.619014,42408.740547,1, 0, 0, 1,-2.700997,-9.346272,20.986957,-1,2
68475,633128,8.129414,42408.652893,42408.774426,0, 0, 0, 0,-99.000000,-99.000000,-99.000000,-1,0
68475,633129,8.176922,42408.700401,42408.821934,0, 0, 0, 0,-99.000000,-99.000000,-99.000000,-1,1
68475,633130,8.203765,42408.727244,42408.848777,1, 0, 0, 1,-5.261175,-3.114670,-11.312986,-1,2
68475,633131,8.258873,42408.782351,42408.903885,1, 0, 0, 1,-0.016823,2.080265,0.051302,-1,2
68475,633891,0.087086,42485.952962,42486.074648,1, 0, 0, 1,-7.131033,-2.077665,22.791177,-1,2
68475,633892,0.110959,42485.976835,42486.098521,0, 0, 0, 0,-99.000000,-99.000000,-99.000000,-1,1
68475,633893,0.158076,42486.023952,42486.145638,1, 0, 0, 1,-2.294794,-3.022073,-11.971646,-1,2
68475,633894,0.250289,42486.116165,42486.237852,0, 0, 0, 0,-99.000000,-99.000000,-99.000000,-1,0
68475,633895,0.297500,42486.163376,42486.285062,0, 0, 0, 0,-99.000000,-99.000000,-99.000000,-1,1
68475,633896,0.525861,42486.391736,42486.513423,0, 0, 0, 0,-99.000000,-99.000000,-99.000000,-1,0
68475,633897,0.526980,42486.392856,42486.514542,1, 0, 0, 1,-6.950350,-0.901175,11.228984,-1,2
68475,633898,0.625890,42486.491765,42486.613452,0, 0, 0, 0,-99.000000,-99.000000,-99.000000,-1,0
68475,633899,0.653070,42486.518945,42486.640632,0, 0, 0, 0,-99.000000,-99.000000,-99.000000,-1,0
68475,633900,0.864916,42486.730791,42486.852479,0, 0, 0, 0,-99.000000,-99.000000,-99.000000,-1,1
68475,633901,0.989283,42486.855158,42486.976845,1, 0, 0, 1,5.101696,-1.979784,0.475186,-1,2
68475,633902,1.067186,42486.933060,42487.054748,0, 0, 0, 0,-99.000000,-99.000000,-99.000000,-1,1
68475,633903,1.139361,42487.005235,42487.126923,1, 0, 0, 1,-2.687111,-6.340553,20.741067,-1,2
68475,633904,1.166715,42487.032589,42487.154277,1, 0, 0, 1,-2.666059,-1.256748,-5.262636,-1,2
68475,633905,1.227125,42487.093000,42487.214688,0, 0, 0, 0,-99.000000,-99.000000,-99.000000,-1,1
68475,633906,1.231802,42487.097676,42487.219364,1, 0, 0, 1,-5.107528,-5.891307,8.371271,-1,2
68475,633907,1.270946,42487.136820,42487.258508,0, 0, 0, 0,-99.000000,-99.000000,-99.000000,-1,1
68475,633908,1.317188,42487.183063,42487.304751,1, 0, 0, 1,1.078366,1.692739,-12.557105,-1,2
68475,633909,1.611990,42487.477864,42487.599553,0, 0, 0, 0,-99.000000,-99.000000,-99.000000,-1,1
68475,633910,1.766991,42487.632864,42487.754553,1, 0, 0, 1,6.144260,-2.190059,12.520022,-1,2
68475,633911,1.885912,42487.751785,42487.873474,1, 0, 0, 1,-2.284008,0.757470,14.041483,-1,2
68475,633912,1.919545,42487.785418,42487.907107,1, 0, 0, 1,5.772305,0.811304,-17.636492,-1,2
68475,633913,2.144384,42488.010256,42488.131946,0, 0, 0, 0,-99.000000,-99.000000,-99.000000,-1,1
68475,633914,2.535468,42488.401339,42488.523030,1, 0, 0, 1,4.963088,-1.217957,15.697312,-1,2
68475,633915,2.629304,42488.495175,42488.616866,1, 0, 0, 1,0.337097,-0.701802,-12.674994,-1,2
68475,633916,2.822062,42488.687933,42488.809624,1, 0, 0, 1,0.932657,4.163347,-17.911275,-1,2
68475,633917,2.992036,42488.857906,42488.979598,1, 0, 0, 1,-2.643597,5.097998,-7.504271,-1,2
68475,633918,3.108766,42488.974636,42489.096328,1, 0, 0, 1,3.221937,-13.515183,5.401552,-1,2
68475,633919,3.169214,42489.035084,42489.156776,1, 0, 0, 1,-4.227469,-3.282315,-5.927815,-1,2
68475,633920,3.371820,42489.237690,42489.359383,1, 0, 0, 1,2.877295,-5.657248,-4.657447,-1,2
68475,633921,3.517558,42489.383427,42489.505120,0, 0, 0, 0,-99.000000,-99.000000,-99.000000,-1,1
68475,633922,3.545573,42489.411443,42489.533136,1, 0, 0, 1,2.222350,-6.298068,21.740967,-1,2
68475,633923,3.546577,42489.412447,42489.534140,1, 0, 0, 1,5.982178,-11.717312,5.343761,-1,2
68475,633924,3.588065,42489.453935,42489.575628,0, 0, 0, 0,-99.000000,-99.000000,-99.000000,-1,1
68475,633925,3.616254,42489.482124,42489.603817,0, 0, 0, 0,-99.000000,-99.000000,-99.000000,-1,1
68475,633926,3.618705,42489.484574,42489.606267,0, 0, 0, 0,-99.000000,-99.000000,-99.000000,-1,1
68475,633927,3.736540,42489.602409,42489.724102,1, 0, 0, 1,9.257975,-1.936811,12.818161,-1,2
68475,633928,3.825182,42489.691051,42489.812744,1, 0, 0, 1,2.433198,-5.088197,12.737356,-1,2
68475,633929,4.082826,42489.948695,42490.070389,1, 0, 0, 1,-8.488089,-2.680689,16.794103,-1,2
68475,633930,4.086404,42489.952273,42490.073966,1, 0, 0, 1,1.774979,-1.552888,-12.877708,-1,2
68475,633931,4.283978,42490.149847,42490.271541,1, 0, 0, 1,-4.251080,-1.751221,-9.014944,-1,2
68475,633932,4.348804,42490.214672,42490.336366,1, 0, 0, 1,5.409777,4.630130,7.448122,-1,2
68475,633933,4.549227,42490.415095,42490.536790,0, 0, 0, 0,-99.000000,-99.000000,-99.000000,-1,0
68475,633934,4.564013,42490.429881,42490.551576,1, 0, 0, 1,-7.154480,4.383343,1.623697,-1,2
68475,633935,4.594924,42490.460792,42490.582487,1, 0, 0, 1,-5.910628,2.739400,-2.182208,-1,2
68475,633936,4.730966,42490.596834,42490.718529,1, 0, 0, 1,-1.487326,-5.644814,-10.808992,-1,2
68475,633937,4.985507,42490.851374,42490.973069,1, 0, 0, 1,-7.193210,4.380768,-7.256591,-1,7
68475,633938,5.117363,42490.983230,42491.104926,0, 0, 0, 0,-99.000000,-99.000000,-99.000000,-1,1
68475,633939,5.155349,42491.021215,42491.142911,1, 0, 0, 1,0.251462,3.009826,10.575960,-1,2
68475,633940,5.307511,42491.173377,42491.295073,0, 0, 0, 0,-99.000000,-99.000000,-99.000000,-1,1
68475,633941,5.510148,42491.376014,42491.497710,0, 0, 0, 0,-99.000000,-99.000000,-99.000000,-1,1
68475,633942,5.592311,42491.458177,42491.579873,1, 0, 0, 1,-2.269685,-1.696493,-10.448939,-1,2
68475,633943,5.601948,42491.467814,42491.589511,0, 0, 0, 0,-99.000000,-99.000000,-99.000000,-1,1
68475,633944,5.664359,42491.530224,42491.651921,1, 0, 0, 1,3.259980,4.942379,18.479251,-1,2
68475,633945,5.776664,42491.642529,42491.764226,1, 0, 0, 1,7.253270,-3.490816,13.938090,-1,3
68475,633946,5.818001,42491.683866,42491.805563,1, 0, 0, 1,-3.072404,2.794363,17.218172,-1,2
68475,633947,6.085052,42491.950916,42492.072614,1, 0, 0, 1,0.090435,-1.111572,-0.255721,-1,2
68475,633948,6.105270,42491.971134,42492.092832,1, 0, 0, 1,0.759858,-3.518633,17.121169,-1,2
68475,633949,6.117751,42491.983615,42492.105313,0, 0, 0, 0,-99.000000,-99.000000,-99.000000,-1,0
68475,633950,6.201344,42492.067209,42492.188906,0, 0, 0, 0,-99.000000,-99.000000,-99.000000,-1,0
68475,633951,6.251653,42492.117517,42492.239215,0, 0, 0, 0,-99.000000,-99.000000,-99.000000,-1,1
68475,633952,6.471194,42492.337058,42492.458756,1, 0, 0, 1,-2.737828,-0.587761,-2.760215,-1,2
68475,633953,6.695917,42492.561780,42492.683479,0, 0, 0, 0,-99.000000,-99.000000,-99.000000,-1,0
68475,633954,6.913643,42492.779506,42492.901205,0, 0, 0, 0,-99.000000,-99.000000,-99.000000,-1,0
68475,633955,6.982326,42492.848189,42492.969889,0, 0, 0, 0,-99.000000,-99.000000,-99.000000,-1,0
68475,633956,7.133861,42492.999723,42493.121423,0, 0, 0, 0,-99.000000,-99.000000,-99.000000,-1,0
68475,633957,7.274909,42493.140772,42493.262472,0, 0, 0, 0,-99.000000,-99.000000,-99.000000,-1,0
68475,633958,7.291736,42493.157598,42493.279298,1, 0, 0, 1,-3.795911,-6.186973,3.845325,-1,2
68475,633959,7.318251,42493.184113,42493.305813,1, 0, 0, 1,4.616950,2.399793,-6.703942,-1,2
68475,633960,7.340885,42493.206747,42493.328447,0, 0, 0, 0,-99.000000,-99.000000,-99.000000,-1,1
68475,633961,7.452567,42493.318429,42493.440130,1, 0, 0, 1,3.348028,-6.410560,-5.873190,-1,2
68475,633962,7.820631,42493.686493,42493.808194,1, 0, 0, 1,-0.057734,4.803199,8.304772,-1,2
68475,633963,7.876614,42493.742475,42493.864176,1, 0, 0, 1,3.039984,3.001855,-12.243036,-1,2
68475,633964,7.898689,42493.764550,42493.886251,1, 0, 0, 1,-5.017621,0.656277,-15.294291,-1,2
68475,633965,7.899427,42493.765288,42493.886989,0, 0, 0, 0,-99.000000,-99.000000,-99.000000,-1,1
68475,633966,7.941171,42493.807032,42493.928733,1, 0, 0, 1,3.907491,-5.283463,8.123413,-1,2
68475,633967,7.991002,42493.856863,42493.978565,1, 0, 0, 1,3.767557,-3.834864,20.297179,-1,2
68475,633968,8.134493,42494.000353,42494.122055,1, 0, 0, 1,-6.407797,-0.803115,-8.801624,-1,2
68475,633969,8.200168,42494.066029,42494.187731,1, 0, 0, 1,2.008059,9.980339,-8.834483,-1,2
